3500.448486328126	   2.4469442e-16
3502.736212968827	   1.9248372e-16
3505.0239396095285	    2.736549e-16
3507.31166625023	   3.3046953e-16
3509.599392890931	   2.3072775e-16
3511.8871195316324	   2.0007415e-16
3514.1748461723337	   3.4883983e-16
3516.462572813035	   2.7268275e-16
3518.7502994537363	   1.7987105e-16
3521.0380260944376	   2.5887196e-16
3523.325752735139	   3.7569416e-16
3525.61347937584	    2.489523e-16
3527.9012060165414	   2.7761677e-16
3530.1889326572427	   2.5453216e-16
3532.476659297944	   2.8023447e-16
3534.7643859386453	   4.1579654e-16
3537.0521125793466	   3.9190698e-16
3539.339839220048	   3.3395693e-16
3541.627565860749	   3.9983052e-16
3543.9152925014505	    4.026731e-16
3546.203019142152	   3.8726675e-16
3548.490745782853	    3.454894e-16
3550.7784724235544	    3.543465e-16
3553.0661990642557	   4.1763915e-16
3555.353925704957	     4.79937e-16
3557.6416523456583	    4.391326e-16
3559.9293789863596	    4.660383e-16
3562.217105627061	     3.81165e-16
3564.504832267762	    5.397622e-16
3566.7925589084634	    5.178105e-16
3569.0802855491647	   5.6627324e-16
3571.368012189866	   4.1358612e-16
3573.6557388305673	   4.4391483e-16
3575.9434654712686	   4.0914005e-16
3578.23119211197	   3.8081347e-16
3580.518918752671	   2.5102568e-16
3582.8066453933725	    4.640856e-16
3585.094372034074	    5.044192e-16
3587.382098674775	    4.713144e-16
3589.6698253154764	   4.7820246e-16
3591.9575519561777	   3.8854873e-16
3594.245278596879	   4.9648016e-16
3596.5330052375803	   4.0019077e-16
3598.8207318782815	   4.2331962e-16
3601.108458518983	   4.1696576e-16
3603.396185159684	   4.8171076e-16
3605.6839118003854	   4.1106075e-16
3607.9716384410867	    5.065386e-16
3610.259365081788	     4.48153e-16
3612.5470917224893	    5.728624e-16
3614.8348183631906	   4.2397144e-16
3617.122545003892	     3.78057e-16
3619.410271644593	    5.383106e-16
3621.6979982852945	    5.250908e-16
3623.985724925996	   3.3892245e-16
3626.273451566697	   2.9925063e-16
3628.5611782073984	   3.6979608e-16
3630.8489048480997	     4.82612e-16
3633.136631488801	   4.3223628e-16
3635.4243581295023	   3.7473455e-16
3637.7120847702035	    4.014197e-16
3639.999811410905	    3.659378e-16
3642.287538051606	   3.5080942e-16
3644.5752646923074	   3.5407195e-16
3646.8629913330087	   4.4068835e-16
3649.15071797371	   3.7113085e-16
3651.4384446144113	   3.8236579e-16
3653.7261712551126	    3.568149e-16
3656.013897895814	   4.1888474e-16
3658.301624536515	   4.0520447e-16
3660.5893511772165	   4.2618386e-16
3662.877077817918	    4.397363e-16
3665.164804458619	   4.5162267e-16
3667.4525310993204	   4.0551604e-16
3669.7402577400217	   3.9138923e-16
3672.027984380723	   4.3091269e-16
3674.3157110214242	   4.3884637e-16
3676.6034376621255	   3.4866724e-16
3678.891164302827	   3.6867956e-16
3681.178890943528	   4.6890585e-16
3683.4666175842294	    5.411869e-16
3685.7543442249307	    4.241495e-16
3688.042070865632	    4.905091e-16
3690.3297975063333	   5.2767347e-16
3692.6175241470346	   6.4429064e-16
3694.905250787736	   6.9779315e-16
3697.192977428437	    5.992439e-16
3699.4807040691385	   5.3920757e-16
3701.7684307098393	   5.4139027e-16
3704.0561573505406	   5.6528994e-16
3706.343883991242	   6.2574824e-16
3708.631610631943	    6.058091e-16
3710.9193372726445	    6.450398e-16
3713.207063913346	   5.8291833e-16
3715.494790554047	   6.8931393e-16
3717.7825171947484	    5.822586e-16
3720.0702438354497	    6.451446e-16
3722.357970476151	   7.1520333e-16
3724.6456971168523	    6.656785e-16
3726.9334237575536	     6.15808e-16
3729.221150398255	   6.6055605e-16
3731.508877038956	   6.4603965e-16
3733.7966036796574	   6.1873353e-16
3736.0843303203587	     5.98949e-16
3738.37205696106	   5.5413277e-16
3740.6597836017613	   5.4749415e-16
3742.9475102424626	     5.62375e-16
3745.235236883164	    5.526213e-16
3747.522963523865	    5.441098e-16
3749.8106901645665	   4.6081493e-16
3752.098416805268	    4.183909e-16
3754.386143445969	   4.9295825e-16
3756.6738700866704	    5.613279e-16
3758.9615967273717	   5.7610184e-16
3761.249323368073	    5.095393e-16
3763.5370500087743	    5.015407e-16
3765.8247766494756	   4.9649556e-16
3768.112503290177	    4.772517e-16
3770.400229930878	   5.8720257e-16
3772.6879565715794	    4.968069e-16
3774.9756832122807	   5.7934936e-16
3777.263409852982	    6.143753e-16
3779.5511364936833	    4.970552e-16
3781.8388631343846	   4.0096872e-16
3784.126589775086	    3.985332e-16
3786.414316415787	     4.11337e-16
3788.7020430564885	   3.8818093e-16
3790.98976969719	   3.6640184e-16
3793.277496337891	    4.315272e-16
3795.5652229785924	    3.898309e-16
3797.8529496192937	   4.3884986e-16
3800.140676259995	   4.3862754e-16
3802.4284029006963	    3.842353e-16
3804.7161295413975	   3.6644795e-16
3807.003856182099	   3.6358275e-16
 3809.2915828228	   3.9321114e-16
3811.5793094635014	   3.9376738e-16
3813.8670361042027	   3.6895037e-16
3816.154762744904	   2.9787181e-16
3818.4424893856053	   3.9381608e-16
3820.7302160263066	   3.4804507e-16
3823.017942667008	   2.9525612e-16
3825.305669307709	   1.9942685e-16
3827.5933959484105	   2.0346404e-16
3829.881122589112	   3.0424492e-16
3832.168849229813	   2.7074167e-16
3834.4565758705144	   1.3139772e-16
3836.7443025112157	   2.5803874e-16
3839.032029151917	    2.940808e-16
3841.3197557926183	   2.7301174e-16
3843.6074824333195	   2.3528312e-16
3845.895209074021	   2.7759498e-16
3848.182935714722	    2.319817e-16
3850.4706623554234	    2.896509e-16
3852.7583889961247	   2.2865252e-16
3855.046115636826	   2.9040805e-16
3857.3338422775273	   3.0210767e-16
3859.6215689182286	   2.9076733e-16
3861.90929555893	   3.4775996e-16
3864.197022199631	   3.9653493e-16
3866.4847488403325	    4.308641e-16
3868.772475481034	   4.9381105e-16
3871.060202121735	   4.4506144e-16
3873.3479287624364	    3.705209e-16
3875.6356554031377	    5.151285e-16
3877.923382043839	   5.2843506e-16
3880.2111086845402	   5.6543076e-16
3882.4988353252415	   3.8785617e-16
3884.786561965943	   5.0940556e-16
3887.074288606644	     5.66963e-16
3889.3620152473454	    6.247121e-16
3891.6497418880467	     6.35546e-16
3893.937468528748	   5.4397515e-16
3896.2251951694493	    6.121008e-16
3898.5129218101506	    6.830952e-16
3900.800648450852	    6.821998e-16
3903.088375091553	    6.784342e-16
3905.3761017322545	   7.3944875e-16
3907.663828372956	    6.900102e-16
3909.951555013657	    6.745313e-16
3912.2392816543584	    7.525139e-16
3914.527008295059	   7.3654226e-16
3916.8147349357605	    7.626312e-16
3919.102461576462	    8.229236e-16
3921.390188217163	    8.302618e-16
3923.6779148578644	   7.3907447e-16
3925.9656414985657	    6.772406e-16
3928.253368139267	    7.750416e-16
3930.5410947799683	    8.088235e-16
3932.8288214206696	    8.475618e-16
3935.116548061371	    9.435165e-16
3937.404274702072	    9.830098e-16
3939.6920013427734	   8.4866693e-16
3941.9797279834747	    9.160505e-16
3944.267454624176	    8.321474e-16
3946.5551812648773	   8.6563946e-16
3948.8429079055786	   8.6546507e-16
3951.13063454628	    9.061227e-16
3953.418361186981	    9.661357e-16
3955.7060878276825	    9.739693e-16
3957.993814468384	    1.024407e-15
3960.281541109085	    9.663236e-16
3962.5692677497864	    9.276128e-16
3964.8569943904877	    9.345078e-16
3967.144721031189	   1.0627993e-15
3969.4324476718903	   1.0858234e-15
3971.7201743125916	   1.0611412e-15
3974.007900953293	   1.0463343e-15
3976.295627593994	   1.0105088e-15
3978.5833542346954	   1.0353231e-15
3980.8710808753967	   1.0653296e-15
3983.158807516098	     1.15403e-15
3985.4465341567993	   1.2059305e-15
3987.7342607975006	    1.108463e-15
3990.021987438202	   1.1291069e-15
3992.309714078903	   1.1029717e-15
3994.5974407196045	   1.0723158e-15
3996.885167360306	   1.0876279e-15
3999.172894001007	   1.1266582e-15
4001.4606206417084	   1.0249517e-15
4003.7483472824097	   1.0349418e-15
4006.036073923111	   1.0679103e-15
4008.3238005638123	   1.1694907e-15
4010.6115272045135	   1.1577888e-15
4012.899253845215	    1.037607e-15
4015.186980485916	   1.1991269e-15
4017.4747071266174	   1.0757754e-15
4019.7624337673187	   1.0436205e-15
4022.05016040802	     9.85512e-16
4024.3378870487213	    8.745818e-16
4026.6256136894226	   8.4701373e-16
4028.913340330124	   1.0302766e-15
4031.201066970825	   1.0799321e-15
4033.4887936115265	    9.468352e-16
4035.776520252228	    9.085083e-16
4038.064246892929	   1.0214279e-15
4040.3519735336304	   1.0261579e-15
4042.6397001743317	    9.685171e-16
4044.927426815033	   8.7277523e-16
4047.2151534557343	    7.619499e-16
4049.5028800964355	    7.998051e-16
4051.790606737137	   8.6778377e-16
4054.078333377838	   8.0745353e-16
4056.3660600185394	   7.1548333e-16
4058.6537866592407	   7.3574277e-16
4060.941513299942	   7.2026123e-16
4063.2292399406433	   7.7391616e-16
4065.5169665813446	    7.199017e-16
4067.804693222046	   6.9819375e-16
4070.092419862747	    7.048343e-16
4072.3801465034485	    6.651284e-16
4074.66787314415	   6.8909407e-16
4076.955599784851	   7.1356824e-16
4079.2433264255524	    7.335058e-16
4081.5310530662537	    6.289491e-16
4083.818779706955	    6.319779e-16
4086.1065063476562	   7.1440506e-16
4088.3942329883575	    7.575917e-16
4090.681959629059	   7.4069373e-16
4092.96968626976	    6.627231e-16
4095.2574129104614	    6.580891e-16
4097.545139551163	   6.6334686e-16
4099.832866191864	    6.600954e-16
4102.120592832565	   7.6616507e-16
4104.408319473267	    6.797561e-16
4106.696046113968	    6.496946e-16
4108.983772754669	    5.968335e-16
4111.2714993953705	    6.711307e-16
4113.559226036072	    6.119418e-16
4115.846952676773	   5.9199794e-16
4118.134679317474	   6.1276703e-16
4120.422405958176	    5.610885e-16
4122.710132598877	   5.6290374e-16
4124.997859239578	    6.234051e-16
4127.2855858802795	    5.674726e-16
4129.573312520981	   5.9634386e-16
4131.861039161682	   5.8128255e-16
4134.148765802383	    6.429457e-16
4136.436492443085	   5.9537824e-16
4138.724219083786	   5.8381836e-16
4141.011945724487	   5.5279387e-16
4143.299672365189	    5.202474e-16
4145.58739900589	   5.8815866e-16
4147.875125646591	    6.414348e-16
4150.1628522872925	    6.469972e-16
4152.450578927994	     5.32621e-16
4154.738305568695	    6.146329e-16
4157.026032209396	   5.8767564e-16
4159.313758850098	    6.049583e-16
4161.601485490799	   5.2852283e-16
 4163.8892121315	     5.80929e-16
4166.1769387722015	   5.1927895e-16
4168.464665412903	    4.713154e-16
4170.752392053604	    5.453447e-16
4173.040118694305	    4.698102e-16
4175.327845335007	   5.4896867e-16
4177.615571975708	   5.6580604e-16
4179.903298616409	   5.5404933e-16
4182.191025257111	   5.9219483e-16
4184.478751897812	    5.628552e-16
4186.766478538513	   5.2052943e-16
4189.0542051792145	   5.5164334e-16
4191.341931819916	    6.036249e-16
4193.629658460617	   5.3603384e-16
4195.917385101318	    5.062651e-16
4198.20511174202	   5.5511135e-16
4200.492838382721	   5.6187036e-16
4202.780565023422	    5.861204e-16
4205.0682916641235	   5.5571614e-16
4207.356018304825	    5.804229e-16
4209.643744945526	    6.329869e-16
4211.931471586227	    6.624597e-16
4214.219198226929	    6.399476e-16
4216.50692486763	   7.3906753e-16
4218.794651508331	    7.030397e-16
4221.082378149033	    6.860743e-16
4223.370104789734	    6.663402e-16
4225.657831430435	     7.13314e-16
4227.9455580711365	   6.7240006e-16
4230.233284711838	   6.3986573e-16
4232.521011352539	     6.94048e-16
4234.80873799324	    6.112168e-16
4237.096464633942	    5.934949e-16
4239.384191274643	    6.397965e-16
4241.671917915344	    6.807002e-16
4243.9596445560455	   6.0928557e-16
4246.247371196747	   6.1128727e-16
4248.535097837448	    6.253612e-16
4250.822824478149	   7.0730385e-16
4253.110551118851	   6.4056295e-16
4255.398277759552	   6.1716467e-16
4257.686004400253	   6.9757303e-16
4259.973731040955	    6.049166e-16
4262.261457681656	   6.1197405e-16
4264.549184322357	   6.3271646e-16
4266.8369109630585	   6.0139466e-16
4269.12463760376	   5.7512875e-16
4271.412364244461	    6.858839e-16
4273.700090885162	   6.4144656e-16
4275.987817525864	    7.024577e-16
4278.275544166565	   7.4692117e-16
4280.563270807266	    6.063541e-16
4282.8509974479675	   6.2963786e-16
4285.138724088669	   7.5783826e-16
4287.42645072937	   6.5356194e-16
4289.714177370071	    6.603559e-16
4292.001904010773	   6.2473804e-16
4294.289630651474	   6.1605765e-16
4296.577357292175	    6.326208e-16
4298.865083932877	   6.4553784e-16
4301.152810573578	   5.9790785e-16
4303.440537214279	   6.8009705e-16
4305.7282638549805	    6.163443e-16
4308.015990495682	   6.5655737e-16
4310.303717136383	    6.505604e-16
4312.591443777084	   6.3384407e-16
4314.879170417786	   7.4594565e-16
4317.166897058487	   6.3681276e-16
4319.454623699188	    7.129893e-16
4321.7423503398895	    6.707014e-16
4324.030076980591	   6.9463335e-16
4326.317803621292	    8.292403e-16
4328.605530261993	   7.0016035e-16
4330.893256902695	    7.501989e-16
4333.180983543396	    7.311913e-16
4335.468710184097	   7.7774957e-16
4337.756436824799	    7.294545e-16
 4340.0441634655	     7.50774e-16
4342.331890106201	    7.949746e-16
4344.6196167469025	   7.5511563e-16
4346.907343387604	    7.488406e-16
4349.195070028305	   8.0346247e-16
4351.482796669006	   8.1812117e-16
4353.770523309708	     8.85233e-16
4356.058249950409	    7.714425e-16
4358.34597659111	    8.402562e-16
4360.6337032318115	    9.335267e-16
4362.921429872513	    8.001522e-16
4365.209156513214	   7.8022846e-16
4367.496883153915	    7.572846e-16
4369.784609794617	   6.9626426e-16
4372.072336435318	   6.7369046e-16
4374.360063076019	   7.3206797e-16
4376.647789716721	    7.370909e-16
4378.935516357422	   7.1035375e-16
4381.223242998123	    6.827429e-16
4383.5109696388245	   5.6182605e-16
4385.798696279526	   5.3284757e-16
4388.086422920227	   4.8891213e-16
4390.374149560928	    5.353245e-16
4392.66187620163	   6.1586236e-16
4394.949602842331	   5.4000415e-16
4397.237329483032	   4.6965134e-16
4399.5250561237335	    4.148358e-16
4401.812782764434	   4.3490883e-16
4404.100509405135	    4.826273e-16
4406.3882360458365	    4.889793e-16
4408.675962686538	   4.6675375e-16
4410.963689327239	   3.9768207e-16
4413.25141596794	   4.2840086e-16
4415.539142608642	   4.5254736e-16
4417.826869249343	    4.099524e-16
4420.114595890044	   4.6082637e-16
4422.402322530746	   4.6464786e-16
4424.690049171447	   4.9889536e-16
4426.977775812148	   3.7969054e-16
4429.265502452849	    3.377447e-16
4431.553229093551	    4.392921e-16
4433.840955734252	   4.2964838e-16
4436.128682374953	   4.1477062e-16
4438.416409015655	   3.7826988e-16
4440.704135656356	   4.1536275e-16
4442.991862297057	   3.6002868e-16
4445.2795889377585	   4.0290718e-16
4447.56731557846	   3.8054673e-16
4449.855042219161	   4.1991253e-16
4452.142768859862	    4.302392e-16
4454.430495500564	   3.7936848e-16
4456.718222141265	   3.6719474e-16
4459.005948781966	   3.7241725e-16
4461.293675422668	   3.5484717e-16
4463.581402063369	    4.045831e-16
4465.86912870407	   3.9016958e-16
4468.156855344771	   4.0104877e-16
4470.444581985473	   3.7003476e-16
4472.732308626174	     4.14707e-16
4475.020035266875	   4.4057077e-16
4477.307761907577	    4.792432e-16
4479.595488548278	    4.604363e-16
4481.883215188979	    4.535951e-16
4484.1709418296805	    4.991595e-16
4486.458668470382	    4.506635e-16
4488.746395111083	    5.244956e-16
4491.034121751784	   4.4507574e-16
4493.321848392486	   5.0040197e-16
4495.609575033187	    4.858129e-16
4497.897301673888	   4.1396787e-16
4500.1850283145895	    4.748438e-16
4502.472754955291	   4.5741357e-16
4504.760481595992	   4.7511973e-16
4507.048208236693	    5.438721e-16
4509.335934877395	   5.0531995e-16
4511.623661518096	    4.988712e-16
4513.911388158797	   5.3647176e-16
4516.199114799499	   5.3169703e-16
 4518.4868414402	   5.4619813e-16
4520.774568080901	     5.60427e-16
4523.0622947216025	    6.109789e-16
4525.350021362304	   5.3950255e-16
4527.637748003005	    6.015757e-16
4529.925474643706	   5.9172853e-16
4532.213201284408	    6.327509e-16
4534.500927925109	   5.6536707e-16
4536.78865456581	    5.847641e-16
4539.0763812065115	    6.129582e-16
4541.364107847213	    6.698499e-16
4543.651834487914	    6.956107e-16
4545.939561128615	    7.054203e-16
4548.227287769317	   6.6092356e-16
4550.515014410018	   6.9392777e-16
4552.802741050719	    7.548544e-16
4555.090467691421	   7.0249345e-16
4557.378194332122	    6.936715e-16
4559.665920972823	   7.8677714e-16
4561.9536476135245	   7.5385027e-16
4564.241374254226	    8.230796e-16
4566.529100894927	    8.555466e-16
4568.816827535628	   8.6466743e-16
4571.10455417633	    9.598622e-16
4573.392280817031	    9.414965e-16
4575.680007457732	    9.809201e-16
4577.9677340984335	   1.0284892e-15
4580.255460739135	      9.5117e-16
4582.543187379836	   1.0110561e-15
4584.830914020537	    9.445192e-16
4587.118640661239	   1.1124236e-15
4589.40636730194	   1.1844339e-15
4591.694093942641	   1.1289384e-15
4593.981820583343	   1.1930237e-15
4596.269547224044	   1.1537112e-15
4598.557273864745	   1.2127153e-15
4600.8450005054465	   1.2671118e-15
4603.132727146148	   1.2399818e-15
4605.420453786849	    1.160056e-15
4607.70818042755	   1.1862712e-15
4609.995907068252	   1.2682867e-15
4612.283633708953	   1.3201752e-15
4614.571360349654	   1.2703408e-15
4616.8590869903555	   1.3003619e-15
4619.146813631057	   1.2797177e-15
4621.434540271758	   1.2627445e-15
4623.722266912459	    1.298211e-15
4626.009993553161	   1.3153714e-15
4628.297720193862	   1.2837038e-15
4630.585446834563	   1.3528147e-15
4632.873173475265	   1.4036052e-15
4635.160900115966	   1.3133633e-15
4637.448626756667	   1.3394568e-15
4639.7363533973685	     1.33572e-15
4642.02408003807	   1.3755129e-15
4644.311806678771	   1.4248993e-15
4646.599533319472	    1.513699e-15
4648.887259960174	   1.4815463e-15
4651.174986600875	   1.4846326e-15
4653.462713241576	   1.4895104e-15
4655.7504398822775	   1.4932071e-15
4658.038166522979	   1.4413607e-15
4660.32589316368	   1.4438586e-15
4662.613619804381	   1.5109224e-15
4664.901346445083	     1.48733e-15
4667.189073085784	   1.5090553e-15
4669.476799726485	   1.4812187e-15
4671.764526367187	   1.5308177e-15
4674.052253007888	    1.494516e-15
4676.339979648589	   1.4489239e-15
4678.6277062892905	   1.5527577e-15
4680.915432929992	   1.4333933e-15
4683.203159570693	   1.3938575e-15
4685.490886211394	     1.44133e-15
4687.778612852096	   1.3855135e-15
4690.066339492797	   1.4000566e-15
4692.354066133498	   1.3267292e-15
4694.6417927741995	   1.2594258e-15
4696.929519414901	   1.1403068e-15
4699.217246055602	    1.184015e-15
4701.504972696303	   1.1446413e-15
4703.792699337005	   1.1235157e-15
4706.080425977706	   1.0595258e-15
4708.368152618407	    9.084756e-16
4710.655879259109	    9.007335e-16
4712.94360589981	    9.857559e-16
4715.231332540511	    9.620921e-16
4717.5190591812125	   8.8280193e-16
4719.806785821914	    8.226975e-16
4722.094512462615	   8.3236715e-16
4724.382239103316	   7.7968933e-16
4726.669965744018	    8.158433e-16
4728.957692384719	   7.4147104e-16
4731.24541902542	   7.0829075e-16
4733.5331456661215	   7.3123026e-16
4735.820872306823	    7.059431e-16
4738.108598947524	    7.393316e-16
4740.396325588225	   7.4218917e-16
4742.684052228927	   6.8985116e-16
4744.971778869628	   6.5224893e-16
4747.259505510329	   6.4440885e-16
4749.547232151031	    6.923233e-16
4751.834958791732	    6.563421e-16
4754.122685432433	     6.35763e-16
4756.4104120731345	   6.1247147e-16
4758.698138713836	   6.6960024e-16
4760.985865354537	     6.94771e-16
4763.273591995238	   6.3741733e-16
4765.56131863594	    6.528032e-16
4767.849045276641	    6.557138e-16
4770.136771917342	   6.6007933e-16
4772.4244985580435	   6.5159444e-16
4774.712225198745	   7.1172335e-16
4776.999951839446	   6.8087976e-16
4779.287678480147	    6.169821e-16
4781.575405120849	    5.418382e-16
4783.86313176155	    6.180456e-16
4786.150858402251	      5.7479e-16
4788.438585042953	    6.143764e-16
4790.726311683654	    5.735175e-16
4793.014038324354	    5.834781e-16
4795.301764965056	   5.4315585e-16
4797.589491605757	    5.434656e-16
4799.877218246458	    4.883169e-16
4802.164944887159	   5.2111124e-16
4804.452671527861	    5.368515e-16
4806.740398168562	   4.5834223e-16
4809.028124809263	    5.669715e-16
4811.315851449965	    5.174328e-16
4813.603578090666	    5.359655e-16
4815.891304731367	   5.9538057e-16
4818.1790313720685	    6.226805e-16
4820.46675801277	   6.2838913e-16
4822.754484653471	    6.622371e-16
4825.042211294172	    6.669527e-16
4827.329937934874	   7.0519723e-16
4829.617664575575	    6.845581e-16
4831.905391216276	    6.949969e-16
4834.193117856978	   7.1883673e-16
4836.480844497679	   8.1706863e-16
4838.76857113838	     8.19385e-16
4841.056297779081	   7.9901417e-16
4843.344024419783	    8.242655e-16
4845.631751060484	   7.9993363e-16
4847.919477701185	   7.7714955e-16
4850.207204341887	   8.2532884e-16
4852.494930982588	    7.815472e-16
4854.782657623289	    8.725452e-16
4857.0703842639905	   8.7762095e-16
4859.358110904692	    9.057728e-16
4861.645837545393	    9.130051e-16
4863.933564186094	    8.740391e-16
4866.221290826796	    8.760435e-16
4868.509017467497	    8.315462e-16
4870.796744108198	   7.4200605e-16
 4873.0844707489	    7.499508e-16
4875.372197389601	    8.156266e-16
4877.659924030302	    7.309116e-16
4879.947650671003	     7.07788e-16
4882.235377311705	    7.941913e-16
4884.523103952406	   7.7083963e-16
4886.810830593107	    7.490992e-16
4889.098557233809	   6.8578445e-16
4891.38628387451	   7.4576354e-16
4893.674010515211	   6.9874797e-16
4895.9617371559125	   6.8753627e-16
4898.249463796614	    7.249326e-16
4900.537190437315	   7.2355926e-16
4902.824917078016	   7.5356366e-16
4905.112643718718	    6.755591e-16
4907.400370359419	   6.2940795e-16
4909.68809700012	    6.422461e-16
4911.975823640822	   6.9940114e-16
4914.263550281523	   6.8255005e-16
4916.551276922224	    7.912924e-16
4918.839003562925	   8.5187893e-16
4921.126730203627	    7.788997e-16
4923.414456844328	    8.807929e-16
4925.702183485029	    8.758194e-16
4927.989910125731	    8.480127e-16
4930.277636766432	    8.939303e-16
4932.565363407133	    9.273537e-16
4934.8530900478345	    9.334148e-16
4937.140816688536	   1.0215601e-15
4939.428543329237	   1.0614888e-15
4941.716269969938	   1.0718731e-15
4944.00399661064	   1.0665754e-15
4946.291723251341	   1.0689403e-15
4948.579449892042	   1.1166955e-15
4950.8671765327435	   1.1059165e-15
4953.154903173445	   1.1950458e-15
4955.442629814146	   1.1639298e-15
4957.730356454847	   1.1929536e-15
4960.018083095549	   1.2142326e-15
4962.30580973625	    1.219299e-15
4964.593536376951	   1.2199934e-15
4966.881263017653	   1.2168045e-15
4969.168989658354	   1.2259675e-15
4971.456716299055	   1.2094772e-15
4973.7444429397565	   1.2099655e-15
4976.032169580458	   1.1922138e-15
4978.319896221159	   1.2079471e-15
4980.60762286186	   1.2132402e-15
4982.895349502562	   1.2712161e-15
4985.183076143263	   1.2403234e-15
4987.470802783964	     1.21217e-15
4989.7585294246655	   1.2094165e-15
4992.046256065367	   1.1614267e-15
4994.333982706068	   1.1542685e-15
4996.621709346769	   1.1172062e-15
4998.909435987471	   1.0714384e-15
5001.197162628172	   1.0605492e-15
5003.484889268873	   1.0180953e-15
5005.772615909575	   1.0442224e-15
5008.060342550276	    9.816676e-16
5010.348069190977	    9.692558e-16
5012.6357958316785	    9.421748e-16
5014.92352247238	     9.19696e-16
5017.211249113081	    9.493192e-16
5019.498975753782	    9.109207e-16
5021.786702394484	   8.6247383e-16
5024.074429035185	    6.008329e-16
5026.362155675886	   6.4364244e-16
5028.6498823165875	     6.72378e-16
5030.937608957289	   6.5627446e-16
5033.22533559799	    6.234962e-16
5035.513062238691	   5.9853556e-16
5037.800788879393	       6.085e-16
5040.088515520094	     6.35713e-16
5042.376242160795	    6.276427e-16
5044.663968801497	   6.0323897e-16
5046.951695442198	   6.1968533e-16
5049.239422082899	    6.577448e-16
5051.5271487236005	    6.683003e-16
5053.814875364302	    6.536552e-16
5056.102602005003	    6.330044e-16
5058.390328645704	   6.1967914e-16
5060.678055286406	    6.238761e-16
5062.965781927107	     6.39049e-16
5065.253508567808	    6.538712e-16
5067.5412352085095	   6.5492895e-16
5069.828961849211	   6.3424255e-16
5072.116688489912	    6.109813e-16
5074.404415130613	    5.999151e-16
5076.692141771315	   5.8243754e-16
5078.979868412016	    5.515904e-16
5081.267595052717	    5.421728e-16
5083.555321693419	   5.6620394e-16
5085.84304833412	    5.828475e-16
5088.130774974821	    5.724433e-16
5090.4185016155225	    5.538377e-16
5092.706228256224	    5.404275e-16
5094.993954896925	   5.3777714e-16
5097.281681537626	   5.4928424e-16
5099.569408178328	    5.763818e-16
5101.857134819029	    6.020014e-16
5104.14486145973	    5.932147e-16
5106.4325881004315	    5.613964e-16
5108.720314741133	    5.468615e-16
5111.008041381834	    5.611404e-16
5113.295768022535	   5.9979044e-16
5115.583494663237	    6.360677e-16
5117.871221303938	   6.3602365e-16
5120.158947944639	    6.044543e-16
5122.446674585341	    5.610766e-16
5124.734401226042	    5.363673e-16
5127.022127866743	    5.563155e-16
5129.3098545074445	   5.8871844e-16
5131.597581148146	    5.962011e-16
5133.885307788847	    5.894119e-16
5136.173034429548	    5.831019e-16
5138.46076107025	    5.769472e-16
5140.748487710951	    5.707766e-16
5143.036214351652	    5.656944e-16
5145.3239409923535	   5.6273555e-16
5147.611667633055	    5.643555e-16
5149.899394273756	    5.703179e-16
5152.187120914457	    5.736889e-16
5154.474847555159	   5.7457834e-16
5156.76257419586	    5.878601e-16
5159.050300836561	   6.0758166e-16
5161.338027477263	   5.9828044e-16
5163.625754117964	     5.62778e-16
5165.913480758665	   5.4390643e-16
5168.2012073993665	    5.501985e-16
5170.488934040068	   5.6351413e-16
5172.776660680769	    5.712154e-16
5175.06438732147	    5.618882e-16
5177.352113962172	    5.532344e-16
5179.639840602873	    5.779019e-16
5181.927567243574	   6.1098175e-16
5184.2152938842755	   6.0777166e-16
5186.503020524977	   5.8706234e-16
5188.790747165678	   5.8437793e-16
5191.078473806379	   6.0031083e-16
5193.366200447081	    6.259968e-16
5195.653927087782	   6.4692554e-16
5197.941653728483	   6.5001234e-16
5200.229380369185	   6.3470164e-16
5202.517107009886	    6.085207e-16
5204.804833650587	    6.042737e-16
5207.0925602912885	   6.3951374e-16
5209.38028693199	   6.7448297e-16
5211.668013572691	    6.808026e-16
5213.955740213392	    6.697206e-16
5216.243466854094	   6.5512053e-16
5218.531193494795	    6.540276e-16
5220.818920135496	   6.7148246e-16
5223.1066467761975	    6.903503e-16
5225.394373416899	    7.038704e-16
 5227.6821000576	   7.2083796e-16
5229.969826698301	   7.3642474e-16
5232.257553339003	    7.315753e-16
5234.545279979704	    7.177075e-16
5236.833006620405	   7.2976695e-16
5239.120733261107	    7.646009e-16
5241.408459901808	    7.954726e-16
5243.696186542509	    8.151613e-16
5245.9839131832105	    8.260227e-16
5248.271639823912	   8.2833406e-16
5250.559366464613	    8.231408e-16
5252.847093105314	   8.2115276e-16
5255.134819746016	    8.337357e-16
5257.422546386717	    8.498114e-16
5259.710273027418	   8.5543276e-16
5261.9979996681195	    8.606374e-16
5264.285726308821	    8.755188e-16
5266.573452949522	    8.868084e-16
5268.861179590223	   8.8402277e-16
5271.148906230925	   8.7789486e-16
5273.436632871626	    8.783597e-16
5275.724359512327	    8.897464e-16
5278.012086153029	     9.07772e-16
5280.29981279373	    9.025703e-16
5282.587539434431	    8.734135e-16
5284.8752660751325	   8.8242373e-16
5287.162992715834	    9.411827e-16
5289.450719356535	    9.799047e-16
5291.738445997236	    9.781257e-16
5294.026172637938	    9.760403e-16
5296.313899278639	    9.869084e-16
5298.60162591934	   1.0003077e-15
5300.8893525600415	   1.0150983e-15
5303.177079200743	   1.0346769e-15
5305.464805841444	    1.057185e-15
5307.752532482145	   1.0786143e-15
5310.040259122847	   1.0925736e-15
5312.327985763548	   1.0924813e-15
5314.615712404249	   1.0865713e-15
5316.903439044951	   1.0880319e-15
5319.191165685652	   1.0986794e-15
5321.478892326353	   1.1161886e-15
5323.7666189670545	    1.135501e-15
5326.054345607756	   1.1513412e-15
5328.342072248457	   1.1626192e-15
5330.629798889158	   1.1704473e-15
5332.91752552986	   1.1848347e-15
5335.205252170561	   1.2105087e-15
5337.492978811262	   1.2268411e-15
5339.7807054519635	   1.2202424e-15
5342.068432092665	   1.2047946e-15
5344.356158733366	   1.1916056e-15
5346.643885374067	   1.1793828e-15
5348.931612014769	   1.1695912e-15
5351.21933865547	   1.1691152e-15
5353.507065296171	   1.1769054e-15
5355.794791936873	   1.1817245e-15
5358.082518577574	   1.1760466e-15
5360.370245218275	   1.1552669e-15
5362.657971858976	   1.1312157e-15
5364.945698499678	   1.1324924e-15
5367.233425140379	   1.1513072e-15
5369.52115178108	    1.152213e-15
5371.808878421782	   1.1411118e-15
5374.096605062483	   1.1472284e-15
5376.384331703184	   1.1601136e-15
5378.6720583438855	   1.1531598e-15
5380.959784984587	   1.1380537e-15
5383.247511625288	   1.1379325e-15
5385.535238265989	   1.1365887e-15
5387.822964906691	   1.1123345e-15
5390.110691547392	   1.0914048e-15
5392.398418188093	   1.1025559e-15
5394.686144828795	   1.1332312e-15
5396.973871469496	   1.1636516e-15
5399.261598110197	    1.168922e-15
5401.549324750898	   1.1383209e-15
 5403.8370513916	   1.1185194e-15
5406.124778032301	   1.1382673e-15
5408.412504673002	   1.1580704e-15
5410.700231313704	   1.1521085e-15
5412.987957954405	   1.1322871e-15
5415.275684595106	   1.1126542e-15
5417.5634112358075	   1.1119011e-15
5419.851137876509	   1.1326182e-15
5422.13886451721	   1.1517048e-15
5424.426591157911	   1.1623942e-15
5426.714317798613	   1.1773576e-15
5429.002044439314	   1.1960449e-15
5431.289771080015	   1.2080967e-15
5433.577497720717	   1.2084703e-15
5435.865224361418	   1.1942745e-15
5438.152951002119	   1.1832186e-15
5440.44067764282	   1.2038148e-15
5442.728404283522	   1.2361484e-15
5445.016130924223	   1.2412118e-15
5447.303857564924	   1.2247391e-15
5449.591584205626	   1.2072583e-15
5451.879310846327	   1.2042892e-15
5454.167037487028	   1.2267613e-15
5456.4547641277295	   1.2486046e-15
5458.742490768431	   1.2432295e-15
5461.030217409132	   1.2407408e-15
5463.317944049833	   1.2670739e-15
5465.605670690535	   1.2797165e-15
5467.893397331236	   1.2525709e-15
5470.181123971937	   1.2497506e-15
5472.468850612639	   1.3028249e-15
5474.75657725334	   1.3322476e-15
5477.044303894041	   1.3002382e-15
5479.332030534742	   1.2706204e-15
5481.619757175444	   1.2784323e-15
5483.907483816145	   1.3069663e-15
5486.195210456846	   1.3402058e-15
5488.482937097548	   1.3605128e-15
5490.770663738249	   1.3643678e-15
5493.05839037895	   1.3657849e-15
5495.3461170196515	   1.3730835e-15
5497.633843660353	   1.3895198e-15
5499.921570301054	    1.412581e-15
5502.209296941755	   1.4361412e-15
5504.497023582457	   1.4501245e-15
5506.784750223158	   1.4422887e-15
5509.072476863858	   1.4381487e-15
5511.36020350456	   1.4764166e-15
5513.647930145261	    1.521824e-15
5515.935656785962	   1.5209147e-15
5518.2233834266635	   1.5053155e-15
5520.511110067365	   1.5210522e-15
5522.798836708066	    1.547909e-15
5525.086563348767	   1.5596982e-15
5527.374289989469	   1.5714206e-15
5529.66201663017	   1.5967995e-15
5531.949743270871	   1.6221188e-15
5534.237469911573	   1.6359877e-15
5536.525196552274	   1.6396123e-15
5538.812923192975	   1.6404655e-15
5541.1006498336765	   1.6648225e-15
5543.388376474378	   1.7147266e-15
5545.676103115079	   1.7363257e-15
5547.96382975578	   1.7147232e-15
5550.251556396482	   1.7034096e-15
5552.539283037183	    1.722439e-15
5554.827009677884	   1.7471283e-15
5557.1147363185855	   1.7662156e-15
5559.402462959287	   1.7819443e-15
5561.690189599988	   1.7868018e-15
5563.977916240689	   1.7655528e-15
5566.265642881391	   1.7389702e-15
5568.553369522092	   1.7506715e-15
5570.841096162793	    1.786374e-15
5573.128822803495	   1.8026032e-15
5575.416549444196	   1.8042115e-15
5577.704276084897	   1.8138383e-15
5579.9920027255985	   1.8257382e-15
 5582.2797293663	   1.8277078e-15
5584.567456007001	   1.8236988e-15
5586.855182647702	   1.8202245e-15
5589.142909288404	   1.8175559e-15
5591.430635929105	   1.8143503e-15
5593.718362569806	   1.8024285e-15
5596.0060892105075	   1.7779944e-15
5598.293815851209	   1.7615422e-15
5600.58154249191	   1.7655867e-15
5602.869269132611	   1.7712078e-15
5605.156995773313	   1.7612365e-15
5607.444722414014	   1.7240761e-15
5609.732449054715	    1.669247e-15
5612.020175695417	   1.6507006e-15
5614.307902336118	   1.6829412e-15
5616.595628976819	    1.714728e-15
5618.8833556175205	   1.7205866e-15
5621.171082258222	   1.7085834e-15
5623.458808898923	   1.6856989e-15
5625.746535539624	    1.660349e-15
5628.034262180326	    1.637662e-15
5630.321988821027	   1.6179744e-15
5632.609715461728	   1.6040982e-15
5634.8974421024295	   1.6008327e-15
5637.185168743131	   1.5923729e-15
5639.472895383832	   1.5544549e-15
5641.760622024533	   1.5094434e-15
5644.048348665235	   1.4947817e-15
5646.336075305936	   1.5056095e-15
5648.623801946637	   1.5234775e-15
5650.911528587339	   1.5304858e-15
5653.19925522804	   1.5123818e-15
5655.486981868741	   1.4774088e-15
5657.7747085094425	   1.4399911e-15
5660.062435150144	   1.4218738e-15
5662.350161790845	     1.43409e-15
5664.637888431546	   1.4419768e-15
5666.925615072248	   1.4190172e-15
5669.213341712949	   1.3762009e-15
5671.50106835365	   1.3322125e-15
5673.7887949943515	   1.3226847e-15
5676.076521635053	    1.350854e-15
5678.364248275754	   1.3512215e-15
5680.651974916455	   1.3049438e-15
5682.939701557157	   1.2693998e-15
5685.227428197858	   1.2638539e-15
5687.515154838559	   1.2618353e-15
5689.802881479261	   1.2517538e-15
5692.090608119962	   1.2335583e-15
5694.378334760663	   1.2113801e-15
5696.6660614013645	   1.1933148e-15
5698.953788042066	   1.1836881e-15
5701.241514682767	   1.1847346e-15
5703.529241323468	    1.178407e-15
5705.81696796417	   1.1386448e-15
5708.104694604871	    1.084361e-15
5710.392421245572	   1.0491735e-15
5712.6801478862735	   1.0283274e-15
5714.967874526975	   1.0068652e-15
5717.255601167676	    9.765812e-16
5719.543327808377	    9.336654e-16
5721.831054449079	    8.984439e-16
5724.11878108978	    8.895148e-16
5726.406507730481	    8.950486e-16
5728.694234371183	    9.011124e-16
5730.981961011884	    9.027855e-16
5733.269687652585	    8.983791e-16
5735.5574142932865	    8.935666e-16
5737.845140933988	    8.945049e-16
5740.132867574689	    9.083466e-16
5742.42059421539	    9.306068e-16
5744.708320856092	     9.31965e-16
5746.996047496793	    9.117711e-16
5749.283774137494	    9.158903e-16
5751.5715007781955	     9.46649e-16
5753.859227418897	     9.52742e-16
5756.146954059598	    9.341984e-16
5758.434680700299	    9.380375e-16
5760.722407341001	    9.650675e-16
5763.010133981702	    9.841138e-16
5765.297860622403	    9.908615e-16
5767.585587263104	    9.950422e-16
5769.873313903805	   1.0016782e-15
5772.161040544506	   1.0144553e-15
5774.4487671852075	   1.0298136e-15
5776.736493825909	   1.0413106e-15
5779.02422046661	   1.0542136e-15
5781.311947107311	    1.075218e-15
5783.599673748013	      1.0866e-15
5785.887400388714	   1.0724132e-15
5788.175127029415	   1.0621532e-15
5790.462853670117	   1.0826633e-15
5792.750580310818	    1.110936e-15
5795.038306951519	   1.1263117e-15
5797.3260335922205	   1.1389158e-15
5799.613760232922	   1.1585643e-15
5801.901486873623	   1.1926587e-15
5804.189213514324	   1.2356768e-15
5806.476940155026	   1.2477703e-15
5808.764666795727	    1.223901e-15
5811.052393436428	    1.224632e-15
5813.3401200771295	   1.2716979e-15
5815.627846717831	   1.3307242e-15
5817.915573358532	   1.3785702e-15
5820.203299999233	   1.4038687e-15
5822.491026639935	   1.4063846e-15
5824.778753280636	   1.3972436e-15
5827.066479921337	    1.391537e-15
5829.354206562039	   1.4070324e-15
5831.64193320274	   1.4309796e-15
5833.929659843441	   1.4339497e-15
5836.2173864841425	   1.4210452e-15
5838.505113124844	   1.4117743e-15
5840.792839765545	   1.4170643e-15
5843.080566406246	   1.4432173e-15
5845.368293046948	   1.4717643e-15
5847.656019687649	   1.4806796e-15
5849.94374632835	    1.478037e-15
5852.2314729690515	   1.4779297e-15
5854.519199609753	   1.4898863e-15
5856.806926250454	   1.5189642e-15
5859.094652891155	   1.5553649e-15
5861.382379531857	   1.5866635e-15
5863.670106172558	   1.6000555e-15
5865.957832813259	   1.5901618e-15
5868.245559453961	   1.5682086e-15
5870.533286094662	   1.5494109e-15
5872.821012735363	   1.5594082e-15
5875.1087393760645	   1.5906829e-15
5877.396466016766	   1.5725572e-15
5879.684192657467	   1.5008401e-15
5881.971919298168	   1.4660269e-15
5884.25964593887	   1.4913408e-15
5886.547372579571	   1.5278171e-15
5888.835099220272	   1.5523421e-15
5891.1228258609735	   1.5598596e-15
5893.410552501675	   1.5594555e-15
5895.698279142376	   1.5732073e-15
5897.986005783077	   1.5895981e-15
5900.273732423779	   1.5793945e-15
5902.56145906448	    1.555841e-15
5904.849185705181	   1.5486855e-15
5907.136912345883	   1.5433635e-15
5909.424638986584	    1.514636e-15
5911.712365627285	   1.4905681e-15
5914.0000922679865	   1.5045856e-15
5916.287818908688	   1.5257807e-15
5918.575545549389	   1.5193703e-15
5920.86327219009	   1.5062114e-15
5923.150998830792	   1.5068203e-15
5925.438725471493	   1.5032647e-15
5927.726452112194	   1.4824602e-15
5930.0141787528955	   1.4586438e-15
5932.301905393597	   1.4418525e-15
5934.589632034298	   1.4258488e-15
5936.877358674999	   1.4085509e-15
5939.165085315701	   1.3977682e-15
5941.452811956402	   1.3956247e-15
5943.740538597103	   1.3943008e-15
5946.028265237805	   1.3932658e-15
5948.315991878506	   1.4023533e-15
5950.603718519207	   1.4177088e-15
5952.8914451599085	   1.4227072e-15
5955.17917180061	   1.4074755e-15
5957.466898441311	   1.3667207e-15
5959.754625082012	   1.3185693e-15
5962.042351722714	   1.2967462e-15
5964.330078363415	   1.2943358e-15
5966.617805004116	   1.2827562e-15
5968.9055316448175	   1.2692464e-15
5971.193258285519	   1.2735333e-15
5973.48098492622	   1.2732163e-15
5975.768711566921	   1.2382734e-15
5978.056438207623	   1.1989911e-15
5980.344164848324	   1.1923939e-15
5982.631891489025	   1.1941059e-15
5984.919618129727	   1.1744093e-15
5987.207344770428	    1.133305e-15
5989.495071411129	   1.0796147e-15
5991.7827980518305	   1.0440689e-15
5994.070524692532	   1.0450796e-15
5996.358251333233	   1.0516074e-15
5998.645977973934	   1.0414091e-15
6000.933704614636	   1.0263522e-15
6003.221431255337	   1.0130069e-15
6005.509157896038	    9.962147e-16
6007.7968845367395	    9.726475e-16
6010.084611177441	    9.392849e-16
6012.372337818142	    9.027178e-16
6014.660064458843	    8.817177e-16
6016.947791099545	     8.81036e-16
6019.235517740246	    8.922712e-16
6021.523244380947	    9.016441e-16
6023.810971021649	    8.899182e-16
6026.09869766235	    8.690582e-16
6028.386424303051	   8.7087957e-16
6030.6741509437525	    8.861996e-16
6032.961877584454	   8.8668537e-16
6035.249604225155	   8.7123305e-16
6037.537330865856	    8.493662e-16
6039.825057506558	    8.266919e-16
6042.112784147259	   8.0815615e-16
6044.40051078796	    8.028596e-16
6046.6882374286615	    8.164808e-16
6048.975964069363	   8.2789397e-16
6051.263690710064	    8.175338e-16
6053.551417350765	   8.0156676e-16
6055.839143991467	    7.960091e-16
6058.126870632168	   7.9362186e-16
6060.414597272869	   7.8939977e-16
6062.702323913571	    7.951906e-16
6064.990050554272	   8.0984836e-16
6067.277777194973	   7.9600165e-16
6069.5655038356745	   7.4575655e-16
6071.853230476376	   7.1069246e-16
6074.140957117077	   7.1352483e-16
6076.428683757778	    7.312712e-16
6078.71641039848	   7.4608324e-16
6081.004137039181	    7.454403e-16
6083.291863679882	   7.2724486e-16
6085.5795903205835	     7.01783e-16
6087.867316961285	    6.756523e-16
6090.155043601986	   6.5209525e-16
6092.442770242687	   6.3660603e-16
6094.730496883389	   6.3442784e-16
6097.01822352409	    6.424179e-16
6099.305950164791	    6.539355e-16
6101.593676805493	    6.539001e-16
6103.881403446194	   6.2696225e-16
6106.169130086895	    6.017538e-16
6108.4568567275965	     6.14108e-16
6110.744583368298	   6.4130807e-16
6113.032310008999	    6.519864e-16
 6115.3200366497	    6.499038e-16
6117.607763290402	    6.444007e-16
6119.895489931103	    6.432718e-16
6122.183216571804	   6.5206724e-16
6124.4709432125055	   6.6619835e-16
6126.758669853207	    6.794932e-16
6129.046396493908	    6.844359e-16
6131.334123134609	   6.7950704e-16
6133.621849775311	   6.7780037e-16
6135.909576416012	    6.862942e-16
6138.197303056713	   6.9905894e-16
6140.485029697415	   7.1177867e-16
6142.772756338116	    7.227297e-16
6145.060482978817	   7.3075147e-16
6147.3482096195185	    7.361507e-16
6149.63593626022	   7.3891533e-16
6151.923662900921	    7.384427e-16
6154.211389541622	   7.3752165e-16
6156.499116182324	    7.407398e-16
6158.786842823025	    7.487113e-16
6161.074569463726	    7.603958e-16
6163.3622961044275	   7.6257127e-16
6165.650022745129	    7.380016e-16
6167.93774938583	    7.081955e-16
6170.225476026531	   7.0558856e-16
6172.513202667233	    7.189283e-16
6174.800929307934	   7.2627914e-16
6177.088655948635	   7.2482303e-16
6179.376382589337	     7.16351e-16
6181.664109230038	   7.0752085e-16
6183.951835870739	    7.048058e-16
6186.23956251144	    7.080051e-16
6188.527289152142	   7.1394237e-16
6190.815015792843	    7.106373e-16
6193.102742433544	    6.936037e-16
6195.390469074246	   6.8162827e-16
6197.678195714947	    6.871512e-16
6199.965922355648	    7.073481e-16
6202.2536489963495	   7.3113687e-16
6204.541375637051	   7.3183414e-16
6206.829102277752	     7.07288e-16
6209.116828918453	    6.916827e-16
6211.404555559155	    6.985825e-16
6213.692282199856	    7.179092e-16
6215.980008840557	    7.416112e-16
6218.267735481259	   7.6249064e-16
6220.55546212196	   7.7679126e-16
6222.843188762661	   7.8372904e-16
6225.130915403362	    7.916876e-16
6227.418642044064	    8.142579e-16
6229.706368684765	    8.408121e-16
6231.994095325466	   8.5081146e-16
6234.281821966168	   8.5722265e-16
6236.569548606869	    8.820086e-16
6238.85727524757	    9.089641e-16
6241.1450018882715	    9.158978e-16
6243.432728528973	    9.193722e-16
6245.720455169674	     9.38206e-16
6248.008181810375	    9.572352e-16
6250.295908451077	    9.607913e-16
6252.583635091778	    9.517375e-16
6254.871361732479	    9.367355e-16
6257.159088373181	    9.284043e-16
6259.446815013882	    9.343607e-16
6261.734541654583	    9.485836e-16
6264.022268295284	    9.601826e-16
6266.309994935986	    9.486467e-16
6268.597721576687	    9.120696e-16
6270.885448217388	   8.8163043e-16
6273.17317485809	   8.7159314e-16
6275.460901498791	     8.71748e-16
6277.748628139492	   8.7432175e-16
6280.0363547801935	    8.734676e-16
6282.324081420895	   8.6532695e-16
6284.611808061596	    8.494632e-16
6286.899534702297	   8.2640727e-16
6289.187261342999	    7.968743e-16
 6291.4749879837	    7.723813e-16
6293.762714624401	    7.694536e-16
6296.050441265103	   7.7492784e-16
6298.338167905804	   7.6397946e-16
6300.625894546505	    7.475801e-16
6302.913621187206	   7.4636234e-16
6305.201347827908	    7.440569e-16
6307.489074468609	   7.2041036e-16
6309.77680110931	   7.0009565e-16
6312.064527750012	   7.0813394e-16
6314.352254390713	    7.207038e-16
6316.639981031414	   7.1469993e-16
6318.9277076721155	    7.031409e-16
6321.215434312817	    6.973723e-16
6323.503160953518	    6.899556e-16
6325.790887594219	   6.7717547e-16
6328.078614234921	    6.667344e-16
6330.366340875622	   6.6304114e-16
6332.654067516323	   6.6410173e-16
6334.941794157025	    6.657229e-16
6337.229520797726	    6.590466e-16
6339.517247438427	    6.463134e-16
6341.804974079128	   6.4559184e-16
6344.09270071983	    6.577173e-16
6346.380427360531	   6.6502796e-16
6348.668154001232	    6.641163e-16
6350.955880641934	    6.637387e-16
6353.243607282635	    6.611419e-16
6355.531333923336	    6.464262e-16
6357.8190605640375	      6.3297e-16
6360.106787204739	    6.442992e-16
6362.39451384544	    6.714671e-16
6364.682240486141	   6.9298217e-16
6366.969967126843	    7.012679e-16
6369.257693767544	   6.9459883e-16
6371.545420408245	    6.818212e-16
6373.833147048947	   6.7439974e-16
6376.120873689648	   6.7545663e-16
6378.408600330349	    6.853272e-16
6380.69632697105	      7.0307e-16
6382.984053611752	    7.250294e-16
6385.271780252453	   7.3773864e-16
6387.559506893154	      7.3501e-16
6389.847233533856	    7.406953e-16
6392.134960174557	    7.636909e-16
6394.422686815258	    7.649333e-16
6396.7104134559595	   7.3393107e-16
6398.998140096661	      7.2131e-16
6401.285866737362	     7.49418e-16
6403.573593378063	    7.963176e-16
6405.861320018765	    8.376896e-16
6408.149046659466	   8.4284167e-16
6410.436773300167	   8.2123195e-16
6412.724499940869	    8.259395e-16
6415.01222658157	   8.5855265e-16
6417.299953222271	   8.8002255e-16
6419.587679862972	    8.830598e-16
6421.875406503674	   8.7879817e-16
6424.163133144375	   8.7564704e-16
6426.450859785076	   8.8144964e-16
6428.738586425778	    8.952112e-16
6431.026313066479	     9.11984e-16
6433.31403970718	    9.241378e-16
6435.6017663478815	    9.248944e-16
6437.889492988583	    9.306372e-16
6440.177219629284	    9.584833e-16
6442.464946269985	    9.869465e-16
6444.752672910687	    9.946685e-16
6447.040399551388	   1.0011526e-15
6449.328126192089	   1.0230066e-15
6451.615852832791	   1.0425775e-15
6453.903579473492	   1.0472525e-15
6456.191306114193	     1.04893e-15
6458.479032754894	   1.0557961e-15
6460.766759395596	   1.0639235e-15
6463.054486036297	   1.0707063e-15
6465.342212676998	   1.0768244e-15
 6467.6299393177	   1.0811904e-15
6469.917665958401	   1.0779819e-15
6472.205392599102	   1.0764623e-15
6474.4931192398035	   1.1068799e-15
6476.780845880505	   1.1583561e-15
6479.068572521206	   1.1795974e-15
6481.356299161907	   1.1703434e-15
6483.644025802609	   1.1678361e-15
6485.93175244331	   1.1853223e-15
6488.219479084011	   1.2230688e-15
6490.507205724713	   1.2588927e-15
6492.794932365414	   1.2605951e-15
6495.082659006115	   1.2437334e-15
6497.370385646816	   1.2404057e-15
6499.658112287518	   1.2527076e-15
6501.945838928219	   1.2735176e-15
6504.23356556892	   1.2881574e-15
6506.521292209622	   1.2837721e-15
6508.809018850323	   1.2792218e-15
6511.096745491024	   1.2929133e-15
6513.3844721317255	   1.3110339e-15
6515.672198772427	   1.3198598e-15
6517.959925413128	     1.32056e-15
6520.247652053829	   1.3173853e-15
6522.535378694531	   1.3206691e-15
6524.823105335232	   1.3359097e-15
6527.110831975933	   1.3575737e-15
6529.398558616635	   1.3753685e-15
6531.686285257336	   1.3695201e-15
6533.974011898037	   1.3417693e-15
6536.261738538738	    1.326345e-15
6538.54946517944	   1.3366007e-15
6540.837191820141	   1.3608653e-15
6543.124918460842	   1.3885365e-15
6545.412645101544	   1.4094926e-15
6547.700371742245	    1.419303e-15
6549.988098382945	   1.4181571e-15
6552.275825023647	   1.4179986e-15
6554.563551664348	   1.4377397e-15
6556.851278305049	   1.4629067e-15
6559.1390049457505	   1.4644054e-15
6561.426731586452	    1.458967e-15
6563.714458227153	   1.4765417e-15
6566.002184867854	   1.4945266e-15
6568.289911508556	    1.481572e-15
6570.577638149257	   1.4570382e-15
6572.865364789958	   1.4465833e-15
6575.1530914306595	   1.4448286e-15
6577.440818071361	   1.4432994e-15
6579.728544712062	   1.4446018e-15
6582.016271352763	   1.4487884e-15
6584.303997993465	   1.4411088e-15
6586.591724634166	   1.4178704e-15
6588.879451274867	   1.4121357e-15
6591.167177915569	   1.4366355e-15
6593.45490455627	   1.4538112e-15
6595.742631196971	   1.4430284e-15
6598.030357837672	   1.4151158e-15
6600.318084478374	   1.3855216e-15
6602.605811119075	   1.3773429e-15
6604.893537759776	   1.3920297e-15
6607.181264400478	   1.4061533e-15
6609.468991041179	   1.4034747e-15
6611.75671768188	   1.3733084e-15
6614.0444443225815	    1.332079e-15
6616.332170963283	   1.3156769e-15
6618.619897603984	   1.3254899e-15
6620.907624244685	   1.3432597e-15
6623.195350885387	   1.3551646e-15
6625.483077526088	   1.3496035e-15
6627.770804166789	   1.3361426e-15
6630.058530807491	    1.331145e-15
6632.346257448192	   1.3318226e-15
6634.633984088893	   1.3303784e-15
6636.921710729594	   1.3219968e-15
6639.209437370296	   1.3034735e-15
6641.497164010997	   1.2753914e-15
6643.784890651698	   1.2418741e-15
 6646.0726172924	    1.218105e-15
6648.360343933101	   1.2140467e-15
6650.648070573802	   1.2194534e-15
6652.9357972145035	   1.2223438e-15
6655.223523855205	   1.2095698e-15
6657.511250495906	   1.1813653e-15
6659.798977136607	   1.1698706e-15
6662.086703777309	   1.1836793e-15
6664.37443041801	    1.186351e-15
6666.662157058711	   1.1686738e-15
6668.949883699413	   1.1607548e-15
6671.237610340114	   1.1652928e-15
6673.525336980815	   1.1556956e-15
6675.813063621516	   1.1299912e-15
6678.100790262218	   1.1065804e-15
6680.388516902919	   1.0862007e-15
6682.67624354362	   1.0582334e-15
6684.963970184322	   1.0285104e-15
6687.251696825023	   1.0108378e-15
6689.539423465724	    9.982361e-16
6691.8271501064255	    9.761335e-16
6694.114876747127	    9.540219e-16
6696.402603387828	    9.471907e-16
6698.690330028529	    9.507851e-16
6700.978056669231	    9.552073e-16
6703.265783309932	    9.539409e-16
6705.553509950633	    9.430647e-16
6707.841236591335	    9.322296e-16
6710.128963232036	    9.295293e-16
6712.416689872737	    9.251185e-16
6714.704416513438	    9.109491e-16
6716.99214315414	     8.91702e-16
6719.279869794841	   8.7115904e-16
6721.567596435542	    8.482716e-16
6723.855323076244	   8.2322005e-16
6726.143049716945	    7.974181e-16
6728.430776357646	    7.751477e-16
6730.7185029983475	   7.6621314e-16
6733.006229639049	    7.701703e-16
6735.29395627975	    7.726843e-16
6737.581682920451	    7.687523e-16
6739.869409561153	     7.64335e-16
6742.157136201854	    7.562078e-16
6744.444862842555	   7.3293464e-16
6746.732589483257	   7.0668075e-16
6749.020316123958	    7.048223e-16
6751.308042764659	   7.1183177e-16
6753.59576940536	    6.918452e-16
6755.883496046062	    6.531973e-16
6758.171222686763	    6.208792e-16
6760.458949327464	    6.061673e-16
6762.746675968166	   6.1398395e-16
6765.034402608867	   6.2518004e-16
6767.322129249568	    6.178801e-16
6769.6098558902695	   5.9940996e-16
6771.897582530971	    5.826373e-16
6774.185309171672	   5.7939923e-16
6776.473035812373	    5.952212e-16
6778.760762453075	    6.096099e-16
6781.048489093776	    6.057027e-16
6783.336215734477	   5.8670976e-16
6785.623942375179	   5.6162424e-16
6787.91166901588	    5.529835e-16
6790.199395656581	    5.641873e-16
6792.487122297282	    5.547597e-16
6794.774848937984	    5.161012e-16
6797.062575578685	    4.941248e-16
6799.350302219386	    5.016122e-16
6801.638028860088	    5.081411e-16
6803.925755500789	   5.0706404e-16
6806.21348214149	   5.1569473e-16
6808.501208782191	   5.2606093e-16
6810.788935422892	    5.110407e-16
6813.076662063593	    4.829773e-16
6815.3643887042945	    4.777841e-16
6817.652115344996	   4.9096047e-16
6819.939841985697	   4.9907277e-16
6822.227568626398	    4.964046e-16
 6824.5152952671	    4.839516e-16
6826.803021907801	   4.7440775e-16
6829.090748548502	   4.8207816e-16
6831.3784751892035	    4.935716e-16
6833.666201829905	    4.917432e-16
6835.953928470606	   4.7946274e-16
6838.241655111307	     4.64154e-16
6840.529381752009	    4.595296e-16
6842.81710839271	   4.7359317e-16
6845.104835033411	    4.862978e-16
6847.392561674113	    4.832038e-16
6849.680288314814	    4.785769e-16
6851.968014955515	   4.8031665e-16
6854.2557415962165	    4.760063e-16
6856.543468236918	   4.6048004e-16
6858.831194877619	   4.4175312e-16
6861.11892151832	    4.283948e-16
6863.406648159022	   4.3100112e-16
6865.694374799723	   4.4664106e-16
6867.982101440424	     4.54109e-16
6870.2698280811255	   4.5342177e-16
6872.557554721827	    4.658363e-16
6874.845281362528	   4.8932543e-16
6877.133008003229	   5.0490295e-16
6879.420734643931	    5.089807e-16
6881.708461284632	    5.068298e-16
6883.996187925333	   5.0123815e-16
6886.283914566035	    4.947798e-16
6888.571641206736	     4.86705e-16
6890.859367847437	   4.7522874e-16
6893.1470944881385	   4.6948326e-16
6895.43482112884	   4.7935887e-16
6897.722547769541	   4.9733926e-16
6900.010274410242	    5.124769e-16
6902.298001050944	    5.193307e-16
6904.585727691645	   5.1550277e-16
6906.873454332346	   5.1061767e-16
6909.1611809730475	   5.1117994e-16
6911.448907613749	    5.016123e-16
6913.73663425445	    4.739457e-16
6916.024360895151	     4.46903e-16
6918.312087535853	   4.3530873e-16
6920.599814176554	   4.4302986e-16
6922.887540817255	    4.641902e-16
6925.175267457957	    4.746237e-16
6927.462994098658	   4.6679753e-16
6929.750720739359	   4.6039195e-16
6932.0384473800605	   4.6162586e-16
6934.326174020762	   4.5920255e-16
6936.613900661463	    4.591154e-16
6938.901627302164	     4.83051e-16
6941.189353942866	    5.212405e-16
6943.477080583567	   5.4178927e-16
6945.764807224268	    5.406799e-16
6948.0525338649695	   5.3012605e-16
6950.340260505671	   5.1832344e-16
6952.627987146372	   5.1211316e-16
6954.915713787073	    5.112138e-16
6957.203440427775	   5.1200166e-16
6959.491167068476	    5.121715e-16
6961.778893709177	    5.098889e-16
6964.066620349879	   5.0779255e-16
6966.35434699058	   5.0859035e-16
6968.642073631281	    5.053346e-16
6970.9298002719825	   4.9310854e-16
6973.217526912684	   4.8627447e-16
6975.505253553385	    4.940086e-16
6977.792980194086	    4.943841e-16
6980.080706834788	    4.773576e-16
6982.368433475489	   4.7717363e-16
6984.65616011619	    5.075357e-16
6986.9438867568915	   5.3075487e-16
6989.231613397593	    5.273913e-16
6991.519340038294	   5.1258845e-16
6993.807066678995	   4.9853495e-16
6996.094793319697	    4.941389e-16
6998.382519960398	   4.9919495e-16
7000.670246601099	    5.011205e-16
7002.957973241801	    4.980357e-16
7005.245699882502	    4.982509e-16
7007.533426523203	   5.0008984e-16
7009.8211531639045	    4.953526e-16
7012.108879804606	    4.879859e-16
7014.396606445307	   4.8764253e-16
7016.684333086008	   4.9628804e-16
7018.97205972671	    5.124921e-16
7021.259786367411	    5.213782e-16
7023.547513008112	    5.058707e-16
7025.8352396488135	    4.878893e-16
7028.122966289515	    4.948213e-16
7030.410692930216	   5.0465413e-16
7032.698419570917	   4.9154667e-16
7034.986146211619	   4.6801074e-16
7037.27387285232	    4.499286e-16
7039.561599493021	   4.4412246e-16
7041.849326133723	   4.5122266e-16
7044.137052774424	     4.48946e-16
7046.424779415125	     4.27878e-16
7048.712506055826	     4.23448e-16
7051.000232696528	    4.494919e-16
7053.287959337229	   4.6740453e-16
7055.57568597793	   4.5912807e-16
7057.863412618632	   4.4344544e-16
7060.151139259333	   4.3355387e-16
7062.438865900034	   4.3638005e-16
7064.7265925407355	    4.485029e-16
7067.014319181437	    4.530441e-16
7069.302045822138	    4.488311e-16
7071.589772462839	    4.491415e-16
7073.877499103541	    4.514528e-16
7076.165225744242	   4.4307224e-16
7078.452952384943	    4.299993e-16
7080.740679025645	   4.2707631e-16
7083.028405666346	   4.3408676e-16
7085.316132307047	   4.4486774e-16
7087.603858947748	    4.492728e-16
7089.89158558845	    4.374801e-16
7092.179312229151	   4.3029536e-16
7094.467038869852	   4.5077627e-16
7096.754765510554	    4.723809e-16
7099.042492151255	     4.66279e-16
7101.330218791956	    4.464262e-16
7103.6179454326575	   4.3092245e-16
7105.905672073359	   4.2895223e-16
7108.19339871406	   4.4286657e-16
7110.481125354761	   4.5366815e-16
7112.768851995463	   4.4839785e-16
7115.056578636164	    4.355049e-16
7117.344305276865	    4.237179e-16
7119.632031917567	    4.221485e-16
7121.919758558268	   4.2794656e-16
7124.207485198969	   4.1440785e-16
7126.49521183967	   3.8420882e-16
7128.782938480372	    3.813695e-16
7131.070665121073	   4.0851314e-16
7133.358391761774	   4.2479335e-16
7135.646118402476	    4.211616e-16
7137.933845043177	   4.1421155e-16
7140.221571683878	    4.070428e-16
7142.5092983245795	   3.9523987e-16
7144.797024965281	   3.8801727e-16
7147.084751605982	   3.9977115e-16
7149.372478246683	   4.2352727e-16
7151.660204887385	    4.439446e-16
7153.947931528086	   4.5801565e-16
7156.235658168787	   4.6671674e-16
7158.523384809489	    4.719965e-16
7160.81111145019	   4.7615227e-16
7163.098838090891	   4.7404585e-16
7165.386564731592	   4.6203127e-16
7167.674291372294	    4.514167e-16
7169.962018012995	   4.5219283e-16
7172.249744653696	    4.625373e-16
7174.537471294398	     4.76681e-16
7176.825197935099	    4.784909e-16
 7179.1129245758	    4.635042e-16
7181.4006512165015	   4.5993757e-16
7183.688377857203	    4.814685e-16
7185.976104497904	   5.1021294e-16
7188.263831138605	   5.3172334e-16
7190.551557779307	   5.3635254e-16
7192.839284420008	    5.291403e-16
7195.127011060709	    5.369167e-16
7197.414737701411	   5.5822785e-16
7199.702464342112	    5.604152e-16
7201.990190982813	    5.500551e-16
7204.277917623514	   5.6610934e-16
7206.565644264216	    5.909028e-16
7208.853370904917	   5.7175613e-16
7211.141097545618	   5.3557554e-16
7213.42882418632	    5.456526e-16
7215.716550827021	    5.742586e-16
7218.004277467722	   5.6389906e-16
7220.2920041084235	    5.283279e-16
7222.579730749125	    5.004626e-16
7224.867457389826	     5.04504e-16
7227.155184030527	    5.544913e-16
7229.442910671229	   5.9942176e-16
7231.73063731193	    5.916984e-16
7234.018363952631	   5.7260354e-16
7236.306090593333	   5.8186145e-16
7238.593817234034	    6.015786e-16
7240.881543874735	   6.1439985e-16
7243.169270515436	   6.1747844e-16
7245.456997156138	   6.1318515e-16
7247.744723796839	    6.190038e-16
7250.03245043754	    6.392751e-16
7252.320177078242	   6.5084535e-16
7254.607903718943	   6.4255125e-16
7256.895630359644	   6.2083396e-16
7259.1833570003455	    5.985444e-16
7261.471083641047	     5.98996e-16
7263.758810281748	    6.153022e-16
7266.046536922449	   6.0881573e-16
7268.334263563151	    5.859026e-16
7270.621990203852	   5.8750946e-16
7272.909716844553	     6.08711e-16
7275.197443485255	   6.1775585e-16
7277.485170125956	   6.1916007e-16
7279.772896766657	    6.329823e-16
7282.060623407358	   6.4859663e-16
7284.34835004806	   6.4690786e-16
7286.636076688761	   6.3550966e-16
7288.923803329462	    6.282815e-16
7291.211529970164	    6.357113e-16
7293.499256610865	   6.6242217e-16
7295.786983251566	    6.724443e-16
7298.0747098922675	     6.36722e-16
7300.362436532969	    5.993049e-16
7302.65016317367	     5.97632e-16
7304.937889814371	    6.021507e-16
7307.225616455073	    5.924897e-16
7309.513343095774	    5.964202e-16
7311.801069736475	   6.2444497e-16
7314.088796377177	    6.408189e-16
7316.376523017878	    6.329635e-16
7318.664249658579	   6.3565016e-16
7320.95197629928	   6.5664546e-16
7323.239702939982	    6.614127e-16
7325.527429580683	    6.462816e-16
7327.815156221384	    6.438858e-16
7330.102882862086	   6.5725193e-16
7332.390609502787	   6.6247093e-16
7334.678336143488	    6.578655e-16
7336.9660627841895	    6.580214e-16
7339.253789424891	   6.5545315e-16
7341.541516065592	   6.3057564e-16
7343.829242706293	    6.038003e-16
7346.116969346995	    6.114476e-16
7348.404695987696	    6.305073e-16
7350.692422628397	   6.2042686e-16
7352.980149269099	    5.984151e-16
 7355.2678759098	   5.9391526e-16
7357.555602550501	   6.0003417e-16
7359.843329191202	    6.044457e-16
7362.131055831904	   6.0533617e-16
7364.418782472605	   6.0363454e-16
7366.706509113306	   6.1384954e-16
7368.994235754008	    6.417736e-16
7371.281962394709	    6.486648e-16
7373.56968903541	    6.172189e-16
7375.8574156761115	   6.0690027e-16
7378.145142316813	    6.429219e-16
7380.432868957514	   6.6080894e-16
7382.720595598215	   6.3413545e-16
7385.008322238917	    6.101842e-16
7387.296048879618	    6.073462e-16
7389.583775520319	    6.025841e-16
7391.8715021610205	   5.9087637e-16
7394.159228801722	    5.851003e-16
7396.446955442423	   5.8874163e-16
7398.734682083124	    5.990152e-16
7401.022408723826	    6.089085e-16
7403.310135364527	    6.069919e-16
7405.597862005228	   6.0448983e-16
7407.88558864593	    6.256216e-16
7410.173315286631	     6.49841e-16
7412.461041927332	   6.3959823e-16
7414.7487685680335	    6.192027e-16
7417.036495208735	   6.2990315e-16
7419.324221849436	   6.6104733e-16
7421.611948490137	   6.8941954e-16
7423.899675130839	    7.064807e-16
7426.18740177154	   7.0812743e-16
7428.475128412241	     6.99875e-16
7430.7628550529425	   6.8973406e-16
7433.050581693644	   6.8778525e-16
7435.338308334345	   6.9706264e-16
7437.626034975046	    6.916782e-16
7439.913761615748	    6.603643e-16
7442.201488256449	   6.4057947e-16
7444.48921489715	    6.513369e-16
7446.776941537852	    6.661494e-16
7449.064668178553	   6.6954905e-16
7451.352394819254	   6.6633424e-16
7453.6401214599555	   6.6180696e-16
7455.927848100657	    6.640124e-16
7458.215574741358	    6.722186e-16
7460.503301382059	    6.744201e-16
7462.791028022761	    6.733034e-16
7465.078754663462	    6.834815e-16
7467.366481304163	   7.0620514e-16
7469.6542079448645	   7.3522947e-16
7471.941934585566	   7.5417294e-16
7474.229661226267	   7.4107897e-16
7476.517387866968	   7.2444605e-16
7478.80511450767	   7.5120467e-16
7481.092841148371	   7.8751575e-16
7483.380567789072	   7.7898354e-16
7485.668294429774	    7.505999e-16
7487.956021070475	   7.4203575e-16
7490.243747711176	   7.4788785e-16
7492.5314743518775	   7.5486867e-16
7494.819200992579	    7.514264e-16
7497.10692763328	    7.303181e-16
7499.394654273981	    7.054866e-16
7501.682380914683	    6.895604e-16
7503.970107555384	    6.784984e-16
7506.257834196085	     6.71271e-16
7508.5455608367865	   6.8032575e-16
7510.833287477488	    7.053842e-16
7513.121014118189	    7.195661e-16
7515.40874075889	    7.114627e-16
7517.696467399592	    6.958831e-16
7519.984194040293	    6.847084e-16
7522.271920680994	    6.865437e-16
7524.559647321696	   6.9791327e-16
7526.847373962397	    7.011126e-16
7529.135100603098	    6.935158e-16
7531.4228272437995	    6.852387e-16
7533.710553884501	   6.7714286e-16
7535.998280525202	    6.653379e-16
7538.286007165903	    6.462084e-16
7540.573733806605	   6.1593033e-16
7542.861460447306	    5.891155e-16
7545.149187088007	     5.86271e-16
7547.4369137287085	    5.904812e-16
7549.72464036941	    5.759896e-16
7552.012367010111	    5.605645e-16
7554.300093650812	   5.6796386e-16
7556.587820291514	    5.805489e-16
7558.875546932215	   5.7968584e-16
7561.163273572916	   5.9187677e-16
7563.451000213618	   6.3439485e-16
7565.738726854319	   6.5807885e-16
7568.02645349502	   6.3134935e-16
7570.3141801357215	   5.9983125e-16
7572.601906776423	    5.955829e-16
7574.889633417124	    6.032196e-16
7577.177360057825	      6.0723e-16
7579.465086698527	    5.955004e-16
7581.752813339228	   5.5976845e-16
7584.040539979929	    4.980358e-16
7586.3282666206305	   4.2461007e-16
7588.615993261332	   3.7555863e-16
7590.903719902033	   3.5338357e-16
7593.191446542734	    3.247482e-16
7595.479173183436	   2.9560897e-16
7597.766899824137	    3.009485e-16
7600.054626464838	   3.5258014e-16
7602.34235310554	   4.4601775e-16
7604.630079746241	   5.6624634e-16
7606.917806386942	    6.914321e-16
7609.2055330276435	   7.8068904e-16
7611.493259668345	   7.9293766e-16
7613.780986309046	     7.41277e-16
7616.068712949747	    6.598604e-16
7618.356439590449	   5.7696713e-16
7620.64416623115	   5.1774487e-16
7622.931892871851	   5.0137643e-16
7625.2196195125525	   5.3309977e-16
7627.507346153254	    5.681749e-16
7629.795072793955	    5.692387e-16
7632.082799434656	    5.648574e-16
7634.370526075358	    5.769688e-16
7636.658252716059	   5.8197426e-16
7638.94597935676	   5.6927544e-16
7641.233705997462	    5.657474e-16
7643.521432638163	   5.8039105e-16
7645.809159278864	   5.8374366e-16
7648.0968859195655	   5.7044567e-16
7650.384612560267	    5.742895e-16
7652.672339200968	   5.9962256e-16
7654.960065841669	    6.154526e-16
7657.247792482371	    6.115756e-16
7659.535519123072	    5.966999e-16
7661.823245763773	   5.8017257e-16
7664.1109724044745	    5.727728e-16
7666.398699045176	    5.777399e-16
7668.686425685877	    5.922064e-16
7670.974152326578	    6.133652e-16
7673.26187896728	    6.380714e-16
7675.549605607981	   6.5500497e-16
7677.837332248682	   6.5227276e-16
7680.125058889384	    6.374972e-16
7682.412785530085	    6.238918e-16
7684.700512170786	     6.25121e-16
7686.9882388114875	   6.4933376e-16
7689.275965452189	   6.6585085e-16
7691.56369209289	    6.475089e-16
7693.851418733591	   6.2055693e-16
7696.139145374293	    6.107482e-16
7698.426872014994	    6.145082e-16
7700.714598655695	    6.247937e-16
7703.0023252963965	   6.2930795e-16
7705.290051937098	    6.245055e-16
7707.577778577799	   6.3190495e-16
 7709.8655052185	    6.585649e-16
7712.153231859202	    6.816233e-16
7714.440958499903	   6.9298407e-16
7716.728685140604	   7.0862925e-16
7719.016411781306	   7.2784615e-16
7721.304138422005	    7.284831e-16
7723.591865062706	    7.208416e-16
7725.879591703408	   7.4589875e-16
7728.167318344109	   7.9385495e-16
7730.45504498481	    8.174223e-16
7732.7427716255115	     8.18744e-16
7735.030498266213	   8.2883264e-16
7737.318224906914	   8.3340874e-16
7739.605951547615	   8.0059034e-16
7741.893678188317	     7.64238e-16
7744.181404829018	    7.754723e-16
7746.469131469719	   8.0016275e-16
7748.756858110421	    7.876696e-16
7751.044584751122	     7.60471e-16
7753.332311391823	    7.509527e-16
7755.6200380325245	    7.496034e-16
7757.907764673226	   7.4582215e-16
7760.195491313927	    7.559185e-16
7762.483217954628	    7.892523e-16
7764.77094459533	     8.21857e-16
7767.058671236031	   8.3711694e-16
7769.346397876732	    8.473522e-16
7771.6341245174335	   8.6188286e-16
7773.921851158135	     8.82226e-16
7776.209577798836	    9.011921e-16
7778.497304439537	    8.909646e-16
7780.785031080239	   8.5791314e-16
7783.07275772094	   8.6126337e-16
7785.360484361641	    9.037083e-16
7787.648211002343	    9.215806e-16
7789.935937643044	    9.065352e-16
7792.223664283745	    8.997583e-16
7794.5113909244465	     8.98424e-16
7796.799117565148	   8.7099704e-16
7799.086844205849	    8.278653e-16
7801.37457084655	   8.0078574e-16
7803.662297487252	   7.8898716e-16
7805.950024127953	   7.7797636e-16
7808.237750768654	   7.7029356e-16
7810.5254774093555	   7.7287606e-16
7812.813204050057	    7.743462e-16
7815.100930690758	   7.6246687e-16
7817.388657331459	    7.631564e-16
7819.676383972161	    8.007562e-16
7821.964110612862	    8.427569e-16
7824.251837253563	    8.573169e-16
7826.539563894265	   8.5756416e-16
7828.827290534966	    8.583638e-16
7831.115017175667	    8.617909e-16
7833.4027438163685	   8.6833535e-16
7835.69047045707	   8.7435225e-16
7837.978197097771	    8.763616e-16
7840.265923738472	    8.735416e-16
7842.553650379174	    8.645842e-16
7844.841377019875	    8.466702e-16
7847.129103660576	   8.2286657e-16
7849.4168303012775	   8.0415355e-16
7851.704556941979	    7.934486e-16
7853.99228358268	    7.845971e-16
7856.280010223381	    7.745432e-16
7858.567736864083	   7.6332486e-16
7860.855463504784	   7.4790823e-16
7863.143190145485	    7.232056e-16
7865.430916786187	     7.00247e-16
7867.718643426888	    6.978989e-16
7870.006370067589	   7.0785723e-16
7872.29409670829	   7.1156416e-16
7874.581823348992	    7.074826e-16
7876.869549989693	    6.998841e-16
7879.157276630394	   7.1079056e-16
7881.445003271096	     7.59666e-16
7883.732729911797	    8.037155e-16
7886.020456552498	    8.000759e-16
7888.3081831931995	   7.8200316e-16
7890.595909833901	   7.8349235e-16
7892.883636474602	    7.871429e-16
7895.171363115303	   7.7810956e-16
7897.459089756005	    7.674363e-16
7899.746816396706	    7.607295e-16
7902.034543037407	   7.4617335e-16
7904.322269678109	   7.1942897e-16
7906.60999631881	    6.914645e-16
7908.897722959511	      6.7166e-16
7911.185449600212	     6.66078e-16
7913.473176240914	    6.743705e-16
7915.760902881615	   6.8958456e-16
7918.048629522316	     6.95368e-16
7920.336356163018	    6.652458e-16
7922.624082803719	    6.095832e-16
7924.91180944442	   5.6881714e-16
7927.1995360851215	    5.582746e-16
7929.487262725823	   5.7621624e-16
7931.774989366524	   6.0848994e-16
7934.062716007225	   6.3303187e-16
7936.350442647927	    6.488617e-16
7938.638169288628	    6.645642e-16
7940.925895929329	    6.667396e-16
7943.213622570031	   6.3942205e-16
7945.501349210732	   6.1605934e-16
7947.789075851433	    6.327534e-16
7950.076802492134	    6.458643e-16
7952.364529132836	    6.115768e-16
7954.652255773537	   5.7247124e-16
7956.939982414238	   5.6844005e-16
7959.22770905494	    5.780244e-16
7961.515435695641	   5.7993445e-16
7963.803162336342	   5.7442254e-16
7966.0908889770435	    5.599299e-16
7968.378615617745	   5.2525233e-16
7970.666342258446	    4.770515e-16
7972.954068899147	    4.596285e-16
7975.241795539849	   4.8120794e-16
7977.52952218055	   4.8887867e-16
7979.817248821251	    4.677968e-16
7982.104975461953	    4.523997e-16
7984.392702102654	   4.5399124e-16
7986.680428743355	    4.639422e-16
7988.968155384056	    4.700937e-16
7991.255882024758	   4.5394634e-16
7993.543608665459	    4.351117e-16
7995.83133530616	   4.5775635e-16
7998.119061946862	    4.981771e-16
8000.406788587563	    5.011255e-16
8002.694515228264	   4.8132573e-16
8004.9822418689655	     4.77721e-16
8007.269968509667	   4.8992926e-16
8009.557695150368	   5.0619557e-16
8011.845421791069	   5.0650167e-16
8014.133148431771	    4.745031e-16
8016.420875072472	    4.396323e-16
8018.708601713173	   4.3188807e-16
8020.996328353875	    4.377577e-16
8023.284054994576	   4.4006223e-16
8025.571781635277	    4.304454e-16
8027.859508275978	   4.0727208e-16
8030.14723491668	   3.9052745e-16
8032.434961557381	   3.9076039e-16
8034.722688198082	   3.8894755e-16
8037.010414838784	    3.773108e-16
8039.298141479485	   3.7320235e-16
8041.585868120186	   3.8097864e-16
8043.8735947608875	    3.835814e-16
8046.161321401589	    3.807421e-16
8048.44904804229	   3.9373487e-16
8050.736774682991	   4.1845834e-16
8053.024501323693	    4.265167e-16
8055.312227964394	   4.1697981e-16
8057.599954605095	   4.0961984e-16
8059.887681245797	   4.0835646e-16
8062.175407886498	   4.0756541e-16
8064.463134527199	   4.1297438e-16
 8066.7508611679	   4.3428443e-16
8069.038587808602	   4.5384486e-16
8071.326314449303	   4.4634867e-16
8073.614041090004	   4.2945505e-16
8075.901767730706	    4.298719e-16
8078.189494371407	   4.3015795e-16
8080.477221012108	   4.0877005e-16
8082.7649476528095	   3.8263607e-16
8085.052674293511	   3.7023675e-16
8087.340400934212	   3.6754292e-16
8089.628127574913	   3.6759266e-16
8091.915854215615	   3.6039073e-16
8094.203580856316	    3.431308e-16
8096.491307497017	   3.3854035e-16
8098.779034137719	    3.563915e-16
8101.06676077842	   3.7215907e-16
8103.354487419121	   3.7136487e-16
8105.642214059822	   3.5972115e-16
8107.929940700524	   3.4571134e-16
8110.217667341225	   3.4213807e-16
8112.505393981926	    3.533765e-16
8114.793120622628	   3.7244002e-16
8117.080847263329	    3.944508e-16
8119.36857390403	   4.1758115e-16
8121.6563005447315	   4.3318673e-16
8123.944027185433	   4.2738233e-16
8126.231753826134	   4.1539465e-16
8128.519480466835	    4.289445e-16
8130.807207107537	    4.528803e-16
8133.094933748238	    4.519929e-16
8135.382660388939	   4.3472407e-16
8137.670387029641	   4.2367378e-16
8139.958113670342	   4.1281884e-16
8142.245840311043	    3.911228e-16
8144.533566951744	   3.7270972e-16
8146.821293592446	   3.7188315e-16
8149.109020233147	    3.725183e-16
8151.396746873848	   3.5881115e-16
8153.68447351455	   3.3747127e-16
8155.972200155251	    3.190761e-16
8158.259926795952	    3.219396e-16
8160.5476534366535	    3.509215e-16
8162.835380077355	   3.6939853e-16
8165.123106718056	    3.571949e-16
8167.410833358757	   3.3687244e-16
8169.698559999459	    3.258092e-16
8171.98628664016	   3.3012815e-16
8174.274013280861	    3.477047e-16
8176.561739921563	   3.6340244e-16
8178.849466562264	   3.6916438e-16
8181.137193202965	   3.6588718e-16
8183.424919843666	    3.579388e-16
8185.712646484368	   3.5299405e-16
8188.000373125069	   3.5627087e-16
8190.28809976577	   3.7038445e-16
8192.575826406472	   3.9116469e-16
8194.863553047173	   4.1071976e-16
8197.151279687874	   4.2177704e-16
8199.439006328575	   4.1829219e-16
8201.726732969277	    4.100582e-16
8204.014459609978	   4.1099328e-16
8206.30218625068	   4.1494482e-16
8208.58991289138	   4.1116888e-16
8210.877639532082	   3.9398692e-16
8213.165366172783	   3.6184758e-16
8215.453092813485	   3.3010015e-16
8217.740819454186	   3.1326807e-16
8220.028546094887	    3.088518e-16
8222.316272735588	    3.113439e-16
8224.60399937629	    3.123687e-16
8226.891726016991	   3.0830117e-16
8229.179452657692	   3.1358237e-16
8231.467179298394	    3.303865e-16
8233.754905939095	   3.3081187e-16
8236.042632579796	    3.052917e-16
8238.330359220497	   2.7603454e-16
8240.618085861199	   2.5805243e-16
 8242.9058125019	   2.5753825e-16
8245.193539142601	   2.6609982e-16
8247.481265783303	   2.5772738e-16
8249.768992424004	   2.3163122e-16
8252.056719064705	   2.0876722e-16
8254.344445705407	   1.9785456e-16
8256.632172346108	   1.9989966e-16
8258.91989898681	   2.0525646e-16
8261.20762562751	   1.9848708e-16
8263.495352268212	   1.8086847e-16
8265.783078908913	   1.6129965e-16
8268.070805549614	   1.4721607e-16
8270.358532190316	     1.44125e-16
8272.646258831017	   1.5341731e-16
8274.933985471718	   1.7235544e-16
8277.22171211242	   1.6635235e-16
8279.50943875312	   1.0926399e-16
8281.797165393822	    6.193713e-17
8284.084892034523	   7.6479994e-17
8286.372618675225	  1.05991066e-16
8288.660345315926	   1.0936169e-16
8290.948071956627	  1.05195106e-16
8293.235798597329	  1.06490974e-16
8295.52352523803	    1.027793e-16
8297.811251878731	    8.934236e-17
8300.098978519432	    7.176287e-17
8302.386705160134	    5.568002e-17
8304.674431800835	    4.677859e-17
8306.962158441536	   4.7140573e-17
8309.249885082238	     5.35231e-17
8311.537611722939	    6.338169e-17
8313.82533836364	   7.5859794e-17
8316.113065004341	    8.533521e-17
8318.400791645043	   8.2278153e-17
8320.688518285744	    7.332671e-17
8322.976244926445	    7.528785e-17
8325.263971567147	    8.809684e-17
8327.551698207848	  1.02993204e-16
8329.83942484855	   1.1315291e-16
8332.12715148925	   1.1311712e-16
8334.414878129952	   1.0639134e-16
8336.702604770653	    9.959024e-17
8338.990331411354	    1.006034e-16
8341.278058052056	   1.1480747e-16
8343.565784692757	   1.2534886e-16
8345.853511333458	   1.1652039e-16
8348.14123797416	   1.0321714e-16
8350.42896461486	   1.0090465e-16
8352.716691255562	   1.0877339e-16
8355.004417896263	   1.2298879e-16
8357.292144536965	   1.3469032e-16
8359.579871177666	   1.3888283e-16
8361.867597818367	    1.439184e-16
8364.155324459069	   1.5270138e-16
8366.44305109977	   1.5314272e-16
8368.730777740471	   1.4811414e-16
8371.018504381173	   1.6649037e-16
8373.306231021874	   2.0803391e-16
8375.593957662575	   2.3512576e-16
8377.881684303276	    2.382039e-16
8380.169410943978	   2.3437632e-16
8382.457137584679	    2.382845e-16
8384.74486422538	   2.6502713e-16
8387.032590866082	    2.974086e-16
8389.320317506783	   2.9752474e-16
8391.608044147484	    2.766098e-16
8393.895770788185	    2.692028e-16
8396.183497428887	    2.782063e-16
8398.471224069588	   2.9428775e-16
8400.75895071029	    3.057273e-16
8403.04667735099	   3.0103022e-16
8405.334403991692	   2.8732964e-16
8407.622130632393	   2.7562119e-16
8409.909857273095	     2.65252e-16
8412.197583913796	   2.5429742e-16
8414.485310554497	   2.4763932e-16
8416.773037195198	   2.4657198e-16
 8419.0607638359	   2.3385288e-16
8421.348490476601	   2.0110802e-16
8423.636217117302	   1.7324264e-16
8425.923943758004	   1.6528808e-16
8428.211670398705	   1.6079025e-16
8430.499397039406	   1.5348716e-16
8432.787123680107	   1.5955143e-16
8435.074850320809	   1.8256386e-16
8437.36257696151	   2.0865802e-16
8439.650303602211	    2.249252e-16
8441.938030242913	   2.1889412e-16
8444.225756883614	    1.952468e-16
8446.513483524315	   1.7534422e-16
8448.801210165017	   1.7032021e-16
8451.088936805718	   1.8329728e-16
8453.37666344642	   2.0465428e-16
8455.66439008712	   2.1625243e-16
8457.952116727822	   2.1970105e-16
8460.239843368523	   2.2609488e-16
8462.527570009224	   2.3191116e-16
8464.815296649926	    2.296449e-16
8467.103023290627	   2.1879496e-16
8469.390749931328	   2.0170382e-16
8471.67847657203	   1.9136138e-16
8473.96620321273	   1.9943957e-16
8476.253929853432	   2.1263313e-16
8478.541656494133	   2.1661811e-16
8480.829383134835	    2.146649e-16
8483.117109775536	   2.1305193e-16
8485.404836416237	   2.2067223e-16
8487.692563056939	     2.42776e-16
8489.98028969764	   2.7554818e-16
8492.268016338341	   3.0844337e-16
8494.555742979042	    3.127868e-16
8496.843469619744	    2.897132e-16
8499.131196260445	   3.0073788e-16
8501.418922901146	    3.588966e-16
8503.706649541848	   4.0105488e-16
8505.994376182549	    4.099333e-16
8508.28210282325	   4.2326483e-16
8510.569829463951	    4.465777e-16
8512.857556104653	    4.570657e-16
8515.145282745354	    4.590382e-16
8517.433009386055	   4.7544965e-16
8519.720736026757	    4.986143e-16
8522.008462667458	    5.036153e-16
8524.29618930816	    5.016066e-16
8526.58391594886	    5.184625e-16
8528.871642589562	    5.385621e-16
8531.159369230263	    5.344081e-16
8533.447095870964	   5.1667194e-16
8535.734822511666	    5.048654e-16
8538.022549152367	   4.9301706e-16
8540.310275793068	   4.7357776e-16
8542.59800243377	   4.7002123e-16
8544.88572907447	    4.983415e-16
8547.173455715172	   5.1374046e-16
8549.461182355873	    4.849688e-16
8551.748908996575	    4.572911e-16
8554.036635637276	   4.6529055e-16
8556.324362277977	    4.940236e-16
8558.612088918679	    5.291698e-16
8560.89981555938	   5.6417895e-16
8563.187542200081	   5.9187925e-16
8565.475268840783	    6.062414e-16
8567.762995481484	   6.0887354e-16
8570.050722122185	   6.0951496e-16
8572.338448762886	    6.208862e-16
8574.626175403588	    6.612512e-16
8576.913902044289	   7.1145145e-16
8579.20162868499	   7.1779896e-16
8581.489355325692	   6.8600267e-16
8583.777081966393	   6.6313844e-16
8586.064808607094	    6.601441e-16
8588.352535247795	     6.69341e-16
8590.640261888497	    6.698484e-16
8592.927988529198	   6.3517185e-16
 8595.2157151699	    5.937442e-16
 8597.5034418106	   5.8923376e-16
8599.791168451302	   5.9123974e-16
8602.078895092003	    5.577364e-16
8604.366621732705	    5.223274e-16
8606.654348373406	   5.2433293e-16
8608.942075014107	    5.463814e-16
8611.229801654808	   5.6602373e-16
8613.51752829551	   5.7979474e-16
8615.805254936211	   5.8597284e-16
8618.092981576912	   5.8267254e-16
8620.380708217614	    5.726219e-16
8622.668434858315	    5.706456e-16
8624.956161499016	   5.7984636e-16
8627.243888139717	   5.6963125e-16
8629.531614780419	   5.4400035e-16
8631.81934142112	   5.7692505e-16
8634.107068061821	    6.616824e-16
8636.394794702523	    6.738327e-16
8638.682521343224	    6.071411e-16
8640.970247983925	   5.8525953e-16
8643.257974624627	    6.291384e-16
8645.545701265328	   6.7600604e-16
8647.83342790603	   6.9562284e-16
8650.12115454673	    6.758342e-16
8652.408881187432	   6.3559616e-16
8654.696607828133	   6.1275184e-16
8656.984334468834	    6.087547e-16
8659.272061109536	   6.0866226e-16
8661.559787750237	    6.086599e-16
8663.847514390938	   6.0733633e-16
8666.13524103164	    5.946983e-16
8668.42296767234	    5.627473e-16
8670.710694313042	    5.290526e-16
8672.998420953743	   5.1226636e-16
8675.286147594445	   5.0648997e-16
8677.573874235146	    5.028854e-16
8679.861600875847	   4.9371846e-16
8682.149327516549	   4.7870596e-16
8684.43705415725	   4.8559737e-16
8686.724780797951	   5.2825273e-16
8689.012507438652	   5.8102585e-16
8691.300234079354	    6.199232e-16
8693.587960720055	   6.2661655e-16
8695.875687360756	   6.0486496e-16
8698.163414001458	    5.982989e-16
8700.451140642159	   6.1602234e-16
8702.73886728286	   6.1656116e-16
8705.026593923561	    6.003571e-16
8707.314320564263	   6.1067386e-16
8709.602047204964	   6.5129343e-16
8711.889773845665	   6.9695136e-16
8714.177500486367	   7.2142823e-16
8716.465227127068	    6.969174e-16
8718.75295376777	   6.5067435e-16
8721.04068040847	     6.38205e-16
8723.328407049172	   6.4930216e-16
8725.616133689873	   6.4768406e-16
8727.903860330574	     6.39161e-16
8730.191586971276	    6.399465e-16
8732.479313611977	    6.269158e-16
8734.767040252678	    5.769809e-16
8737.05476689338	   5.3965475e-16
8739.34249353408	   5.6095885e-16
8741.630220174782	   5.8954134e-16
8743.917946815483	    5.782406e-16
8746.205673456185	    5.603127e-16
8748.493400096886	    5.626272e-16
8750.781126737587	   5.6432977e-16
8753.068853378289	   5.5418216e-16
8755.35658001899	    5.530757e-16
8757.644306659691	   5.6589705e-16
8759.932033300393	   5.5910046e-16
8762.219759941092	    5.355106e-16
8764.507486581793	   5.6066514e-16
8766.795213222495	    6.387279e-16
8769.082939863196	    6.945221e-16
8771.370666503897	     7.07351e-16
8773.658393144598	     7.10682e-16
 8775.9461197853	   7.1683805e-16
8778.233846426001	    7.237497e-16
8780.521573066702	    7.331718e-16
8782.809299707404	   7.4777376e-16
8785.097026348105	   7.5766774e-16
8787.384752988806	   7.4697427e-16
8789.672479629508	    7.329561e-16
8791.960206270209	    7.436001e-16
8794.24793291091	    7.484163e-16
8796.535659551611	   7.0640187e-16
8798.823386192313	    6.539507e-16
8801.111112833014	    6.371616e-16
8803.398839473715	    6.370146e-16
8805.686566114417	   6.2835196e-16
8807.974292755118	     6.16773e-16
8810.26201939582	   6.0949495e-16
8812.54974603652	   6.0980083e-16
8814.837472677222	   6.1718706e-16
8817.125199317923	    6.167565e-16
8819.412925958624	   6.0304257e-16
8821.700652599326	   5.9732123e-16
8823.988379240027	    6.089153e-16
8826.276105880728	    6.182002e-16
8828.56383252143	   6.2632925e-16
8830.85155916213	    6.720715e-16
8833.139285802832	    7.425007e-16
8835.427012443533	    7.588126e-16
8837.714739084235	   7.2020067e-16
8840.002465724936	    7.027737e-16
8842.290192365637	    7.154352e-16
8844.577919006339	   7.1564697e-16
8846.86564564704	   7.1461565e-16
8849.153372287741	   7.5275056e-16
8851.441098928442	    8.028237e-16
8853.728825569144	   8.0955026e-16
8856.016552209845	    7.854864e-16
8858.304278850546	   7.6679447e-16
8860.592005491248	    7.617114e-16
8862.879732131949	   7.6912185e-16
8865.16745877265	    7.742989e-16
8867.455185413352	   7.6089086e-16
8869.742912054053	    7.255612e-16
8872.030638694754	   6.7234505e-16
8874.318365335455	    6.286343e-16
8876.606091976157	    6.136752e-16
8878.893818616858	   5.9639886e-16
8881.18154525756	    5.604652e-16
8883.46927189826	   5.5461976e-16
8885.756998538962	    5.968043e-16
8888.044725179663	    6.223554e-16
8890.332451820364	    6.047819e-16
8892.620178461066	   5.9746607e-16
8894.907905101767	   6.1335683e-16
8897.195631742468	   6.0056177e-16
8899.48335838317	    5.615332e-16
8901.771085023871	    5.630792e-16
8904.058811664572	    6.054669e-16
8906.346538305273	    6.289378e-16
8908.634264945975	   6.2231124e-16
8910.921991586676	     6.07216e-16
8913.209718227377	   6.0279343e-16
8915.497444868079	    6.282519e-16
8917.78517150878	    6.640857e-16
8920.072898149481	    6.735147e-16
8922.360624790183	    6.646074e-16
8924.648351430884	    6.607447e-16
8926.936078071585	    6.599531e-16
8929.223804712286	   6.5497717e-16
8931.511531352988	   6.5507474e-16
8933.799257993689	    6.683974e-16
8936.08698463439	   6.7426745e-16
8938.374711275092	   6.5575194e-16
8940.662437915793	   6.4098144e-16
8942.950164556494	   6.4926203e-16
8945.237891197195	   6.4365885e-16
8947.525617837897	    6.031103e-16
8949.813344478598	    5.623912e-16
 8952.1010711193	    5.482646e-16
   8954.38879776	    5.669561e-16
8956.676524400702	   6.0506835e-16
8958.964251041403	   6.1251123e-16
8961.251977682105	      5.7646e-16
8963.539704322806	   5.4061296e-16
8965.827430963507	    5.234668e-16
8968.115157604208	   5.1432333e-16
8970.40288424491	    5.097713e-16
8972.690610885611	     5.12085e-16
8974.978337526312	   5.1071227e-16
8977.266064167014	    4.861551e-16
8979.553790807715	    4.593123e-16
8981.841517448416	    4.724421e-16
8984.129244089117	    5.092924e-16
8986.416970729819	   5.2941804e-16
8988.70469737052	   5.3458706e-16
8990.992424011221	   5.3961356e-16
8993.280150651923	   5.5144174e-16
8995.567877292624	    5.738526e-16
8997.855603933325	    5.793587e-16
9000.143330574027	    5.451001e-16
9002.431057214728	    5.267799e-16
9004.71878385543	   5.6938005e-16
9007.00651049613	     6.07965e-16
9009.294237136832	    5.919244e-16
9011.581963777533	    5.694575e-16
9013.869690418234	   5.7372427e-16
9016.157417058936	     5.73649e-16
9018.445143699637	    5.552296e-16
9020.732870340338	   5.4708937e-16
9023.02059698104	   5.5735784e-16
9025.30832362174	    5.573854e-16
9027.596050262442	    5.409457e-16
9029.883776903143	   5.3312915e-16
9032.171503543845	    5.377524e-16
9034.459230184546	    5.370187e-16
9036.746956825247	    5.222736e-16
9039.034683465949	    4.908625e-16
9041.32241010665	    4.551037e-16
9043.610136747351	   4.3878805e-16
9045.897863388052	   4.3208808e-16
9048.185590028754	   4.0701603e-16
9050.473316669455	    3.782863e-16
9052.761043310156	   3.7640495e-16
9055.048769950858	   3.8462607e-16
9057.336496591559	   3.7419449e-16
9059.62422323226	   3.5972338e-16
9061.911949872961	   3.6271865e-16
9064.199676513663	   3.7891598e-16
9066.487403154364	   3.9802713e-16
9068.775129795065	   3.9371555e-16
9071.062856435767	    3.525259e-16
9073.350583076468	   3.3363167e-16
9075.63830971717	   3.7526712e-16
9077.92603635787	    4.137691e-16
9080.213762998572	   4.0853802e-16
9082.501489639273	   4.0408652e-16
9084.789216279974	   4.2225982e-16
9087.076942920676	   4.2873507e-16
9089.364669561377	    4.148081e-16
9091.652396202078	   4.1531235e-16
9093.94012284278	   4.3741263e-16
9096.22784948348	    4.510795e-16
9098.515576124182	    4.516097e-16
9100.803302764883	   4.6184085e-16
9103.091029405585	    4.743757e-16
9105.378756046286	    4.572206e-16
9107.666482686987	   4.2342134e-16
9109.954209327689	   4.1383674e-16
9112.24193596839	   4.2630652e-16
9114.529662609091	   4.3758484e-16
9116.817389249793	    4.343614e-16
9119.105115890494	   4.0803144e-16
9121.392842531195	    3.781784e-16
9123.680569171896	   3.7117458e-16
9125.968295812598	   3.7138406e-16
9128.256022453299	   3.5680117e-16
  9130.543749094	   3.4352064e-16
9132.831475734702	   3.4874903e-16
9135.119202375403	   3.5630012e-16
9137.406929016104	   3.5207591e-16
9139.694655656805	   3.5182734e-16
9141.982382297507	   3.6520855e-16
9144.270108938208	   3.7240934e-16
9146.55783557891	    3.622596e-16
9148.84556221961	   3.4831604e-16
9151.133288860312	   3.4265074e-16
9153.421015501013	   3.5465378e-16
9155.708742141715	    3.789722e-16
9157.996468782416	   3.8505713e-16
9160.284195423117	   3.6700193e-16
9162.571922063818	   3.5023454e-16
9164.85964870452	   3.5043828e-16
9167.147375345221	   3.7541924e-16
9169.435101985922	   4.0975944e-16
9171.722828626624	   4.1790554e-16
9174.010555267325	   4.0501569e-16
9176.298281908026	   4.0235727e-16
9178.586008548727	   4.0931975e-16
9180.873735189429	   4.1018592e-16
9183.16146183013	   4.0914958e-16
9185.449188470831	   4.1630875e-16
9187.736915111533	   4.1973572e-16
9190.024641752234	   4.0401134e-16
9192.312368392935	   3.8205792e-16
9194.600095033637	    3.708296e-16
9196.887821674338	   3.6676932e-16
9199.17554831504	   3.6328047e-16
9201.46327495574	   3.5955445e-16
9203.751001596442	    3.542758e-16
9206.038728237143	   3.4030216e-16
9208.326454877844	    3.168516e-16
9210.614181518546	      3.0545e-16
9212.901908159247	   3.1507095e-16
9215.189634799948	    3.183253e-16
9217.47736144065	    3.049067e-16
9219.76508808135	   3.0235204e-16
9222.052814722052	   3.1745974e-16
9224.340541362753	   3.2405098e-16
9226.628268003455	   3.1487036e-16
9228.915994644156	   3.0531644e-16
9231.203721284857	   3.0105367e-16
9233.491447925559	   2.9965651e-16
9235.77917456626	   2.9961842e-16
9238.066901206961	   2.9865585e-16
9240.354627847662	   3.0402577e-16
9242.642354488364	   3.2824695e-16
9244.930081129065	   3.6411458e-16
9247.217807769766	    3.950562e-16
9249.505534410468	   4.1669362e-16
9251.793261051169	   4.2969613e-16
9254.08098769187	   4.3092936e-16
9256.368714332571	    4.185277e-16
9258.656440973273	   4.0348467e-16
9260.944167613974	   3.9755388e-16
9263.231894254675	   3.9804696e-16
9265.519620895377	   3.9973467e-16
9267.807347536078	    4.005396e-16
9270.09507417678	   3.9857863e-16
9272.38280081748	   3.9333018e-16
9274.670527458182	   3.8427638e-16
9276.958254098883	   3.6807896e-16
9279.245980739584	   3.4650546e-16
9281.533707380286	   3.3422856e-16
9283.821434020987	   3.3528635e-16
9286.109160661688	   3.3263444e-16
9288.39688730239	   3.2002906e-16
9290.68461394309	   3.0732568e-16
9292.972340583792	   3.0315203e-16
9295.260067224493	   3.1427768e-16
9297.547793865195	   3.4282242e-16
9299.835520505896	    3.869148e-16
9302.123247146597	    4.289473e-16
9304.410973787299	   4.4226245e-16
  9306.698700428	    4.233179e-16
9308.986427068701	   3.8031462e-16
9311.274153709403	   3.6381926e-16
9313.561880350104	   4.4004839e-16
9315.849606990805	    5.263813e-16
9318.137333631506	    4.980826e-16
9320.425060272208	   4.4478627e-16
9322.712786912909	    4.949706e-16
9325.00051355361	    5.712623e-16
9327.288240194312	    5.725064e-16
9329.575966835013	    5.095114e-16
9331.863693475714	    4.197659e-16
9334.151420116415	   3.8731815e-16
9336.439146757117	   4.6615214e-16
9338.726873397818	    5.823974e-16
9341.01460003852	    6.611339e-16
9343.30232667922	    6.591905e-16
9345.590053319922	   5.7825785e-16
9347.877779960623	   5.2197225e-16
9350.165506601325	    5.376536e-16
9352.453233242026	   5.5691426e-16
9354.740959882727	    5.490033e-16
9357.028686523428	   5.3685647e-16
9359.31641316413	   5.3580583e-16
9361.604139804831	    5.598536e-16
9363.891866445532	    5.930835e-16
9366.179593086234	   5.8621986e-16
9368.467319726935	     5.64086e-16
9370.755046367636	    6.096531e-16
9373.042773008337	    6.576379e-16
9375.330499649039	   5.6194405e-16
9377.61822628974	   4.3482362e-16
9379.905952930441	    4.876127e-16
9382.193679571143	    6.108405e-16
9384.481406211844	   6.0315464e-16
9386.769132852545	   5.0677425e-16
9389.056859493247	   4.2099393e-16
9391.344586133948	   3.6551624e-16
9393.63231277465	    3.446495e-16
9395.92003941535	    3.585294e-16
9398.207766056052	   3.9441213e-16
9400.495492696753	   3.9294917e-16
9402.783219337454	     3.24582e-16
9405.070945978156	    2.914175e-16
9407.358672618857	    3.494906e-16
9409.646399259558	   3.8898456e-16
9411.93412590026	   3.5696623e-16
9414.22185254096	   3.4439584e-16
9416.509579181662	    3.918416e-16
9418.797305822363	    4.503816e-16
9421.085032463065	   4.9029634e-16
9423.372759103766	   5.0649283e-16
9425.660485744467	   5.0015877e-16
9427.948212385169	    4.784639e-16
9430.23593902587	   4.6980074e-16
9432.523665666571	   5.2437115e-16
9434.811392307272	   5.9383664e-16
9437.099118947974	    5.615675e-16
9439.386845588675	    4.716243e-16
9441.674572229376	   4.5200383e-16
9443.962298870078	    4.774531e-16
9446.250025510779	    4.636092e-16
9448.53775215148	   4.2723778e-16
9450.825478792181	   4.1192755e-16
9453.113205432883	   4.1460293e-16
9455.400932073584	   4.2199364e-16
9457.688658714285	    4.172606e-16
9459.976385354987	   3.8874768e-16
9462.264111995688	    3.692027e-16
9464.55183863639	   3.8448154e-16
9466.83956527709	   3.9508542e-16
9469.127291917792	    3.726651e-16
9471.415018558493	   3.5284714e-16
9473.702745199194	   3.5820388e-16
9475.990471839896	   3.6177293e-16
9478.278198480597	   3.5417314e-16
9480.565925121298	   3.7287142e-16
  9482.853651762	   4.1416004e-16
 9485.1413784027	   3.9553442e-16
9487.429105043402	   3.2892036e-16
9489.716831684103	    3.601263e-16
9492.004558324805	   4.8396133e-16
9494.292284965506	   5.3260204e-16
9496.580011606207	   4.9636173e-16
9498.867738246909	    4.945665e-16
9501.15546488761	    5.244283e-16
9503.443191528311	     5.11567e-16
9505.730918169013	    4.529525e-16
9508.018644809714	   3.7764305e-16
9510.306371450415	   3.3557693e-16
9512.594098091116	    3.799213e-16
9514.881824731818	   4.5867644e-16
9517.169551372519	   4.9137885e-16
9519.45727801322	    4.897065e-16
9521.745004653922	   4.8545893e-16
9524.032731294623	   4.7911746e-16
9526.320457935324	   4.6819704e-16
9528.608184576025	   4.5068474e-16
9530.895911216727	   4.2650105e-16
9533.183637857428	   4.0989076e-16
9535.47136449813	   4.0765433e-16
9537.75909113883	   3.9435755e-16
9540.046817779532	   3.6083135e-16
9542.334544420233	   3.4645582e-16
9544.622271060935	   3.6906414e-16
9546.909997701636	   4.0158912e-16
9549.197724342337	   4.2123361e-16
9551.485450983038	    4.098527e-16
9553.77317762374	   3.7908406e-16
9556.060904264441	   3.8384447e-16
9558.348630905142	   4.2039817e-16
9560.636357545844	    4.220961e-16
9562.924084186545	   3.9449673e-16
9565.211810827246	   3.9998648e-16
9567.499537467947	    4.311304e-16
9569.787264108649	   4.3951836e-16
9572.07499074935	   4.2413166e-16
9574.362717390051	    4.053956e-16
9576.650444030753	   3.9775103e-16
9578.938170671454	   4.1276347e-16
9581.225897312155	   4.3164968e-16
9583.513623952857	   4.2929427e-16
9585.801350593558	   4.1682438e-16
9588.08907723426	    4.126254e-16
9590.37680387496	   4.2948972e-16
9592.664530515662	    4.719908e-16
9594.952257156363	   5.0306737e-16
9597.239983797064	    4.952023e-16
9599.527710437766	    4.868344e-16
9601.815437078467	   5.0539137e-16
9604.103163719168	   5.2260106e-16
9606.39089035987	   5.1851217e-16
9608.67861700057	    5.013536e-16
9610.966343641272	    4.773735e-16
9613.254070281973	    4.431194e-16
9615.541796922675	   4.1573433e-16
9617.829523563376	     4.48712e-16
9620.117250204077	     5.26596e-16
9622.404976844779	    5.470637e-16
9624.69270348548	    4.948667e-16
9626.980430126181	   4.4059215e-16
9629.268156766882	   4.0537242e-16
9631.555883407584	   3.7344584e-16
9633.843610048285	   3.5827863e-16
9636.131336688986	   3.8647781e-16
9638.419063329688	   4.3228004e-16
9640.706789970389	   4.4781324e-16
9642.99451661109	   4.3225767e-16
9645.282243251791	    4.035918e-16
9647.569969892493	    3.774625e-16
9649.857696533194	   3.6821586e-16
9652.145423173895	    3.694895e-16
9654.433149814597	   3.7075103e-16
9656.720876455298	   3.8453882e-16
  9659.008603096	   4.1827307e-16
 9661.2963297367	   4.3014842e-16
9663.584056377402	   3.9348712e-16
9665.871783018103	   3.6474192e-16
9668.159509658804	   3.8152103e-16
9670.447236299506	    3.984219e-16
9672.734962940207	    3.894886e-16
9675.022689580908	   3.8838303e-16
9677.31041622161	    4.059339e-16
9679.59814286231	   4.0782715e-16
9681.885869503012	    3.858074e-16
9684.173596143713	     3.67431e-16
9686.461322784415	   3.7334475e-16
9688.749049425116	    4.194099e-16
9691.036776065817	    4.836536e-16
9693.324502706519	   5.0722265e-16
9695.61222934722	    4.855042e-16
9697.899955987921	   4.5641994e-16
9700.187682628622	   4.2540223e-16
9702.475409269324	   3.7851962e-16
9704.763135910025	   3.5277728e-16
9707.050862550726	   4.0313567e-16
9709.338589191428	    4.654799e-16
9711.626315832129	   4.4205874e-16
9713.91404247283	   3.9718955e-16
9716.201769113532	    4.256071e-16
9718.489495754233	    4.649952e-16
9720.777222394934	   4.3831215e-16
9723.064949035635	   3.8759505e-16
9725.352675676337	   3.6205687e-16
9727.640402317038	   3.5655807e-16
9729.92812895774	   3.5965225e-16
9732.21585559844	   3.5634054e-16
9734.503582239142	     3.37216e-16
9736.791308879843	   3.1339118e-16
9739.079035520544	   2.9555015e-16
9741.366762161246	   2.9079364e-16
9743.654488801947	     2.97158e-16
9745.942215442648	   2.9551812e-16
9748.22994208335	   2.7947132e-16
9750.517668724051	   2.6077688e-16
9752.805395364752	   2.5030215e-16
9755.093122005454	   2.6028613e-16
9757.380848646155	    2.789502e-16
9759.668575286856	   2.6980188e-16
9761.956301927557	   2.4738563e-16
9764.244028568259	    2.633322e-16
9766.53175520896	   2.9559004e-16
9768.819481849661	   2.8413056e-16
9771.107208490363	   2.3927148e-16
9773.394935131064	   2.0053894e-16
9775.682661771765	    1.912747e-16
9777.970388412466	   2.2597026e-16
9780.258115053168	   2.7783324e-16
9782.545841693869	    3.110047e-16
9784.83356833457	    3.286731e-16
9787.121294975272	    3.413451e-16
9789.409021615973	    3.473066e-16
9791.696748256674	   3.4596478e-16
9793.984474897376	   3.4381523e-16
9796.272201538077	   3.4577473e-16
9798.559928178778	   3.5111392e-16
9800.84765481948	   3.5584254e-16
9803.135381460179	    3.454199e-16
9805.42310810088	    3.204799e-16
9807.710834741581	   3.1785666e-16
9809.998561382283	   3.4869853e-16
9812.286288022984	   3.7763143e-16
9814.574014663685	   3.8728956e-16
9816.861741304387	   3.8589103e-16
9819.149467945088	   3.7895913e-16
9821.43719458579	   3.7072014e-16
9823.72492122649	    3.640806e-16
9826.012647867192	   3.5886128e-16
9828.300374507893	   3.5943348e-16
9830.588101148594	   3.7324986e-16
9832.875827789296	   3.8815986e-16
9835.163554429997	   3.8266505e-16
9837.451281070698	    3.605567e-16
 9839.7390077114	   3.3679592e-16
 9842.0267343521	   3.1872786e-16
9844.314460992802	   3.1059978e-16
9846.602187633503	   3.1736834e-16
9848.889914274205	   3.4013084e-16
9851.177640914906	    3.598219e-16
9853.465367555607	    3.573755e-16
9855.753094196309	    3.313735e-16
9858.04082083701	   2.8928565e-16
9860.328547477711	   2.6344252e-16
9862.616274118413	   2.7376465e-16
9864.904000759114	   2.8755662e-16
9867.191727399815	   2.8105038e-16
9869.479454040516	   2.6295495e-16
9871.767180681218	   2.5023262e-16
9874.054907321919	    2.793401e-16
9876.34263396262	   3.4941438e-16
9878.630360603322	   3.9416805e-16
9880.918087244023	    3.892383e-16
9883.205813884724	    3.689295e-16
9885.493540525425	   3.4693003e-16
9887.781267166127	   3.1544505e-16
9890.068993806828	   2.8665657e-16
9892.35672044753	   2.8477586e-16
9894.64444708823	    3.103078e-16
9896.932173728932	   3.5269094e-16
9899.219900369633	   3.6060128e-16
9901.507627010335	   2.6438513e-16
9903.795353651036	     1.60272e-16
9906.083080291737	   2.0123225e-16
9908.370806932438	   3.0889277e-16
9910.65853357314	    3.430724e-16
9912.946260213841	   3.5099455e-16
9915.233986854542	   4.0881518e-16
9917.521713495244	    4.584339e-16
9919.809440135945	    4.401059e-16
9922.097166776646	   3.9769245e-16
9924.384893417347	   3.8185328e-16
9926.672620058049	    4.238667e-16
9928.96034669875	   5.2348113e-16
9931.248073339451	    5.806953e-16
9933.535799980153	   5.4062825e-16
9935.823526620854	   4.8546873e-16
9938.111253261555	   4.7141285e-16
9940.398979902257	   4.8249464e-16
9942.686706542958	     5.21332e-16
9944.97443318366	    6.258994e-16
9947.26215982436	    7.634541e-16
9949.549886465062	   8.1639434e-16
9951.837613105763	   7.5201353e-16
9954.125339746464	    6.174452e-16
9956.413066387166	    4.950873e-16
9958.700793027867	   5.0098457e-16
9960.988519668568	    5.797294e-16
9963.27624630927	    5.654503e-16
9965.56397294997	    4.814172e-16
9967.851699590672	   4.4035139e-16
9970.139426231373	   4.5388763e-16
9972.427152872075	   4.9531284e-16
9974.714879512776	    5.329217e-16
9977.002606153477	   5.3560726e-16
9979.290332794179	   4.7786835e-16
9981.57805943488	   3.5480394e-16
9983.865786075581	   3.0250834e-16
9986.153512716282	   4.3048324e-16
9988.441239356984	   5.7668973e-16
9990.728965997685	   5.9128146e-16
9993.016692638386	    5.216522e-16
9995.304419279088	    4.392584e-16
9997.592145919789	   4.4229106e-16
9999.87987256049	    5.584084e-16
