3800.2998046875014	   1.2423448e-14
3802.587953805925	   1.2455506e-14
3804.8761029243483	   1.2769626e-14
3807.1642520427717	   1.3193132e-14
3809.452401161195	   1.3360185e-14
3811.7405502796187	   1.3588172e-14
3814.028699398042	   1.3565517e-14
3816.3168485164656	   1.3229716e-14
3818.604997634889	   1.3070279e-14
3820.8931467533125	   1.3297171e-14
3823.181295871736	   1.3269442e-14
3825.4694449901594	   1.3341644e-14
3827.757594108583	   1.3478905e-14
3830.0457432270064	   1.3417125e-14
3832.33389234543	   1.3696706e-14
3834.6220414638533	    1.425952e-14
3836.9101905822768	   1.4259025e-14
 3839.1983397007	   1.4482347e-14
3841.4864888191237	   1.4334039e-14
3843.774637937547	   1.4837146e-14
3846.0627870559706	   1.5344871e-14
3848.350936174394	   1.4707416e-14
3850.6390852928175	   1.4835733e-14
3852.927234411241	   1.5040239e-14
3855.2153835296645	   1.4835631e-14
3857.503532648088	   1.4624203e-14
3859.7916817665114	   1.4651756e-14
3862.079830884935	   1.4282168e-14
3864.3679800033583	    1.474902e-14
3866.6561291217818	   1.5272834e-14
3868.944278240205	   1.5702234e-14
3871.2324273586287	    1.590704e-14
3873.520576477052	   1.5903267e-14
3875.8087255954756	    1.628904e-14
3878.096874713899	   1.6883716e-14
3880.3850238323225	   1.6992543e-14
3882.673172950746	   1.6892864e-14
3884.9613220691695	   1.7284487e-14
3887.249471187593	   1.7372637e-14
3889.5376203060164	   1.8324101e-14
3891.82576942444	   1.8759703e-14
3894.1139185428633	   1.8557152e-14
3896.4020676612868	   1.8619077e-14
3898.69021677971	   1.8999171e-14
3900.9783658981337	   1.9413334e-14
3903.266515016557	   1.9566503e-14
3905.5546641349806	   1.9991262e-14
3907.842813253404	   2.0177084e-14
3910.1309623718275	   2.0186106e-14
3912.419111490251	   2.0527166e-14
3914.7072606086745	   2.0464802e-14
3916.995409727098	   2.0754708e-14
3919.2835588455214	   2.1026158e-14
3921.571707963945	   2.0670562e-14
3923.8598570823683	   2.0762006e-14
3926.1480062007918	   2.0340934e-14
3928.4361553192152	   2.0202883e-14
3930.7243044376387	   1.9969527e-14
3933.012453556062	   2.0988748e-14
3935.3006026744856	   2.1533902e-14
3937.588751792909	    2.210086e-14
3939.8769009113325	   2.2841975e-14
3942.165050029756	   2.2624343e-14
3944.4531991481795	   2.3065376e-14
3946.741348266603	   2.2814826e-14
3949.0294973850264	   2.4099448e-14
3951.31764650345	   2.3889112e-14
3953.6057956218733	   2.4385011e-14
3955.893944740297	   2.4702032e-14
3958.1820938587202	   2.4881281e-14
3960.4702429771437	    2.483675e-14
3962.758392095567	   2.4212428e-14
3965.0465412139906	   2.4034938e-14
3967.334690332414	   2.4749283e-14
3969.6228394508375	   2.5232847e-14
3971.910988569261	   2.5423358e-14
3974.1991376876845	   2.5671998e-14
3976.487286806108	   2.5831312e-14
3978.7754359245314	    2.501861e-14
3981.063585042955	   2.5618844e-14
3983.3517341613783	   2.5750611e-14
3985.639883279802	   2.5290124e-14
3987.9280323982252	   2.5445202e-14
3990.2161815166487	   2.5098096e-14
3992.504330635072	   2.5300149e-14
3994.7924797534956	   2.4961258e-14
3997.080628871919	   2.5112303e-14
3999.3687779903426	   2.4757736e-14
4001.656927108766	   2.4703906e-14
4003.9450762271895	    2.436372e-14
4006.233225345613	   2.4014399e-14
4008.5213744640364	   2.3689945e-14
4010.80952358246	   2.2911889e-14
4013.0976727008833	   2.2526374e-14
4015.385821819307	   2.2041356e-14
4017.6739709377302	   2.2045826e-14
4019.9621200561537	   2.1510949e-14
4022.250269174577	   2.0861356e-14
4024.5384182930006	   2.1239934e-14
4026.826567411424	   2.1313558e-14
4029.1147165298476	   2.1739007e-14
4031.402865648271	   2.1338046e-14
4033.6910147666945	   2.1152481e-14
4035.979163885118	   2.1249517e-14
4038.2673130035414	   2.1719597e-14
4040.555462121965	   2.1511735e-14
4042.8436112403883	   2.1300463e-14
4045.131760358812	   2.1653167e-14
4047.4199094772353	   2.1662702e-14
4049.7080585956587	   2.2020883e-14
4051.996207714082	    2.181125e-14
4054.2843568325056	   2.2201259e-14
4056.572505950929	   2.2193302e-14
4058.8606550693526	   2.2610821e-14
4061.148804187776	   2.2426656e-14
4063.4369533061995	   2.2280809e-14
4065.725102424623	   2.2695714e-14
4068.0132515430464	   2.2979377e-14
4070.30140066147	   2.3097938e-14
4072.5895497798933	   2.3033558e-14
4074.877698898317	    2.426757e-14
4077.1658480167403	    2.364994e-14
4079.4539971351637	   2.4010389e-14
4081.742146253587	   2.4571824e-14
4084.0302953720106	   2.4820295e-14
4086.318444490434	    2.440609e-14
4088.6065936088576	   2.5008299e-14
4090.894742727281	   2.5172113e-14
4093.1828918457045	   2.5443369e-14
4095.471040964128	   2.5642928e-14
4097.759190082551	    2.602779e-14
4100.047339200974	   2.5684263e-14
4102.335488319398	    2.526839e-14
4104.623637437821	   2.5259346e-14
4106.911786556245	   2.5698382e-14
4109.199935674668	   2.5622823e-14
4111.488084793092	     2.55371e-14
4113.776233911515	   2.5935585e-14
4116.064383029939	   2.5519171e-14
4118.352532148362	    2.549672e-14
4120.640681266786	   2.5948507e-14
4122.928830385209	   2.5919933e-14
4125.2169795036325	    2.636556e-14
4127.505128622056	   2.5764821e-14
4129.793277740479	   2.5303048e-14
4132.081426858903	    2.558923e-14
4134.369575977326	   2.5356863e-14
4136.65772509575	   2.5104178e-14
4138.945874214173	   2.4524394e-14
4141.234023332597	   2.4120468e-14
4143.52217245102	    2.371717e-14
4145.810321569444	   2.3870513e-14
4148.098470687867	   2.3444097e-14
4150.386619806291	   2.3313892e-14
4152.674768924714	    2.301366e-14
4154.9629180431375	    2.337454e-14
4157.251067161561	   2.3274566e-14
4159.539216279984	   2.3649895e-14
4161.827365398408	   2.3329856e-14
4164.115514516831	   2.3260436e-14
4166.403663635255	   2.2918606e-14
4168.691812753678	   2.2704828e-14
4170.979961872102	   2.2526218e-14
4173.268110990525	   2.2150603e-14
4175.556260108949	   2.1313922e-14
4177.844409227372	   2.1497102e-14
4180.132558345796	   2.2110186e-14
4182.420707464219	    2.195469e-14
4184.7088565826425	    2.172329e-14
4186.997005701066	   2.1243209e-14
4189.285154819489	    2.192742e-14
4191.573303937913	   2.2068629e-14
4193.861453056336	   2.1611414e-14
4196.14960217476	   2.1405402e-14
4198.437751293183	   2.1404177e-14
4200.725900411607	    2.153126e-14
4203.01404953003	   2.1317219e-14
4205.302198648454	   2.1211906e-14
4207.590347766877	   2.1299458e-14
4209.878496885301	   2.0979842e-14
4212.166646003724	   2.0745297e-14
4214.4547951221475	   2.0510528e-14
4216.742944240571	   2.0346599e-14
4219.031093358994	   1.9917782e-14
4221.319242477418	   1.9846456e-14
4223.607391595841	   1.9322582e-14
4225.895540714265	   1.8719038e-14
4228.183689832688	   1.8919574e-14
4230.471838951112	   1.8830964e-14
4232.759988069535	   1.8451474e-14
4235.048137187959	     1.79365e-14
4237.336286306382	   1.7820674e-14
4239.624435424806	   1.7177003e-14
4241.912584543229	   1.7637176e-14
4244.2007336616525	   1.7836918e-14
4246.488882780076	    1.712875e-14
4248.777031898499	   1.7238667e-14
4251.065181016923	   1.6716327e-14
4253.353330135346	    1.647372e-14
4255.64147925377	   1.6396291e-14
4257.929628372193	   1.6310385e-14
4260.217777490617	   1.6039695e-14
4262.50592660904	   1.5860673e-14
4264.794075727464	    1.554193e-14
4267.082224845887	   1.5405197e-14
4269.370373964311	     1.54933e-14
4271.658523082734	   1.5247388e-14
4273.9466722011575	   1.5211407e-14
4276.234821319581	   1.4908544e-14
4278.522970438004	    1.473721e-14
4280.811119556428	   1.4370824e-14
4283.099268674851	   1.4503323e-14
4285.387417793275	   1.4392506e-14
4287.675566911698	    1.476021e-14
4289.963716030122	   1.4457274e-14
4292.251865148545	   1.4375359e-14
4294.540014266969	    1.385919e-14
4296.828163385392	   1.3876679e-14
4299.116312503816	   1.3322279e-14
4301.404461622239	   1.3499065e-14
4303.6926107406625	   1.3326495e-14
4305.980759859086	   1.3267421e-14
4308.268908977509	  1.32669415e-14
4310.557058095933	   1.2988016e-14
4312.845207214356	   1.3174744e-14
4315.13335633278	   1.2839062e-14
4317.421505451203	   1.3429696e-14
4319.709654569627	  1.35062326e-14
4321.99780368805	   1.3389737e-14
4324.285952806474	   1.3648364e-14
4326.574101924897	   1.4030495e-14
4328.862251043321	  1.40505935e-14
4331.150400161744	   1.4431402e-14
4333.4385492801675	   1.4437214e-14
4335.726698398591	   1.4713738e-14
4338.0148475170145	   1.4218807e-14
4340.302996635438	   1.4921095e-14
4342.591145753861	   1.5009458e-14
4344.879294872285	   1.4846023e-14
4347.167443990708	   1.4963147e-14
4349.455593109132	    1.466286e-14
4351.743742227555	    1.479176e-14
4354.031891345979	   1.5097492e-14
4356.320040464402	   1.5004841e-14
4358.608189582826	    1.480048e-14
4360.896338701249	   1.6066689e-14
4363.1844878196725	   1.5901964e-14
4365.472636938096	   1.6239533e-14
4367.7607860565195	    1.650273e-14
4370.048935174943	   1.7145524e-14
4372.337084293366	   1.7091614e-14
4374.62523341179	   1.6855832e-14
4376.913382530213	    1.762344e-14
4379.201531648637	   1.8037607e-14
4381.48968076706	   1.8367494e-14
4383.777829885484	    1.804705e-14
4386.065979003907	    1.803713e-14
4388.354128122331	   1.8247077e-14
4390.642277240754	    1.837784e-14
4392.9304263591775	   1.8630398e-14
4395.218575477601	   1.8963916e-14
4397.5067245960245	   1.9346583e-14
4399.794873714448	    1.895821e-14
4402.083022832871	   1.9159696e-14
4404.371171951295	    1.918989e-14
4406.659321069718	   1.9518209e-14
4408.947470188142	   1.9800517e-14
4411.235619306565	   1.9736366e-14
4413.523768424989	   1.9299005e-14
4415.811917543412	   1.9300933e-14
4418.100066661836	     1.90244e-14
4420.388215780259	   1.8588414e-14
4422.676364898683	     1.83154e-14
4424.964514017106	    1.811822e-14
4427.2526631355295	   1.8233143e-14
4429.540812253953	   1.8064025e-14
4431.828961372376	   1.7435889e-14
 4434.1171104908	   1.7085602e-14
4436.405259609223	   1.7529679e-14
4438.693408727647	   1.7186109e-14
4440.98155784607	   1.6875703e-14
4443.269706964494	   1.6466153e-14
4445.557856082917	   1.6438248e-14
4447.846005201341	   1.6204164e-14
4450.134154319764	   1.6044432e-14
4452.422303438188	   1.6118871e-14
4454.710452556611	   1.5963235e-14
4456.9986016750345	   1.5792846e-14
4459.286750793458	   1.6175505e-14
4461.574899911881	   1.6651358e-14
4463.863049030305	   1.6705114e-14
4466.151198148728	   1.6955841e-14
4468.439347267152	    1.723734e-14
4470.727496385575	   1.7407601e-14
4473.015645503999	   1.7428755e-14
4475.303794622422	   1.7693666e-14
4477.591943740846	   1.7858827e-14
4479.880092859269	   1.8177171e-14
4482.168241977693	   1.8538427e-14
4484.456391096116	   1.8834548e-14
4486.7445402145395	   1.8981268e-14
4489.032689332963	   1.9354715e-14
4491.320838451386	   1.9006588e-14
4493.60898756981	   1.8999364e-14
4495.897136688233	    1.889295e-14
4498.185285806657	   1.9861317e-14
4500.47343492508	    1.992619e-14
4502.761584043504	   1.9498216e-14
4505.049733161927	   1.9386976e-14
4507.337882280351	   1.9518636e-14
4509.626031398774	   1.9254712e-14
4511.914180517198	   1.9763904e-14
4514.202329635621	   1.9909169e-14
4516.4904787540445	   1.9438396e-14
4518.778627872468	   1.9463769e-14
4521.066776990891	   2.0298648e-14
4523.354926109315	   2.0543307e-14
4525.643075227738	    2.033527e-14
4527.931224346162	    2.065439e-14
4530.219373464585	   2.0760708e-14
4532.507522583009	   2.0324444e-14
4534.795671701432	   2.0153882e-14
4537.083820819856	   2.0925012e-14
4539.371969938279	   2.0365916e-14
4541.660119056703	   2.0683091e-14
4543.948268175126	    2.029653e-14
4546.2364172935495	   2.0116643e-14
4548.524566411973	   2.0383687e-14
4550.812715530396	   2.0380976e-14
4553.10086464882	   2.0548496e-14
4555.389013767243	   2.0731787e-14
4557.677162885667	    2.022466e-14
4559.96531200409	   2.0164778e-14
4562.253461122514	   2.0086055e-14
4564.541610240937	   1.9781775e-14
4566.829759359361	   1.9910653e-14
4569.117908477784	   1.9641464e-14
4571.406057596208	   1.9900702e-14
4573.694206714631	   1.9875823e-14
4575.9823558330545	   1.9797422e-14
4578.270504951478	   1.9958773e-14
4580.558654069901	   1.9834107e-14
4582.846803188325	   1.9299493e-14
4585.134952306748	   1.9578826e-14
4587.423101425172	   1.9496588e-14
4589.711250543595	   1.9249096e-14
4591.999399662019	   1.9273716e-14
4594.287548780442	   1.9281385e-14
4596.575697898866	   1.8760635e-14
4598.863847017289	   1.9122192e-14
4601.151996135713	   1.9108628e-14
4603.440145254136	   1.9085409e-14
4605.7282943725595	   1.8882121e-14
4608.016443490983	   1.8746498e-14
4610.304592609406	   1.8764045e-14
4612.59274172783	   1.8804147e-14
4614.880890846253	   1.8344628e-14
4617.169039964677	   1.8319862e-14
 4619.4571890831	   1.8859146e-14
4621.745338201524	   1.8720096e-14
4624.033487319947	   1.8857903e-14
4626.321636438371	   1.8211424e-14
4628.609785556794	   1.8699567e-14
4630.897934675218	   1.8102558e-14
4633.186083793641	   1.8615275e-14
4635.4742329120645	   1.8390547e-14
4637.762382030488	    1.844947e-14
4640.050531148911	    1.801831e-14
4642.338680267335	   1.7972132e-14
4644.626829385758	   1.8195516e-14
4646.914978504182	    1.793994e-14
4649.203127622605	   1.7893535e-14
4651.491276741029	   1.8492644e-14
4653.779425859452	   1.8009142e-14
4656.067574977876	   1.7798402e-14
4658.355724096299	   1.7860618e-14
4660.643873214723	   1.8006826e-14
4662.932022333146	   1.7670715e-14
4665.2201714515695	   1.7595153e-14
4667.508320569993	   1.7710995e-14
4669.796469688416	   1.7193652e-14
4672.08461880684	   1.6721203e-14
4674.372767925263	    1.656066e-14
4676.660917043687	   1.5952917e-14
4678.94906616211	    1.606662e-14
4681.237215280534	   1.5593814e-14
4683.525364398957	   1.5536163e-14
4685.813513517381	   1.5037308e-14
4688.101662635804	   1.5279148e-14
4690.389811754228	   1.5057156e-14
4692.677960872651	   1.5272588e-14
4694.9661099910745	   1.4966993e-14
4697.254259109498	   1.4469191e-14
4699.542408227921	   1.4620388e-14
4701.830557346345	   1.4523025e-14
4704.118706464768	   1.4084973e-14
4706.406855583192	   1.4583834e-14
4708.695004701615	   1.4953589e-14
4710.983153820039	   1.4645708e-14
4713.271302938462	   1.4137005e-14
4715.559452056886	    1.436929e-14
4717.847601175309	   1.4513898e-14
4720.135750293733	   1.3991969e-14
4722.423899412156	   1.4355946e-14
4724.7120485305795	   1.4601103e-14
4727.000197649003	   1.5076844e-14
4729.288346767426	   1.4779109e-14
4731.57649588585	     1.49089e-14
4733.864645004273	   1.4995373e-14
4736.152794122697	   1.5216303e-14
4738.44094324112	   1.4925186e-14
4740.729092359544	   1.4899941e-14
4743.017241477967	   1.4312067e-14
4745.305390596391	   1.4552568e-14
4747.593539714814	   1.4585524e-14
4749.881688833238	   1.4543234e-14
4752.169837951661	   1.4317998e-14
4754.4579870700845	   1.4737284e-14
4756.746136188508	   1.4681915e-14
4759.034285306931	   1.4767679e-14
4761.322434425355	   1.5069343e-14
4763.610583543778	    1.444674e-14
4765.898732662202	   1.4638501e-14
4768.186881780625	   1.4556847e-14
4770.475030899049	   1.4278114e-14
4772.763180017472	   1.4118955e-14
4775.051329135896	   1.4558553e-14
4777.339478254319	  1.41750456e-14
4779.627627372743	   1.3683575e-14
4781.915776491166	   1.4350483e-14
4784.2039256095895	  1.37228265e-14
4786.492074728013	   1.3571376e-14
4788.7802238464365	   1.4115416e-14
4791.06837296486	   1.3856371e-14
4793.356522083283	   1.3553388e-14
4795.644671201707	    1.398356e-14
4797.93282032013	   1.4083725e-14
4800.220969438554	   1.3797913e-14
4802.509118556977	   1.3701334e-14
4804.797267675401	   1.3937605e-14
4807.085416793824	   1.4422596e-14
4809.373565912248	    1.444472e-14
4811.661715030671	    1.437437e-14
4813.9498641490945	   1.4295173e-14
4816.238013267518	   1.4665027e-14
4818.5261623859415	   1.3999282e-14
4820.814311504365	   1.4596836e-14
4823.102460622788	   1.4867088e-14
4825.390609741212	   1.4837449e-14
4827.678758859635	   1.5172144e-14
4829.966907978059	   1.4889191e-14
4832.255057096482	   1.5147334e-14
4834.543206214906	   1.5394776e-14
4836.831355333329	   1.4441935e-14
4839.119504451753	   1.4957689e-14
4841.407653570176	   1.4549719e-14
4843.6958026885995	   1.4160064e-14
4845.983951807023	   1.4108587e-14
4848.2721009254465	   1.3726244e-14
4850.56025004387	   1.3622965e-14
4852.848399162293	   1.3727461e-14
4855.136548280717	    1.338897e-14
4857.42469739914	   1.2922708e-14
4859.712846517564	   1.3065175e-14
4862.000995635987	  1.27434455e-14
4864.289144754411	   1.2418954e-14
4866.577293872834	   1.1962562e-14
4868.865442991258	  1.19091265e-14
4871.153592109681	    1.183312e-14
4873.441741228105	   1.1439305e-14
4875.729890346528	   1.0965427e-14
4878.0180394649515	   1.1248752e-14
4880.306188583375	  1.09267335e-14
4882.594337701798	  1.08093474e-14
4884.882486820222	   1.0419696e-14
4887.170635938645	   1.0697184e-14
4889.458785057069	   1.0589534e-14
4891.746934175492	   1.0791393e-14
4894.035083293916	   1.0594203e-14
4896.323232412339	   1.0460253e-14
4898.611381530763	    9.962462e-15
4900.899530649186	   1.0626092e-14
4903.18767976761	   1.0468057e-14
4905.475828886033	   1.0503759e-14
4907.763978004456	   1.0694837e-14
4910.052127122879	   1.0203929e-14
4912.3402762413025	   1.0589629e-14
4914.628425359726	   1.0500935e-14
4916.916574478149	   1.0438157e-14
4919.204723596573	   1.0404131e-14
4921.492872714996	   1.0339543e-14
4923.78102183342	   1.0358824e-14
4926.069170951843	   1.0127682e-14
4928.357320070267	  1.01789305e-14
4930.64546918869	   1.0294691e-14
4932.933618307114	   1.0661528e-14
4935.221767425537	   1.0504672e-14
4937.509916543961	   1.0444047e-14
4939.798065662384	   1.0770495e-14
4942.0862147808075	  1.06435534e-14
4944.374363899231	   1.0715052e-14
4946.662513017654	   1.0507225e-14
4948.950662136078	   1.0580611e-14
4951.238811254501	   1.0531079e-14
4953.526960372925	   1.0602037e-14
4955.815109491348	   1.0852199e-14
4958.103258609772	   1.0837199e-14
4960.391407728195	  1.05848685e-14
4962.679556846619	   1.0574012e-14
4964.967705965042	    1.061365e-14
4967.255855083466	   1.0718035e-14
4969.544004201889	   1.0651007e-14
4971.8321533203125	    1.075913e-14
4974.120302438736	   1.0667882e-14
4976.408451557159	   1.0595428e-14
4978.696600675583	  1.07304785e-14
4980.984749794006	   1.0601729e-14
4983.27289891243	  1.07353904e-14
4985.561048030853	   1.0837964e-14
4987.849197149277	  1.08193865e-14
 4990.1373462677	   1.0770015e-14
4992.425495386124	   1.0668717e-14
4994.713644504547	   1.0626812e-14
4997.001793622971	   1.0918609e-14
4999.289942741394	   1.0724284e-14
5001.5780918598175	   1.0796304e-14
5003.866240978241	   1.0894988e-14
5006.154390096664	  1.10868126e-14
5008.442539215088	   1.0978951e-14
5010.730688333511	  1.08496925e-14
5013.018837451935	   1.1006148e-14
5015.306986570358	  1.12345275e-14
5017.595135688782	  1.11378226e-14
5019.883284807205	   1.1259409e-14
5022.171433925629	   1.1321864e-14
5024.459583044052	   1.1652072e-14
5026.747732162476	   1.1683052e-14
5029.035881280899	    1.168836e-14
5031.3240303993225	   1.1700516e-14
5033.612179517746	  1.16816906e-14
5035.900328636169	   1.1555272e-14
5038.188477754593	   1.1451444e-14
5040.476626873016	   1.1575021e-14
5042.76477599144	   1.1747011e-14
5045.052925109863	   1.1685118e-14
5047.341074228287	   1.1541897e-14
5049.62922334671	   1.1559638e-14
5051.917372465134	   1.1680147e-14
5054.205521583557	   1.1794369e-14
5056.493670701981	   1.1923857e-14
5058.781819820404	   1.2082361e-14
5061.0699689388275	     1.21235e-14
5063.358118057251	  1.19676514e-14
5065.646267175674	   1.1878724e-14
5067.934416294098	   1.2033447e-14
5070.222565412521	   1.2217757e-14
5072.510714530945	   1.2276285e-14
5074.798863649368	  1.22750244e-14
5077.087012767792	   1.2269124e-14
5079.375161886215	    1.228263e-14
5081.663311004639	   1.2330103e-14
5083.951460123062	   1.2394058e-14
5086.239609241486	  1.24799395e-14
5088.527758359909	   1.2632825e-14
5090.8159074783325	   1.2830661e-14
5093.104056596756	   1.2976716e-14
5095.392205715179	   1.3052303e-14
5097.680354833603	    1.311199e-14
5099.968503952026	  1.31692236e-14
5102.25665307045	   1.3205047e-14
5104.544802188873	   1.3266165e-14
5106.832951307297	   1.3434727e-14
5109.12110042572	    1.363032e-14
5111.409249544144	   1.3699643e-14
5113.697398662567	   1.3696883e-14
5115.985547780991	   1.3749085e-14
5118.273696899414	   1.3814433e-14
5120.5618460178375	  1.38128864e-14
5122.849995136261	   1.3755283e-14
5125.138144254684	   1.3676337e-14
5127.426293373108	   1.3679068e-14
5129.714442491531	   1.3836451e-14
5132.002591609955	   1.3949199e-14
5134.290740728378	   1.3849228e-14
5136.578889846802	   1.3713104e-14
5138.867038965225	   1.3693673e-14
5141.155188083649	    1.371136e-14
5143.443337202072	   1.3696102e-14
5145.731486320496	   1.3642812e-14
5148.019635438919	   1.3568718e-14
5150.3077845573425	   1.3550425e-14
5152.595933675766	    1.361239e-14
5154.884082794189	   1.3676642e-14
5157.172231912613	   1.3686834e-14
5159.460381031036	   1.3621839e-14
5161.74853014946	   1.3498252e-14
5164.036679267883	  1.33802246e-14
5166.324828386307	   1.3312426e-14
5168.61297750473	   1.3318353e-14
5170.901126623154	   1.3376817e-14
5173.189275741577	  1.34216885e-14
5175.477424860001	   1.3464783e-14
5177.765573978424	   1.3578466e-14
5180.0537230968475	   1.3661675e-14
5182.341872215271	   1.3526852e-14
5184.6300213336945	   1.3334496e-14
5186.918170452118	   1.3379401e-14
5189.206319570541	   1.3531804e-14
5191.494468688965	   1.3535825e-14
5193.782617807388	   1.3481936e-14
5196.070766925812	   1.3529971e-14
5198.358916044235	   1.3626369e-14
5200.647065162659	   1.3686249e-14
5202.935214281082	   1.3696118e-14
5205.223363399506	   1.3661189e-14
5207.511512517929	   1.3617256e-14
5209.7996616363525	   1.3605361e-14
5212.087810754776	   1.3674581e-14
5214.3759598731995	    1.383012e-14
5216.664108991623	  1.39380415e-14
5218.952258110046	   1.3919583e-14
5221.24040722847	  1.38656126e-14
5223.528556346893	   1.3844685e-14
5225.816705465317	   1.3870823e-14
5228.10485458374	   1.3911892e-14
5230.393003702164	   1.3837587e-14
5232.681152820587	   1.3663032e-14
5234.969301939011	  1.36190675e-14
5237.257451057434	   1.3736436e-14
5239.5456001758575	  1.38184675e-14
5241.833749294281	  1.38019724e-14
5244.1218984127045	   1.3739212e-14
5246.410047531128	   1.3648322e-14
5248.698196649551	   1.3533104e-14
5250.986345767975	  1.33854965e-14
5253.274494886398	   1.3186129e-14
5255.562644004822	   1.2963301e-14
5257.850793123245	   1.2770536e-14
5260.138942241669	   1.2560458e-14
5262.427091360092	   1.2252431e-14
5264.715240478516	   1.1995667e-14
5267.003389596939	   1.1975849e-14
5269.291538715363	  1.19739966e-14
5271.579687833786	   1.1722477e-14
5273.8678369522095	   1.1376618e-14
5276.155986070633	   1.1138742e-14
5278.444135189056	    1.097228e-14
5280.73228430748	   1.0822438e-14
5283.020433425903	   1.0719863e-14
5285.308582544327	   1.0667867e-14
5287.59673166275	   1.0552832e-14
5289.884880781174	   1.0318977e-14
5292.173029899597	   1.0097699e-14
5294.461179018021	    9.976308e-15
5296.749328136444	    9.910748e-15
5299.037477254868	    9.865365e-15
5301.325626373291	   9.8329615e-15
5303.6137754917145	    9.787785e-15
5305.901924610138	   9.6672844e-15
5308.190073728561	    9.521487e-15
5310.478222846985	    9.555613e-15
5312.766371965408	    9.730767e-15
5315.054521083832	   9.7539935e-15
5317.342670202255	    9.610687e-15
5319.630819320679	   9.5070106e-15
5321.918968439102	    9.512209e-15
5324.207117557526	   9.6150005e-15
5326.495266675949	    9.730728e-15
5328.783415794373	   9.7304485e-15
5331.071564912796	    9.665887e-15
5333.3597140312195	    9.664323e-15
5335.647863149643	     9.71247e-15
5337.936012268066	   9.7521275e-15
5340.22416138649	    9.751028e-15
5342.512310504913	    9.689249e-15
5344.800459623337	    9.621818e-15
5347.08860874176	    9.609769e-15
5349.376757860184	   9.6056365e-15
5351.664906978607	    9.563822e-15
5353.953056097031	    9.561561e-15
5356.241205215454	     9.65589e-15
5358.529354333878	    9.762592e-15
5360.817503452301	    9.817409e-15
5363.1056525707245	    9.854902e-15
5365.393801689148	   9.9200535e-15
5367.681950807571	   1.0092876e-14
5369.970099925995	    1.035319e-14
5372.258249044418	   1.0445571e-14
5374.546398162842	   1.0313107e-14
5376.834547281265	   1.0256153e-14
5379.122696399689	   1.0389674e-14
5381.410845518112	   1.0565251e-14
5383.698994636536	   1.0699738e-14
5385.987143754959	   1.0779649e-14
5388.275292873383	  1.07810125e-14
5390.563441991806	   1.0676233e-14
5392.8515911102295	   1.0540795e-14
5395.139740228653	   1.0523446e-14
5397.427889347076	    1.060684e-14
 5399.7160384655	   1.0673024e-14
5402.004187583923	   1.0689615e-14
5404.292336702347	  1.06663285e-14
5406.58048582077	   1.0615864e-14
5408.868634939194	   1.0554996e-14
5411.156784057617	   1.0543925e-14
5413.444933176041	   1.0640964e-14
5415.733082294464	  1.07035064e-14
5418.021231412888	    1.057732e-14
5420.309380531311	   1.0432229e-14
5422.5975296497345	    1.045615e-14
5424.885678768158	    1.057037e-14
5427.173827886581	   1.0664942e-14
5429.461977005005	   1.0668662e-14
5431.750126123428	   1.0551304e-14
5434.038275241852	   1.0426212e-14
5436.326424360275	   1.0378877e-14
5438.614573478699	   1.0364718e-14
5440.902722597122	  1.03425255e-14
5443.190871715546	  1.02997605e-14
5445.479020833969	   1.0223342e-14
5447.767169952393	   1.0097181e-14
5450.055319070816	     9.94954e-15
5452.3434681892395	    9.876811e-15
5454.631617307663	    9.895702e-15
5456.919766426086	   9.9244115e-15
5459.20791554451	    9.907762e-15
5461.496064662933	    9.810951e-15
5463.784213781357	    9.682035e-15
5466.07236289978	     9.64329e-15
5468.360512018204	     9.66827e-15
5470.648661136627	     9.63374e-15
5472.936810255051	    9.512511e-15
5475.224959373474	     9.32651e-15
5477.513108491898	    9.149481e-15
5479.801257610321	     9.07612e-15
5482.0894067287445	    9.032245e-15
5484.377555847168	    8.893598e-15
5486.665704965591	    8.734914e-15
5488.953854084015	    8.669283e-15
5491.242003202438	    8.638712e-15
5493.530152320862	    8.565215e-15
5495.818301439285	    8.470553e-15
5498.106450557709	    8.394279e-15
5500.394599676132	    8.398425e-15
5502.682748794556	    8.515435e-15
5504.970897912979	    8.641893e-15
5507.259047031403	    8.699146e-15
5509.547196149826	    8.743837e-15
5511.8353452682495	    8.816524e-15
5514.123494386673	    8.885216e-15
5516.411643505096	    8.942244e-15
5518.69979262352	    9.037065e-15
5520.987941741943	    9.171688e-15
5523.276090860367	    9.263706e-15
5525.56423997879	    9.293245e-15
5527.852389097214	    9.331968e-15
5530.140538215637	    9.398744e-15
5532.428687334061	    9.448025e-15
5534.716836452484	     9.50026e-15
5537.004985570908	    9.635126e-15
5539.293134689331	    9.822546e-15
5541.5812838077545	     9.95493e-15
5543.869432926178	   1.0009974e-14
5546.157582044601	   1.0016797e-14
5548.445731163025	   1.0014232e-14
5550.733880281448	   1.0046828e-14
5553.022029399872	   1.0114892e-14
5555.310178518295	    1.019667e-14
5557.598327636719	  1.02807955e-14
5559.886476755142	   1.0357695e-14
5562.174625873566	   1.0389298e-14
5564.462774991989	   1.0345542e-14
5566.750924110413	   1.0294516e-14
5569.039073228836	   1.0308569e-14
5571.3272223472595	   1.0369558e-14
5573.615371465683	   1.0442375e-14
5575.903520584106	   1.0496946e-14
5578.19166970253	   1.0504635e-14
5580.479818820953	   1.0442024e-14
5582.767967939377	   1.0310714e-14
 5585.0561170578	   1.0166965e-14
5587.344266176224	   1.0062126e-14
5589.632415294647	   1.0028514e-14
5591.920564413071	   1.0059333e-14
5594.208713531494	   1.0073379e-14
5596.496862649918	  1.00426835e-14
5598.785011768341	   1.0026147e-14
5601.0731608867645	   1.0059762e-14
5603.361310005188	   1.0158184e-14
5605.649459123611	   1.0278494e-14
5607.937608242035	   1.0309444e-14
5610.225757360458	   1.0274767e-14
5612.513906478882	   1.0314531e-14
5614.802055597305	   1.0414269e-14
5617.090204715729	    1.045984e-14
5619.378353834152	   1.0457399e-14
5621.666502952576	   1.0470149e-14
5623.954652070999	   1.0541557e-14
5626.242801189423	   1.0704265e-14
5628.530950307846	   1.0862581e-14
5630.8190994262695	   1.0888056e-14
5633.107248544693	   1.0840966e-14
5635.3953976631165	  1.08256825e-14
5637.68354678154	   1.0873169e-14
5639.971695899963	   1.0981742e-14
5642.259845018387	   1.0987757e-14
5644.54799413681	   1.0766467e-14
5646.836143255234	  1.05775475e-14
5649.124292373657	   1.0631455e-14
5651.412441492081	   1.0702208e-14
5653.700590610504	  1.06172065e-14
5655.988739728928	   1.0524095e-14
5658.276888847351	  1.05244335e-14
5660.5650379657745	    1.055896e-14
5662.853187084198	  1.05779465e-14
5665.1413362026215	   1.0549057e-14
5667.429485321045	   1.0481325e-14
5669.717634439468	     1.04648e-14
5672.005783557892	   1.0519666e-14
5674.293932676315	   1.0565224e-14
5676.582081794739	    1.055986e-14
5678.870230913162	   1.0504932e-14
5681.158380031586	   1.0420277e-14
5683.446529150009	   1.0345383e-14
5685.734678268433	   1.0304576e-14
5688.022827386856	   1.0309482e-14
5690.3109765052795	   1.0340502e-14
5692.599125623703	   1.0355538e-14
5694.8872747421265	   1.0374866e-14
5697.17542386055	  1.04487435e-14
5699.463572978973	   1.0520267e-14
5701.751722097397	   1.0500575e-14
5704.03987121582	  1.04449666e-14
5706.328020334244	   1.0443623e-14
5708.616169452667	  1.05146376e-14
5710.904318571091	     1.06455e-14
5713.192467689514	  1.06849115e-14
5715.480616807938	   1.0509014e-14
5717.768765926361	   1.0334724e-14
5720.056915044785	   1.0365161e-14
5722.345064163208	   1.0482592e-14
5724.6332132816315	   1.0562086e-14
5726.921362400055	   1.0611463e-14
5729.209511518478	   1.0624921e-14
5731.497660636902	   1.0528596e-14
5733.785809755325	  1.03170265e-14
5736.073958873749	   1.0134273e-14
5738.362107992172	   1.0071747e-14
5740.650257110596	   1.0114087e-14
5742.938406229019	   1.0205654e-14
5745.226555347443	   1.0229961e-14
5747.514704465866	   1.0150388e-14
5749.80285358429	   1.0037704e-14
5752.091002702713	     9.94341e-15
5754.3791518211365	    9.904179e-15
5756.66730093956	   9.8960934e-15
5758.955450057983	    9.835602e-15
5761.243599176407	   9.7509865e-15
5763.53174829483	     9.74588e-15
5765.819897413254	    9.788217e-15
5768.108046531677	    9.776765e-15
5770.396195650101	     9.70802e-15
5772.684344768524	   9.6221604e-15
5774.972493886948	    9.531579e-15
5777.260643005371	    9.440958e-15
5779.548792123795	     9.41446e-15
5781.836941242218	    9.510255e-15
5784.1250903606415	     9.58844e-15
5786.413239479065	   9.4999285e-15
5788.701388597488	    9.342995e-15
5790.989537715912	    9.239213e-15
5793.277686834335	    9.179929e-15
5795.565835952759	    9.144458e-15
5797.853985071182	   9.1360084e-15
5800.142134189606	     9.14337e-15
5802.430283308029	    9.105585e-15
5804.718432426453	    9.007197e-15
5807.006581544876	    8.967508e-15
 5809.2947306633	   9.0322045e-15
5811.582879781723	    9.075772e-15
5813.8710289001465	   9.0316624e-15
5816.15917801857	    8.937803e-15
5818.447327136993	    8.841214e-15
5820.735476255417	   8.8076815e-15
5823.02362537384	   8.8416535e-15
5825.311774492264	   8.8662394e-15
5827.599923610687	    8.879831e-15
5829.888072729111	    8.955707e-15
5832.176221847534	    9.054813e-15
5834.464370965958	    9.057699e-15
5836.752520084381	    8.987142e-15
5839.040669202805	    8.948029e-15
5841.328818321228	    8.965946e-15
5843.6169674396515	    9.027341e-15
5845.905116558075	    9.090882e-15
5848.193265676498	    9.105728e-15
5850.481414794922	    9.063899e-15
5852.769563913345	    8.977801e-15
5855.057713031769	    8.914608e-15
5857.345862150192	    8.940262e-15
5859.634011268616	    8.991019e-15
5861.922160387039	    8.990729e-15
5864.210309505463	    8.964504e-15
5866.498458623886	    8.945404e-15
5868.78660774231	    8.926261e-15
5871.074756860733	    8.903355e-15
5873.3629059791565	    8.904426e-15
5875.65105509758	    8.931871e-15
5877.939204216003	     8.91219e-15
5880.227353334427	     8.80154e-15
5882.51550245285	    8.621042e-15
5884.803651571274	    8.433294e-15
5887.091800689697	    8.383658e-15
5889.379949808121	    8.491563e-15
5891.668098926544	    8.568372e-15
5893.956248044968	    8.555773e-15
5896.244397163391	   8.5639825e-15
5898.532546281815	    8.644768e-15
5900.820695400238	     8.79873e-15
5903.1088445186615	   8.9838525e-15
5905.396993637085	    9.118249e-15
5907.685142755508	    9.177166e-15
5909.973291873932	    9.176443e-15
5912.261440992355	    9.157048e-15
5914.549590110779	    9.177204e-15
5916.837739229202	    9.206059e-15
5919.125888347626	    9.172816e-15
5921.414037466049	    9.153851e-15
5923.702186584473	    9.262537e-15
5925.990335702896	    9.377088e-15
5928.27848482132	    9.335202e-15
5930.566633939743	    9.253852e-15
5932.8547830581665	    9.280438e-15
5935.14293217659	    9.309072e-15
5937.431081295013	    9.229544e-15
5939.719230413437	    9.132746e-15
5942.00737953186	    9.107054e-15
5944.295528650284	    9.125883e-15
5946.583677768707	    9.160769e-15
5948.871826887131	    9.219187e-15
5951.159976005554	    9.291046e-15
5953.448125123978	    9.319816e-15
5955.736274242401	    9.283889e-15
5958.024423360825	    9.245544e-15
5960.312572479248	    9.219944e-15
5962.6007215976715	    9.119048e-15
5964.888870716095	    8.967933e-15
5967.177019834518	    8.967367e-15
5969.465168952942	    9.097391e-15
5971.753318071365	    9.072483e-15
5974.041467189789	    8.897887e-15
5976.329616308212	    8.849564e-15
5978.617765426636	   8.9392655e-15
5980.905914545059	   8.9876235e-15
5983.194063663483	    8.973506e-15
5985.482212781906	    8.964631e-15
5987.77036190033	   8.9523895e-15
5990.058511018753	      8.8968e-15
5992.3466601371765	    8.843503e-15
 5994.6348092556	    8.864389e-15
5996.922958374023	     8.87331e-15
5999.211107492447	     8.75166e-15
6001.49925661087	    8.610506e-15
6003.787405729294	    8.593051e-15
6006.075554847717	    8.604242e-15
6008.363703966141	    8.531592e-15
6010.651853084564	    8.461264e-15
6012.940002202988	    8.474337e-15
6015.228151321411	    8.489327e-15
6017.516300439835	    8.441583e-15
6019.804449558258	    8.389121e-15
6022.0925986766815	   8.3793005e-15
6024.380747795105	     8.41132e-15
6026.668896913528	    8.459436e-15
6028.957046031952	    8.435943e-15
6031.245195150375	    8.316094e-15
6033.533344268799	    8.208217e-15
6035.821493387222	     8.15499e-15
6038.109642505646	    8.083988e-15
6040.397791624069	    7.989531e-15
6042.685940742493	    7.952102e-15
6044.974089860916	     7.97091e-15
6047.26223897934	    7.964394e-15
6049.550388097763	    7.917476e-15
6051.8385372161865	    7.865319e-15
6054.12668633461	    7.836485e-15
6056.414835453033	    7.861944e-15
6058.702984571457	    7.882756e-15
6060.99113368988	    7.789819e-15
6063.279282808304	    7.667559e-15
6065.567431926727	    7.678025e-15
6067.855581045151	    7.743958e-15
6070.143730163574	    7.715686e-15
6072.431879281998	    7.635429e-15
6074.720028400421	    7.590572e-15
6077.008177518845	   7.5696895e-15
6079.296326637268	    7.547325e-15
6081.5844757556915	    7.564665e-15
6083.872624874115	    7.647616e-15
6086.160773992538	    7.686278e-15
6088.448923110962	     7.59776e-15
6090.737072229385	      7.4865e-15
6093.025221347809	   7.4372745e-15
6095.313370466232	    7.405127e-15
6097.601519584656	    7.347405e-15
6099.889668703079	    7.240808e-15
6102.177817821503	    7.092986e-15
6104.465966939926	   6.9833763e-15
6106.75411605835	   6.9461627e-15
6109.042265176773	    6.930685e-15
6111.3304142951965	   6.9028327e-15
6113.61856341362	   6.8571815e-15
6115.9067125320435	   6.7787077e-15
6118.194861650467	   6.6405308e-15
6120.48301076889	    6.477633e-15
6122.771159887314	    6.381012e-15
6125.059309005737	   6.3540367e-15
6127.347458124161	     6.33771e-15
6129.635607242584	    6.280485e-15
6131.923756361008	   6.1313077e-15
6134.211905479431	   5.9763934e-15
6136.500054597855	    5.968289e-15
6138.788203716278	   6.0141863e-15
6141.0763528347015	    5.933411e-15
6143.364501953125	    5.817391e-15
6145.6526510715485	   5.8237555e-15
6147.940800189972	   5.8595173e-15
6150.228949308395	   5.7923073e-15
6152.517098426819	   5.6859268e-15
6154.805247545242	    5.622815e-15
6157.093396663666	   5.5474814e-15
6159.381545782089	    5.412603e-15
6161.669694900513	   5.3104765e-15
6163.957844018936	   5.3016394e-15
6166.24599313736	   5.2705693e-15
6168.534142255783	     5.14241e-15
6170.8222913742065	   5.0101563e-15
6173.11044049263	    4.930287e-15
6175.3985896110535	   4.8463126e-15
6177.686738729477	   4.7373786e-15
 6179.9748878479	   4.6534842e-15
6182.263036966324	   4.6169305e-15
6184.551186084747	   4.6132646e-15
6186.839335203171	    4.610625e-15
6189.127484321594	    4.549334e-15
6191.415633440018	   4.4421203e-15
6193.703782558441	   4.3815655e-15
6195.991931676865	   4.3771076e-15
6198.280080795288	   4.3685733e-15
6200.568229913712	   4.3519956e-15
6202.856379032135	   4.3553697e-15
6205.1445281505585	    4.403101e-15
6207.432677268982	   4.5192537e-15
6209.720826387405	    4.644124e-15
6212.008975505829	     4.68636e-15
6214.297124624252	   4.6814228e-15
6216.585273742676	   4.7064712e-15
6218.873422861099	   4.7855964e-15
6221.161571979523	   4.9209794e-15
6223.449721097946	     5.04203e-15
6225.73787021637	   5.0771976e-15
6228.026019334793	    5.077347e-15
6230.314168453217	   5.1067036e-15
6232.60231757164	   5.1663466e-15
6234.8904666900635	    5.249738e-15
6237.178615808487	    5.365432e-15
6239.46676492691	   5.5015586e-15
6241.754914045334	   5.5677737e-15
6244.043063163757	    5.538081e-15
6246.331212282181	    5.582275e-15
6248.619361400604	    5.768453e-15
6250.907510519028	   5.9162604e-15
6253.195659637451	    5.951215e-15
6255.483808755875	   6.0010417e-15
6257.771957874298	   6.1022964e-15
6260.060106992722	    6.161359e-15
6262.348256111145	   6.1611025e-15
6264.6364052295685	   6.1689875e-15
6266.924554347992	   6.1985155e-15
6269.212703466415	    6.214279e-15
6271.500852584839	   6.2310048e-15
6273.789001703262	    6.297911e-15
6276.077150821686	    6.406085e-15
6278.365299940109	    6.513265e-15
6280.653449058533	    6.603948e-15
6282.941598176956	     6.67482e-15
6285.22974729538	   6.7538147e-15
6287.517896413803	   6.8789113e-15
6289.806045532227	    7.010672e-15
6292.09419465065	   7.0906047e-15
6294.3823437690735	    7.138095e-15
6296.670492887497	    7.188858e-15
6298.95864200592	    7.240333e-15
6301.246791124344	     7.28468e-15
6303.534940242767	    7.321334e-15
6305.823089361191	    7.350589e-15
6308.111238479614	    7.379532e-15
6310.399387598038	    7.411514e-15
6312.687536716461	    7.419319e-15
6314.975685834885	    7.402791e-15
6317.263834953308	    7.461831e-15
6319.551984071732	    7.627456e-15
6321.840133190155	    7.748822e-15
6324.1282823085785	    7.755882e-15
6326.416431427002	    7.750826e-15
6328.704580545425	     7.78766e-15
6330.992729663849	   7.8413186e-15
6333.280878782272	     7.89382e-15
6335.569027900696	    7.934287e-15
6337.857177019119	   7.9413955e-15
6340.145326137543	   7.8823175e-15
6342.433475255966	    7.794591e-15
6344.72162437439	    7.775006e-15
6347.009773492813	    7.825067e-15
6349.297922611237	    7.882752e-15
6351.58607172966	    7.916738e-15
6353.8742208480835	   7.9081935e-15
6356.162369966507	    7.915518e-15
6358.45051908493	    8.027597e-15
6360.738668203354	    8.153649e-15
6363.026817321777	    8.150979e-15
6365.314966440201	    8.065666e-15
6367.603115558624	    7.992621e-15
6369.891264677048	    7.935642e-15
6372.179413795471	    7.883973e-15
6374.467562913895	    7.854637e-15
6376.755712032318	    7.860595e-15
6379.043861150742	    7.901374e-15
6381.332010269165	   7.9634175e-15
6383.6201593875885	     7.98474e-15
6385.908308506012	     7.93107e-15
6388.196457624435	    7.875385e-15
6390.484606742859	    7.868624e-15
6392.772755861282	     7.88785e-15
6395.060904979706	    7.890896e-15
6397.349054098129	    7.787581e-15
6399.637203216553	   7.5814175e-15
6401.925352334976	     7.45454e-15
 6404.2135014534	    7.457771e-15
6406.501650571823	   7.4330555e-15
6408.789799690247	    7.378037e-15
6411.07794880867	    7.486055e-15
6413.3660979270935	     7.69256e-15
6415.654247045517	    7.688796e-15
6417.94239616394	     7.51674e-15
6420.230545282364	    7.479946e-15
6422.518694400787	   7.5900945e-15
6424.806843519211	    7.688222e-15
6427.094992637634	    7.722811e-15
6429.383141756058	   7.6891025e-15
6431.671290874481	      7.6285e-15
6433.959439992905	    7.603179e-15
6436.247589111328	    7.605585e-15
6438.535738229752	    7.604978e-15
6440.823887348175	    7.577556e-15
6443.1120364665985	    7.507258e-15
6445.400185585022	    7.423592e-15
6447.688334703445	    7.363376e-15
6449.976483821869	    7.353166e-15
6452.264632940292	    7.399738e-15
6454.552782058716	   7.4353204e-15
6456.840931177139	    7.402417e-15
6459.129080295563	    7.310066e-15
6461.417229413986	    7.190769e-15
6463.70537853241	    7.131638e-15
6465.993527650833	    7.165365e-15
6468.281676769257	    7.174815e-15
6470.56982588768	    7.109236e-15
6472.8579750061035	   7.0684857e-15
6475.146124124527	    7.080576e-15
6477.43427324295	   7.0586936e-15
6479.722422361374	    6.970647e-15
6482.010571479797	   6.8439873e-15
6484.298720598221	   6.7366576e-15
6486.586869716644	     6.74796e-15
6488.875018835068	   6.8425752e-15
6491.163167953491	    6.865524e-15
6493.451317071915	   6.8198443e-15
6495.739466190338	   6.8153054e-15
6498.027615308762	   6.8554756e-15
6500.315764427185	    6.889399e-15
6502.6039135456085	    6.895881e-15
6504.892062664032	   6.8671028e-15
6507.180211782455	   6.7934757e-15
6509.468360900879	   6.6723767e-15
6511.756510019302	   6.5667767e-15
6514.044659137726	   6.5473025e-15
6516.332808256149	    6.585113e-15
6518.620957374572	    6.629081e-15
6520.909106492995	   6.6743897e-15
6523.197255611419	   6.7169975e-15
6525.485404729842	   6.7105156e-15
6527.773553848266	   6.6290277e-15
6530.061702966689	   6.5385256e-15
6532.349852085113	   6.4966444e-15
6534.638001203536	   6.4999568e-15
6536.9261503219595	   6.5310365e-15
6539.214299440383	    6.549802e-15
6541.5024485588065	   6.5314334e-15
6543.79059767723	   6.4922814e-15
6546.078746795653	   6.4480023e-15
6548.366895914077	   6.4053267e-15
 6550.6550450325	   6.3818266e-15
6552.943194150924	   6.4121872e-15
6555.231343269347	   6.4782617e-15
6557.519492387771	   6.5011867e-15
6559.807641506194	   6.4573663e-15
6562.095790624618	    6.375472e-15
6564.383939743041	   6.2863905e-15
6566.6720888614645	   6.2250255e-15
6568.960237979888	    6.197001e-15
6571.2483870983115	   6.1846826e-15
6573.536536216735	   6.1961222e-15
6575.824685335158	   6.2505725e-15
6578.112834453582	    6.300437e-15
6580.400983572005	   6.2778474e-15
6582.689132690429	   6.2257947e-15
6584.977281808852	    6.217632e-15
6587.265430927276	    6.226857e-15
6589.553580045699	   6.2088112e-15
6591.841729164123	   6.2011773e-15
6594.129878282546	     6.24122e-15
6596.41802740097	     6.25577e-15
6598.706176519393	   6.1859655e-15
6600.9943256378165	     6.13087e-15
6603.28247475624	   6.1632756e-15
6605.570623874663	   6.1862323e-15
6607.858772993087	   6.1270204e-15
6610.14692211151	   6.0152693e-15
6612.435071229934	    5.902223e-15
6614.723220348357	   5.8910066e-15
6617.011369466781	   5.9973317e-15
6619.299518585204	    6.045856e-15
6621.587667703628	   5.9892086e-15
6623.875816822051	   6.0037356e-15
6626.163965940475	   6.1197665e-15
6628.452115058898	    6.175944e-15
6630.7402641773215	   6.1371323e-15
6633.028413295745	    6.096913e-15
6635.316562414168	    6.074576e-15
6637.604711532592	    6.031064e-15
6639.892860651015	   5.9753495e-15
6642.181009769439	    5.945988e-15
6644.469158887862	    5.925324e-15
6646.757308006286	   5.8672634e-15
6649.045457124709	   5.7921388e-15
6651.333606243133	    5.747665e-15
6653.621755361556	   5.7388515e-15
6655.90990447998	   5.7534006e-15
6658.198053598403	   5.7878464e-15
6660.4862027168265	    5.837711e-15
6662.77435183525	   5.8471997e-15
6665.062500953673	   5.7692274e-15
6667.350650072097	    5.723803e-15
6669.63879919052	   5.8153085e-15
6671.926948308944	    5.872408e-15
6674.215097427367	   5.7569196e-15
6676.503246545791	     5.63997e-15
6678.791395664214	   5.6556043e-15
6681.079544782638	    5.709499e-15
6683.367693901061	    5.724304e-15
6685.655843019485	   5.7072826e-15
6687.943992137908	    5.668905e-15
6690.2321412563315	   5.6275925e-15
6692.520290374755	   5.5956225e-15
6694.808439493178	    5.567405e-15
6697.096588611602	    5.541308e-15
6699.384737730025	    5.521604e-15
6701.672886848449	    5.509441e-15
6703.961035966872	   5.5028004e-15
6706.249185085296	    5.503162e-15
6708.537334203719	    5.515975e-15
6710.825483322143	   5.5370662e-15
6713.113632440566	    5.552262e-15
6715.40178155899	    5.575264e-15
6717.689930677413	    5.639098e-15
6719.9780797958365	     5.69415e-15
6722.26622891426	   5.6526257e-15
6724.554378032683	    5.575056e-15
6726.842527151107	    5.574161e-15
6729.13067626953	   5.6067986e-15
6731.418825387954	   5.5882334e-15
6733.706974506377	    5.508285e-15
6735.995123624801	   5.3821177e-15
6738.283272743224	   5.3007097e-15
6740.571421861648	   5.3432943e-15
6742.859570980071	   5.3944297e-15
6745.147720098495	   5.3470636e-15
6747.435869216918	    5.313445e-15
6749.7240183353415	   5.3787897e-15
6752.012167453765	   5.4217694e-15
6754.300316572188	   5.3632432e-15
6756.588465690612	    5.302881e-15
6758.876614809035	    5.298794e-15
6761.164763927459	    5.275132e-15
6763.452913045882	   5.2157384e-15
6765.741062164306	    5.236587e-15
6768.029211282729	    5.350377e-15
6770.317360401153	    5.399739e-15
6772.605509519576	   5.3446517e-15
  6774.893658638	   5.2981047e-15
6777.181807756423	   5.3028155e-15
6779.4699568748465	   5.3352877e-15
6781.75810599327	    5.355967e-15
6784.046255111693	   5.3030696e-15
6786.334404230117	    5.202787e-15
6788.62255334854	   5.1477106e-15
6790.910702466964	   5.1170908e-15
6793.198851585387	    5.027626e-15
6795.487000703811	    4.933972e-15
6797.775149822234	   4.9447327e-15
6800.063298940658	   5.0128147e-15
6802.351448059081	   5.0400608e-15
6804.639597177505	    5.055573e-15
6806.927746295928	   5.1139724e-15
6809.2158954143515	     5.14914e-15
6811.504044532775	    5.089148e-15
6813.792193651198	    4.993285e-15
6816.080342769622	   4.9327925e-15
6818.368491888045	    4.905363e-15
6820.656641006469	    4.900412e-15
6822.944790124892	    4.915806e-15
6825.232939243316	   4.9468914e-15
6827.521088361739	   4.9980276e-15
6829.809237480163	   5.0565076e-15
6832.097386598586	    5.055062e-15
6834.38553571701	     4.97584e-15
6836.673684835433	     4.91837e-15
6838.9618339538565	   4.9194416e-15
6841.24998307228	    4.891633e-15
6843.538132190703	    4.813515e-15
6845.826281309127	    4.759864e-15
6848.11443042755	   4.7571263e-15
6850.402579545974	   4.7769456e-15
6852.690728664397	   4.8075087e-15
6854.978877782821	   4.8464163e-15
6857.267026901244	   4.8848818e-15
6859.555176019668	   4.9235234e-15
6861.843325138091	   4.8700646e-15
6864.131474256515	    4.579109e-15
6866.419623374938	    4.217473e-15
6868.7077724933615	   4.0954822e-15
6870.995921611785	   4.2277905e-15
6873.284070730208	    4.496919e-15
6875.572219848632	    4.778661e-15
6877.860368967055	   4.9488552e-15
6880.148518085479	    4.976741e-15
6882.436667203902	   4.8783567e-15
6884.724816322326	    4.726856e-15
6887.012965440749	   4.6047006e-15
6889.301114559173	   4.5431726e-15
6891.589263677596	   4.5488685e-15
6893.87741279602	    4.562908e-15
6896.165561914443	   4.5416797e-15
6898.4537110328665	   4.5584154e-15
6900.74186015129	   4.6517097e-15
6903.030009269713	     4.72746e-15
6905.318158388137	   4.7220846e-15
6907.60630750656	    4.653792e-15
6909.894456624984	    4.565644e-15
6912.182605743407	   4.5535886e-15
6914.470754861831	   4.6242137e-15
6916.758903980254	    4.627123e-15
6919.047053098678	   4.5300165e-15
6921.335202217101	    4.458461e-15
6923.623351335525	   4.4575757e-15
6925.911500453948	   4.4947045e-15
6928.1996495723715	   4.5264424e-15
6930.487798690795	    4.492396e-15
6932.775947809218	   4.4151885e-15
6935.064096927642	    4.378049e-15
6937.352246046065	   4.3812157e-15
6939.640395164489	    4.378884e-15
6941.928544282912	    4.364897e-15
6944.216693401336	    4.349499e-15
6946.504842519759	   4.3263843e-15
6948.792991638183	   4.2861045e-15
6951.081140756606	    4.261508e-15
6953.36928987503	    4.290107e-15
6955.657438993453	    4.310728e-15
6957.9455881118765	    4.258289e-15
 6960.2337372303	    4.222693e-15
6962.5218863487235	   4.2916313e-15
6964.810035467147	    4.378742e-15
6967.09818458557	   4.4040296e-15
6969.386333703994	     4.43642e-15
6971.674482822417	   4.5168193e-15
6973.962631940841	   4.5300707e-15
6976.250781059264	    4.425011e-15
6978.538930177688	   4.3559034e-15
6980.827079296111	    4.394484e-15
6983.115228414535	    4.406092e-15
6985.403377532958	   4.3299265e-15
6987.6915266513815	   4.2436342e-15
6989.979675769805	    4.192427e-15
6992.2678248882285	      4.1774e-15
6994.555974006652	   4.1947926e-15
6996.844123125075	   4.2303222e-15
6999.132272243499	    4.271725e-15
7001.420421361922	   4.3085373e-15
7003.708570480346	   4.3458093e-15
7005.996719598769	   4.4064225e-15
7008.284868717193	   4.4496703e-15
7010.573017835616	    4.392739e-15
7012.86116695404	   4.3121596e-15
7015.149316072463	    4.361034e-15
7017.4374651908865	    4.450894e-15
7019.72561430931	   4.4064983e-15
7022.0137634277335	    4.299987e-15
7024.301912546157	     4.27043e-15
7026.59006166458	   4.2912697e-15
7028.878210783004	   4.2999814e-15
7031.166359901427	   4.2920667e-15
7033.454509019851	   4.2709866e-15
7035.742658138274	   4.2192448e-15
7038.030807256698	    4.132293e-15
7040.318956375121	   4.0798845e-15
7042.607105493545	   4.1075004e-15
7044.895254611968	   4.1246917e-15
7047.183403730392	   4.0771546e-15
7049.471552848815	    4.067813e-15
7051.7597019672385	    4.147774e-15
7054.047851085662	    4.218891e-15
7056.336000204085	   4.2300038e-15
7058.624149322509	   4.2310376e-15
7060.912298440932	   4.2509505e-15
7063.200447559356	   4.2872577e-15
7065.488596677779	    4.326307e-15
7067.776745796203	    4.336277e-15
7070.064894914626	   4.3095702e-15
7072.35304403305	    4.263882e-15
7074.641193151473	    4.224905e-15
7076.929342269897	   4.2269544e-15
7079.21749138832	    4.255675e-15
7081.5056405067435	   4.2599375e-15
7083.793789625167	   4.2472756e-15
7086.08193874359	   4.2597643e-15
7088.370087862014	   4.2668006e-15
7090.658236980437	    4.208866e-15
7092.946386098861	    4.148281e-15
7095.234535217284	   4.1818707e-15
7097.522684335708	    4.242918e-15
7099.810833454131	    4.230866e-15
7102.098982572555	    4.190706e-15
7104.387131690978	    4.191023e-15
7106.675280809401	   4.2432658e-15
7108.963429927824	    4.338292e-15
7111.251579046248	    4.401363e-15
7113.539728164671	   4.3758412e-15
7115.8278772830945	   4.3325477e-15
7118.116026401518	    4.329879e-15
7120.404175519941	   4.3258388e-15
7122.692324638365	   4.2959055e-15
7124.980473756788	   4.2853235e-15
7127.268622875212	    4.307428e-15
7129.556771993635	   4.3008445e-15
7131.844921112059	   4.2413574e-15
7134.133070230482	   4.1730594e-15
7136.421219348906	    4.122401e-15
7138.709368467329	   4.0925845e-15
7140.997517585753	    4.071389e-15
7143.285666704176	    4.020545e-15
7145.5738158225995	   3.9624722e-15
7147.861964941023	    3.980047e-15
7150.150114059446	    4.062506e-15
7152.43826317787	   4.1292594e-15
7154.726412296293	   4.1438736e-15
7157.014561414717	   4.0955407e-15
7159.30271053314	    4.025849e-15
7161.590859651564	   4.0051796e-15
7163.879008769987	   3.9960113e-15
7166.167157888411	   3.9226807e-15
7168.455307006834	   3.8176757e-15
7170.743456125258	    3.743406e-15
7173.031605243681	   3.7468663e-15
7175.3197543621045	     3.85378e-15
7177.607903480528	    3.947924e-15
7179.896052598951	   3.9108307e-15
7182.184201717375	   3.8060502e-15
7184.472350835798	   3.7167937e-15
7186.760499954222	    3.656553e-15
7189.048649072645	   3.6286303e-15
7191.336798191069	   3.6198444e-15
7193.624947309492	   3.6177184e-15
7195.913096427916	   3.6300474e-15
7198.201245546339	   3.6594343e-15
7200.489394664763	   3.6868435e-15
7202.777543783186	    3.720137e-15
7205.0656929016095	   3.8297815e-15
7207.353842020033	    4.012158e-15
7209.641991138456	   4.1413563e-15
7211.93014025688	    4.169752e-15
7214.218289375303	    4.154218e-15
7216.506438493727	    4.132726e-15
7218.79458761215	   4.1226754e-15
7221.082736730574	   4.1370097e-15
7223.370885848997	   4.1859415e-15
7225.659034967421	   4.2071974e-15
7227.947184085844	    4.088835e-15
7230.235333204268	   3.8870266e-15
7232.523482322691	   3.7527706e-15
7234.8116314411145	    3.694984e-15
7237.099780559538	   3.6562325e-15
7239.387929677961	   3.6467407e-15
7241.676078796385	    3.692581e-15
7243.964227914808	    3.722842e-15
7246.252377033232	   3.6567467e-15
7248.540526151655	   3.5742313e-15
7250.828675270079	   3.5770138e-15
7253.116824388502	   3.6490954e-15
7255.404973506926	   3.7492914e-15
7257.693122625349	   3.8256184e-15
7259.981271743773	   3.8389757e-15
7262.269420862196	   3.8217343e-15
7264.5575699806195	    3.807607e-15
7266.845719099043	   3.8030636e-15
7269.133868217466	    3.802094e-15
7271.42201733589	    3.752108e-15
7273.710166454313	   3.6557324e-15
7275.998315572737	    3.658865e-15
7278.28646469116	   3.7881986e-15
7280.574613809584	   3.8452505e-15
7282.862762928007	   3.7562337e-15
7285.150912046431	   3.6317605e-15
7287.439061164854	   3.5435837e-15
7289.727210283278	   3.5242462e-15
7292.015359401701	    3.557061e-15
7294.3035085201245	   3.5696615e-15
7296.591657638548	     3.54756e-15
7298.879806756971	   3.5225718e-15
7301.167955875395	   3.5143882e-15
7303.456104993818	   3.5357374e-15
7305.744254112242	   3.5841585e-15
7308.032403230665	   3.6485347e-15
7310.320552349089	   3.6942135e-15
7312.608701467512	    3.683202e-15
7314.896850585936	    3.653806e-15
7317.184999704359	   3.6647346e-15
7319.473148822783	   3.7560486e-15
7321.761297941206	   3.9432717e-15
7324.0494470596295	    4.096168e-15
7326.337596178053	   4.0842773e-15
7328.625745296476	   3.9604618e-15
 7330.9138944149	   3.8100165e-15
7333.202043533323	   3.7096676e-15
7335.490192651747	    3.702963e-15
7337.77834177017	   3.6908677e-15
7340.066490888594	   3.6086966e-15
7342.354640007017	    3.557521e-15
7344.642789125441	     3.59242e-15
7346.930938243864	    3.628487e-15
7349.219087362288	    3.627434e-15
7351.507236480711	   3.6560098e-15
7353.7953855991345	    3.729169e-15
7356.083534717558	    3.777865e-15
7358.3716838359815	   3.7775853e-15
7360.659832954405	    3.758258e-15
7362.947982072828	   3.7493287e-15
7365.236131191252	   3.7825726e-15
7367.524280309675	   3.8475925e-15
7369.812429428099	   3.8972176e-15
7372.100578546522	    3.901608e-15
7374.388727664946	     3.84377e-15
7376.676876783369	    3.754563e-15
7378.965025901793	    3.692492e-15
7381.253175020216	    3.663794e-15
7383.5413241386395	   3.6498125e-15
7385.829473257063	   3.6299762e-15
7388.1176223754865	   3.5835613e-15
7390.40577149391	   3.5408698e-15
7392.693920612333	   3.5413274e-15
7394.982069730758	   3.5497876e-15
7397.27021884918	   3.5218425e-15
7399.558367967604	    3.469497e-15
7401.846517086027	   3.4157385e-15
7404.134666204451	   3.3808124e-15
7406.422815322874	   3.3805119e-15
7408.710964441298	   3.4155738e-15
7410.999113559721	   3.4753813e-15
7413.2872626781445	   3.5203062e-15
7415.575411796568	   3.5294419e-15
7417.8635609149915	   3.5457826e-15
7420.151710033415	    3.586458e-15
7422.439859151838	    3.599291e-15
7424.728008270262	   3.5666575e-15
7427.016157388685	   3.5328836e-15
7429.304306507109	   3.5271248e-15
7431.592455625532	   3.5593087e-15
7433.880604743956	    3.611142e-15
7436.168753862379	    3.626624e-15
7438.456902980803	    3.602432e-15
7440.745052099226	   3.5877135e-15
7443.03320121765	     3.59274e-15
7445.321350336073	    3.599232e-15
7447.6094994544965	   3.5908873e-15
7449.89764857292	   3.5526925e-15
7452.185797691343	   3.4848983e-15
7454.473946809767	   3.3963251e-15
7456.76209592819	    3.322804e-15
7459.050245046614	    3.309145e-15
7461.338394165037	    3.306405e-15
7463.626543283461	   3.2421946e-15
7465.914692401884	     3.20616e-15
7468.202841520308	   3.3053345e-15
7470.490990638731	   3.4217865e-15
7472.779139757155	   3.4219411e-15
7475.067288875578	   3.3699778e-15
7477.3554379940015	    3.348601e-15
7479.643587112425	   3.3717614e-15
7481.931736230848	   3.4369048e-15
7484.219885349272	   3.4962596e-15
7486.508034467695	   3.5204142e-15
7488.796183586119	   3.5682076e-15
7491.084332704542	    3.661077e-15
7493.372481822966	    3.709601e-15
7495.660630941389	   3.6772534e-15
7497.948780059813	    3.641018e-15
7500.236929178236	   3.6374034e-15
7502.52507829666	   3.6366542e-15
7504.813227415083	     3.61342e-15
7507.1013765335065	   3.5392107e-15
7509.38952565193	   3.4401229e-15
7511.677674770353	   3.4110737e-15
7513.965823888777	   3.4290223e-15
 7516.2539730072	   3.3625673e-15
7518.542122125624	   3.2441294e-15
7520.830271244047	   3.2214745e-15
7523.118420362471	   3.2659424e-15
7525.406569480894	   3.2524238e-15
7527.694718599318	   3.2098631e-15
7529.982867717741	    3.229402e-15
7532.271016836165	   3.2997668e-15
7534.559165954588	   3.3746161e-15
7536.8473150730115	   3.4136432e-15
7539.135464191435	   3.3840643e-15
7541.423613309858	   3.3243483e-15
7543.711762428282	   3.2855614e-15
7545.999911546705	   3.2396658e-15
7548.288060665129	   3.1603058e-15
7550.576209783552	   3.1284976e-15
7552.864358901976	   3.2005737e-15
7555.152508020399	    3.269162e-15
7557.440657138823	   3.2483705e-15
7559.728806257246	   3.1909383e-15
7562.01695537567	   3.1403459e-15
7564.305104494093	    3.081667e-15
7566.5932536125165	    3.012422e-15
7568.88140273094	   2.9550318e-15
7571.169551849363	   2.9242095e-15
7573.457700967787	   2.9240905e-15
7575.74585008621	    2.948212e-15
7578.033999204634	    2.967775e-15
7580.322148323057	   2.9983406e-15
7582.610297441481	   3.1165233e-15
7584.898446559904	   3.2782676e-15
7587.186595678328	   3.3291408e-15
7589.474744796751	    3.209326e-15
7591.762893915175	   2.9304217e-15
7594.051043033598	   2.6006827e-15
7596.3391921520215	   2.4008505e-15
7598.627341270445	   2.2932066e-15
7600.915490388868	   2.1253628e-15
7603.203639507292	   2.0623548e-15
7605.491788625715	    2.367597e-15
7607.779937744139	   2.9583725e-15
7610.068086862562	   3.6251862e-15
7612.356235980986	    4.242122e-15
7614.644385099409	   4.7020993e-15
7616.932534217833	    4.815979e-15
7619.220683336256	    4.465966e-15
7621.50883245468	   3.9118993e-15
7623.796981573103	    3.447075e-15
7626.0851306915265	    3.156594e-15
7628.37327980995	   3.0585034e-15
7630.661428928373	   3.0376656e-15
7632.949578046797	   2.9976795e-15
7635.23772716522	    2.999106e-15
7637.525876283644	   3.0693806e-15
7639.814025402067	   3.1248155e-15
7642.102174520491	   3.1391772e-15
7644.390323638914	   3.2158883e-15
7646.678472757338	   3.3585312e-15
7648.966621875761	   3.3901418e-15
7651.254770994185	   3.3001511e-15
7653.542920112608	   3.3100597e-15
7655.8310692310315	    3.440053e-15
7658.119218349455	   3.4878623e-15
7660.407367467878	   3.4434145e-15
7662.695516586302	    3.460057e-15
7664.983665704725	   3.5323656e-15
7667.271814823149	    3.552122e-15
7669.559963941572	    3.510577e-15
7671.848113059996	   3.4478228e-15
7674.136262178419	   3.4163988e-15
7676.424411296843	    3.473298e-15
7678.712560415266	   3.5313475e-15
7681.00070953369	    3.460443e-15
7683.288858652113	    3.314161e-15
7685.5770077705365	   3.1962725e-15
7687.86515688896	   3.1234742e-15
7690.153306007383	   3.0910267e-15
7692.441455125807	   3.1006355e-15
7694.72960424423	    3.142664e-15
7697.017753362654	    3.158005e-15
7699.305902481077	   3.1059127e-15
7701.594051599501	   3.0459805e-15
7703.882200717924	   3.0373314e-15
7706.170349836348	   3.0931136e-15
7708.458498954771	   3.2110202e-15
7710.746648073195	    3.367126e-15
7713.034797191618	   3.5191212e-15
7715.3229463100415	    3.588268e-15
7717.611095428465	   3.5596157e-15
7719.899244546888	   3.5403764e-15
7722.187393665312	   3.5688903e-15
7724.475542783735	   3.5675927e-15
7726.763691902159	   3.5345639e-15
7729.051841020582	   3.5653925e-15
7731.339990139006	   3.6297585e-15
7733.628139257429	     3.57313e-15
7735.916288375853	   3.4221567e-15
7738.204437494276	   3.3440857e-15
 7740.4925866127	   3.3501555e-15
7742.780735731123	   3.3550086e-15
7745.0688848495465	   3.3385884e-15
7747.35703396797	   3.3111473e-15
7749.645183086393	    3.265223e-15
7751.933332204817	    3.191797e-15
7754.22148132324	    3.129589e-15
7756.509630441664	   3.1264566e-15
7758.797779560087	    3.158028e-15
7761.085928678511	   3.1830467e-15
7763.374077796934	   3.1959546e-15
7765.662226915358	   3.1998067e-15
7767.950376033781	    3.209943e-15
7770.238525152205	   3.2387673e-15
7772.526674270628	    3.263762e-15
7774.8148233890515	   3.2683465e-15
7777.102972507475	   3.2664705e-15
7779.391121625898	   3.2823317e-15
7781.679270744322	     3.37676e-15
7783.967419862745	   3.5549986e-15
7786.255568981169	   3.6775303e-15
7788.543718099592	   3.6750384e-15
7790.831867218016	    3.628572e-15
7793.120016336439	    3.609036e-15
7795.408165454863	   3.6728827e-15
7797.696314573286	    3.798176e-15
7799.98446369171	   3.8441947e-15
7802.272612810133	    3.796482e-15
7804.5607619285565	   3.7892857e-15
7806.84891104698	   3.8146065e-15
7809.137060165403	    3.740336e-15
7811.425209283827	   3.5975565e-15
7813.71335840225	   3.5261763e-15
7816.001507520674	   3.5396306e-15
7818.289656639097	     3.58064e-15
7820.577805757521	   3.6124143e-15
7822.865954875944	   3.6070115e-15
7825.154103994368	    3.558418e-15
7827.442253112791	   3.4745347e-15
7829.730402231215	    3.407363e-15
7832.018551349638	   3.4127525e-15
7834.3067004680615	   3.4350176e-15
7836.594849586485	   3.4045301e-15
7838.8829987049085	   3.3612736e-15
7841.171147823332	   3.3559344e-15
7843.459296941755	   3.3922105e-15
7845.747446060179	   3.4593111e-15
7848.035595178602	   3.5042833e-15
7850.323744297026	   3.4952696e-15
7852.611893415449	    3.495232e-15
7854.900042533873	       3.548e-15
7857.188191652296	   3.6198453e-15
7859.47634077072	   3.6859134e-15
7861.764489889143	   3.7580798e-15
7864.0526390075665	   3.8175275e-15
7866.34078812599	   3.7821605e-15
7868.6289372444135	   3.6589473e-15
7870.917086362837	   3.5899437e-15
7873.20523548126	    3.610875e-15
7875.493384599684	    3.628778e-15
7877.781533718107	   3.5922544e-15
7880.069682836531	   3.4885948e-15
7882.357831954954	   3.3295084e-15
7884.645981073378	   3.1478768e-15
7886.934130191801	    3.001302e-15
7889.222279310225	    2.963017e-15
7891.510428428648	   2.9802424e-15
7893.798577547072	   2.9313917e-15
7896.086726665495	   2.8881757e-15
7898.3748757839185	   2.9931584e-15
7900.663024902342	     3.11879e-15
7902.951174020765	   3.0716754e-15
7905.239323139189	   2.9638612e-15
7907.527472257612	   2.9655066e-15
7909.815621376036	    3.030521e-15
7912.103770494459	   3.0780978e-15
7914.391919612883	   3.0847517e-15
7916.680068731306	   3.0451792e-15
7918.96821784973	   3.0243042e-15
7921.256366968153	   3.0670843e-15
7923.544516086577	   3.0944614e-15
  7925.832665205	    3.047057e-15
7928.1208143234235	    2.965876e-15
7930.408963441847	   2.8807715e-15
7932.69711256027	   2.7748166e-15
7934.985261678694	   2.6490204e-15
7937.273410797117	   2.5366881e-15
7939.561559915541	   2.4600238e-15
7941.849709033964	   2.4288462e-15
7944.137858152388	   2.4210133e-15
7946.426007270811	   2.3637422e-15
7948.714156389235	   2.2743578e-15
7951.002305507658	   2.2795232e-15
7953.290454626082	   2.3546084e-15
7955.578603744505	    2.335804e-15
7957.8667528629285	    2.265105e-15
7960.154901981352	   2.3278257e-15
7962.443051099775	    2.492262e-15
7964.731200218199	   2.6067782e-15
7967.019349336622	   2.6552103e-15
7969.307498455046	   2.6801306e-15
7971.595647573469	   2.6911137e-15
7973.883796691893	   2.6910533e-15
7976.171945810316	   2.6586111e-15
7978.46009492874	    2.571066e-15
7980.748244047163	   2.4787729e-15
7983.036393165587	   2.4385647e-15
7985.32454228401	   2.4345878e-15
7987.6126914024335	   2.4351054e-15
7989.900840520857	   2.4055005e-15
7992.18898963928	   2.3228525e-15
7994.477138757704	    2.213167e-15
7996.765287876127	   2.1103866e-15
7999.053436994551	   2.0509094e-15
8001.341586112974	   2.0495101e-15
8003.629735231398	   2.0635713e-15
8005.917884349821	   2.0571377e-15
8008.206033468245	   2.0138954e-15
8010.494182586668	     1.95185e-15
8012.782331705092	   1.9602324e-15
8015.070480823515	   2.0436044e-15
8017.3586299419385	   2.0707916e-15
8019.646779060362	    2.017116e-15
8021.934928178785	    1.988096e-15
8024.223077297209	    2.020907e-15
8026.511226415632	   2.0895943e-15
8028.799375534056	   2.1718494e-15
8031.087524652479	   2.2436018e-15
8033.375673770903	   2.2951105e-15
8035.663822889326	   2.3286776e-15
8037.95197200775	   2.3491849e-15
8040.240121126173	    2.363452e-15
8042.528270244597	   2.3719214e-15
8044.81641936302	   2.3717344e-15
8047.1045684814435	    2.359926e-15
8049.392717599867	   2.3349643e-15
8051.68086671829	   2.2872469e-15
8053.969015836714	   2.2106675e-15
8056.257164955137	   2.1638435e-15
8058.545314073561	   2.1991345e-15
8060.833463191984	   2.2329497e-15
8063.121612310408	   2.1864165e-15
8065.409761428831	   2.1339905e-15
8067.697910547255	   2.1374728e-15
8069.986059665678	   2.1222876e-15
8072.274208784102	   2.0439667e-15
8074.562357902525	   1.9900622e-15
8076.8505070209485	   2.0081358e-15
8079.138656139372	   2.0260056e-15
8081.426805257795	   2.0046295e-15
8083.714954376219	   1.9820639e-15
8086.003103494642	   1.9769652e-15
8088.291252613066	   1.9714647e-15
8090.579401731489	   1.9783537e-15
8092.867550849913	    2.053159e-15
8095.155699968336	   2.1841437e-15
8097.44384908676	   2.2857171e-15
8099.731998205183	   2.3395912e-15
8102.020147323607	   2.3861335e-15
8104.30829644203	    2.440348e-15
8106.5964455604535	   2.5026126e-15
8108.884594678877	    2.558772e-15
 8111.1727437973	    2.584526e-15
8113.460892915724	   2.5895337e-15
8115.749042034147	   2.5986928e-15
8118.037191152571	   2.6094256e-15
8120.325340270994	   2.6102985e-15
8122.613489389418	   2.5884802e-15
8124.901638507841	    2.534244e-15
8127.189787626265	    2.486602e-15
8129.477936744688	   2.4865764e-15
8131.766085863112	   2.4963425e-15
8134.054234981535	   2.4731706e-15
8136.3423840999585	   2.4370127e-15
8138.630533218382	   2.4111684e-15
8140.918682336805	   2.4012376e-15
8143.206831455229	   2.4018667e-15
8145.494980573652	   2.3647233e-15
8147.783129692076	   2.2727906e-15
8150.071278810499	    2.207957e-15
8152.359427928923	   2.2176655e-15
8154.647577047346	    2.257442e-15
8156.93572616577	   2.2996318e-15
8159.223875284193	   2.3530008e-15
8161.512024402617	   2.4213263e-15
8163.80017352104	   2.5008495e-15
8166.0883226394635	   2.6004413e-15
8168.376471757887	   2.7507613e-15
8170.66462087631	   2.9085955e-15
8172.952769994734	   2.9542138e-15
8175.240919113157	   2.9112819e-15
8177.529068231581	   2.9146855e-15
8179.817217350004	   2.9942227e-15
8182.105366468428	   3.1165226e-15
8184.393515586851	   3.2001862e-15
8186.681664705275	   3.1407349e-15
8188.969813823698	    3.002045e-15
8191.257962942122	    2.917726e-15
8193.546112060545	   2.9047364e-15
8195.834261178969	   2.9375685e-15
8198.122410297392	    2.997034e-15
8200.410559415815	   3.0591503e-15
8202.698708534239	   3.1019865e-15
8204.986857652662	    3.108166e-15
8207.275006771086	   3.0538638e-15
8209.56315588951	   2.9343837e-15
8211.851305007933	   2.8424854e-15
8214.139454126356	   2.8414802e-15
8216.42760324478	   2.8270233e-15
8218.715752363203	   2.7195507e-15
8221.003901481627	   2.5595864e-15
8223.29205060005	    2.405342e-15
8225.580199718474	   2.3355117e-15
8227.868348836897	   2.3989627e-15
8230.15649795532	   2.5802241e-15
8232.444647073744	   2.8373948e-15
8234.732796192167	   3.0982282e-15
8237.02094531059	   3.3057862e-15
8239.309094429014	   3.4298585e-15
8241.597243547438	   3.4758365e-15
8243.885392665861	   3.4899094e-15
8246.173541784285	   3.4881715e-15
8248.461690902708	    3.458908e-15
8250.749840021132	   3.4010344e-15
8253.037989139555	   3.3175803e-15
8255.326138257979	    3.239175e-15
8257.614287376402	   3.2087251e-15
8259.902436494825	   3.2227533e-15
8262.190585613249	   3.2547849e-15
8264.478734731672	    3.240626e-15
8266.766883850096	   3.1111886e-15
8269.05503296852	   2.9230785e-15
8271.343182086943	    2.769691e-15
8273.631331205366	   2.6351295e-15
8275.91948032379	   2.4897625e-15
8278.207629442213	   2.4437866e-15
8280.495778560637	    2.583474e-15
8282.78392767906	   2.7436344e-15
8285.072076797484	   2.7675599e-15
8287.360225915907	   2.6958255e-15
8289.64837503433	   2.5975409e-15
8291.936524152754	   2.5672434e-15
8294.224673271177	   2.6447297e-15
 8296.5128223896	   2.6849282e-15
8298.800971508024	    2.619911e-15
8301.089120626448	   2.5926078e-15
8303.377269744871	   2.6666387e-15
8305.665418863295	   2.7491774e-15
8307.953567981718	   2.7941559e-15
8310.241717100142	   2.8224156e-15
8312.529866218565	   2.8510244e-15
8314.818015336989	    2.902471e-15
8317.106164455412	   2.9558642e-15
8319.394313573835	    2.940408e-15
8321.682462692259	   2.8773667e-15
8323.970611810682	   2.8622702e-15
8326.258760929106	   2.8852566e-15
8328.54691004753	   2.8726163e-15
8330.835059165953	   2.8014194e-15
8333.123208284376	   2.6761616e-15
 8335.4113574028	   2.5496196e-15
8337.699506521223	    2.490066e-15
8339.987655639647	   2.5258268e-15
8342.27580475807	    2.658886e-15
8344.563953876494	    2.763211e-15
8346.852102994917	   2.7031966e-15
8349.14025211334	   2.5647438e-15
8351.428401231764	   2.4720104e-15
8353.716550350187	    2.443833e-15
8356.00469946861	   2.4767567e-15
8358.292848587034	   2.5482391e-15
8360.580997705458	    2.628834e-15
8362.869146823881	   2.6931834e-15
8365.157295942305	   2.7302216e-15
8367.445445060728	   2.7751662e-15
8369.733594179152	    2.845935e-15
8372.021743297575	   2.8934785e-15
8374.309892415999	    2.915567e-15
8376.598041534422	    3.020091e-15
8378.886190652845	   3.2201537e-15
8381.174339771269	   3.3679044e-15
8383.462488889692	   3.4008341e-15
8385.750638008116	   3.3709313e-15
8388.03878712654	   3.3278002e-15
8390.326936244963	   3.3257726e-15
8392.615085363386	   3.3498946e-15
8394.90323448181	    3.321635e-15
8397.191383600233	   3.2196195e-15
8399.479532718657	   3.0565936e-15
8401.76768183708	    2.926262e-15
8404.055830955504	   2.9719106e-15
8406.343980073927	   3.0686382e-15
8408.63212919235	   2.9716434e-15
8410.920278310774	   2.7872864e-15
8413.208427429197	   2.7410145e-15
8415.49657654762	   2.7601833e-15
8417.784725666044	   2.7003866e-15
8420.072874784468	   2.6176014e-15
8422.361023902891	   2.5970619e-15
8424.649173021315	   2.5867645e-15
8426.937322139738	   2.5322677e-15
8429.225471258162	    2.499029e-15
8431.513620376585	   2.5483499e-15
8433.801769495009	   2.6600434e-15
8436.089918613432	   2.8007807e-15
8438.378067731855	   2.9229872e-15
8440.666216850279	   3.0012222e-15
8442.954365968702	   3.0878262e-15
8445.242515087126	    3.203288e-15
8447.53066420555	   3.2730827e-15
8449.818813323973	   3.2814607e-15
8452.106962442396	   3.3329755e-15
8454.39511156082	    3.440969e-15
8456.683260679243	   3.4766512e-15
8458.971409797667	   3.4056025e-15
8461.25955891609	   3.3106607e-15
8463.547708034514	   3.2214486e-15
8465.835857152937	   3.1137554e-15
8468.12400627136	   3.0182511e-15
8470.412155389784	     3.00782e-15
8472.700304508207	   3.0429828e-15
8474.98845362663	   3.0102278e-15
8477.276602745054	   2.9412014e-15
8479.564751863478	    2.941619e-15
8481.852900981901	   2.9654969e-15
8484.141050100325	   2.9118255e-15
8486.429199218748	    2.810338e-15
8488.717348337172	    2.730794e-15
8491.005497455595	    2.689126e-15
8493.293646574019	   2.6852674e-15
8495.581795692442	   2.7072768e-15
8497.869944810865	    2.738624e-15
8500.158093929289	   2.7607067e-15
8502.446243047712	   2.7647359e-15
8504.734392166136	   2.8086708e-15
8507.02254128456	    2.924425e-15
8509.310690402983	   2.9898567e-15
8511.598839521406	   2.9357518e-15
8513.88698863983	   2.9090358e-15
8516.175137758253	   3.0006055e-15
8518.463286876677	   3.1274248e-15
 8520.7514359951	   3.2195822e-15
8523.039585113524	   3.2388223e-15
8525.327734231947	   3.2003742e-15
8527.61588335037	    3.220249e-15
8529.904032468794	   3.3231487e-15
8532.192181587217	    3.399838e-15
8534.48033070564	   3.4193045e-15
8536.768479824064	   3.4374837e-15
8539.056628942488	   3.4557326e-15
8541.344778060911	   3.4348783e-15
8543.632927179335	   3.3575994e-15
8545.921076297758	   3.2183339e-15
8548.209225416182	   3.0704589e-15
8550.497374534605	   3.0010305e-15
8552.785523653029	   2.9934411e-15
8555.073672771452	    2.978434e-15
8557.361821889876	   2.9640768e-15
8559.649971008299	   2.9836013e-15
8561.938120126722	    2.959875e-15
8564.226269245146	   2.8042108e-15
8566.51441836357	   2.6225273e-15
8568.802567481993	   2.5491721e-15
8571.090716600414	   2.5596199e-15
8573.378865718838	   2.6015749e-15
8575.667014837261	    2.654089e-15
8577.955163955685	   2.7027204e-15
8580.243313074108	    2.768403e-15
8582.531462192532	   2.8627647e-15
8584.819611310955	      2.9266e-15
8587.107760429379	   2.9448072e-15
8589.395909547802	   3.0568532e-15
8591.684058666226	   3.3050415e-15
8593.972207784649	    3.489786e-15
8596.260356903073	    3.509777e-15
8598.548506021496	   3.4595278e-15
8600.83665513992	   3.4076025e-15
8603.124804258343	   3.3835345e-15
8605.412953376766	   3.3869989e-15
8607.70110249519	   3.3701827e-15
8609.989251613613	   3.3220905e-15
8612.277400732037	   3.2726981e-15
8614.56554985046	   3.2214285e-15
8616.853698968884	    3.141647e-15
8619.141848087307	   3.0587834e-15
8621.42999720573	   3.0340214e-15
8623.718146324154	   3.0124595e-15
8626.006295442578	    2.881773e-15
8628.294444561001	   2.7120655e-15
8630.582593679424	   2.6426854e-15
8632.870742797848	   2.6487152e-15
8635.158891916271	    2.653089e-15
8637.447041034695	   2.6293512e-15
8639.735190153118	   2.5685622e-15
8642.023339271542	   2.5193013e-15
8644.311488389965	    2.533495e-15
8646.599637508389	   2.5715236e-15
8648.887786626812	   2.5925516e-15
8651.175935745236	   2.6449891e-15
8653.464084863659	   2.7626805e-15
8655.752233982083	   2.8818217e-15
8658.040383100506	   2.9538618e-15
8660.32853221893	   3.0077028e-15
8662.616681337353	   3.0652022e-15
8664.904830455776	   3.1115518e-15
 8667.1929795742	   3.1509702e-15
8669.481128692623	   3.2308484e-15
8671.769277811047	   3.3526009e-15
8674.05742692947	   3.4395054e-15
8676.345576047894	    3.461016e-15
8678.633725166317	   3.4531532e-15
8680.92187428474	   3.4317644e-15
8683.210023403164	   3.3885985e-15
8685.498172521588	   3.3476612e-15
8687.786321640011	   3.3584678e-15
8690.074470758434	   3.4098281e-15
8692.362619876858	   3.4499504e-15
8694.650768995281	   3.4387481e-15
8696.938918113705	   3.3419899e-15
8699.227067232128	   3.2255322e-15
8701.515216350552	   3.2022892e-15
8703.803365468975	   3.2034485e-15
8706.091514587399	   3.0994191e-15
8708.379663705822	   2.9767696e-15
8710.667812824246	   2.9682684e-15
8712.95596194267	   3.0050658e-15
8715.244111061093	    2.983256e-15
8717.532260179516	   2.8955857e-15
8719.82040929794	   2.7608575e-15
8722.108558416363	    2.634393e-15
8724.396707534786	   2.5678767e-15
8726.68485665321	   2.5645483e-15
8728.973005771633	   2.6076303e-15
8731.261154890057	    2.635264e-15
8733.54930400848	   2.6135136e-15
8735.837453126904	   2.6046526e-15
8738.125602245327	    2.650324e-15
8740.41375136375	   2.7270073e-15
8742.701900482174	   2.8231578e-15
8744.990049600598	   2.9545106e-15
8747.278198719021	   3.1116172e-15
8749.566347837444	   3.2473788e-15
8751.854496955868	   3.3497241e-15
8754.142646074291	   3.4549148e-15
8756.430795192715	   3.5451702e-15
8758.718944311138	    3.548085e-15
8761.007093429562	    3.469688e-15
8763.295242547985	   3.3811378e-15
8765.583391666409	    3.294011e-15
8767.871540784832	   3.1798777e-15
8770.159689903256	   3.0864602e-15
8772.44783902168	    3.093299e-15
8774.735988140103	   3.1679312e-15
8777.024137258526	    3.230185e-15
8779.31228637695	   3.2449282e-15
8781.600435495373	   3.1976178e-15
8783.888584613796	    3.087308e-15
8786.17673373222	   2.9263434e-15
8788.464882850643	   2.8007161e-15
8790.753031969067	    2.785083e-15
8793.04118108749	    2.730132e-15
8795.329330205914	    2.511644e-15
8797.617479324337	    2.354621e-15
8799.90562844276	    2.440668e-15
8802.193777561184	   2.5946809e-15
8804.481926679608	   2.6724825e-15
8806.770075798031	    2.746529e-15
8809.058224916454	   2.8638652e-15
8811.346374034878	   2.9779072e-15
8813.634523153301	   3.0705205e-15
8815.922672271725	   3.1880321e-15
8818.210821390148	   3.3242553e-15
8820.498970508572	   3.3769346e-15
8822.787119626995	   3.3381876e-15
8825.075268745419	   3.3354106e-15
8827.363417863842	   3.3911773e-15
8829.651566982266	   3.4055781e-15
8831.93971610069	   3.3800524e-15
8834.227865219113	   3.4083738e-15
8836.516014337536	    3.456545e-15
8838.80416345596	   3.4010372e-15
8841.092312574383	    3.272733e-15
8843.380461692806	   3.1874756e-15
8845.66861081123	   3.1630141e-15
8847.956759929653	    3.174625e-15
8850.244909048077	   3.1399067e-15
 8852.5330581665	   2.9618766e-15
8854.821207284924	   2.7839923e-15
8857.109356403347	   2.7977888e-15
8859.39750552177	   2.8596582e-15
8861.685654640194	   2.7768656e-15
8863.973803758618	    2.617242e-15
8866.261952877041	   2.4880877e-15
8868.550101995465	    2.454622e-15
8870.838251113888	   2.5418123e-15
8873.126400232311	   2.6009438e-15
8875.414549350735	    2.523233e-15
8877.702698469158	   2.4183574e-15
8879.990847587582	   2.3896995e-15
8882.278996706005	   2.4737237e-15
8884.567145824429	   2.6615804e-15
8886.855294942852	    2.844555e-15
8889.143444061276	   2.9556444e-15
 8891.4315931797	   3.0239972e-15
8893.719742298123	   3.0708193e-15
8896.007891416546	    3.098281e-15
8898.29604053497	   3.1313908e-15
8900.584189653393	   3.2234355e-15
8902.872338771816	   3.3472027e-15
8905.16048789024	   3.3909528e-15
8907.448637008663	    3.351257e-15
8909.736786127087	   3.3184345e-15
8912.02493524551	   3.2758923e-15
8914.313084363934	   3.1363718e-15
8916.601233482357	   2.9725806e-15
8918.88938260078	    2.936145e-15
8921.177531719204	   2.9480745e-15
8923.465680837628	    2.840718e-15
8925.753829956051	     2.66866e-15
8928.041979074475	   2.5543873e-15
8930.330128192898	   2.5012286e-15
8932.618277311321	   2.4812746e-15
8934.906426429745	   2.4910072e-15
8937.194575548168	   2.5223928e-15
8939.482724666592	   2.5241565e-15
8941.770873785015	   2.4570795e-15
8944.059022903439	    2.383774e-15
8946.347172021862	   2.3528777e-15
8948.635321140286	   2.2847765e-15
8950.92347025871	    2.132642e-15
8953.211619377133	   1.9852625e-15
8955.499768495556	   1.9120632e-15
8957.78791761398	   1.9135683e-15
8960.076066732403	   1.9728863e-15
8962.364215850826	   2.0428014e-15
8964.65236496925	   2.0969321e-15
8966.940514087673	   2.1496451e-15
8969.228663206097	   2.2205161e-15
8971.51681232452	    2.336927e-15
8973.804961442944	     2.49123e-15
8976.093110561367	    2.636272e-15
8978.38125967979	   2.7348252e-15
8980.669408798214	   2.7636142e-15
8982.957557916638	   2.7183814e-15
8985.245707035061	   2.6065188e-15
8987.533856153485	   2.5161084e-15
8989.822005271908	   2.5773633e-15
8992.110154390331	   2.7323851e-15
8994.398303508755	   2.8357045e-15
8996.686452627178	   2.8507233e-15
8998.974601745602	    2.784666e-15
9001.262750864025	   2.7352534e-15
9003.550899982449	   2.8135917e-15
9005.839049100872	   2.8654858e-15
9008.127198219296	   2.7119382e-15
9010.41534733772	   2.5106906e-15
9012.703496456143	    2.446145e-15
9014.991645574566	    2.484077e-15
9017.27979469299	   2.5527536e-15
9019.567943811413	   2.5521626e-15
9021.856092929836	   2.4247495e-15
9024.14424204826	   2.2874063e-15
9026.432391166683	    2.237602e-15
9028.720540285107	   2.2728336e-15
9031.00868940353	   2.3558565e-15
9033.296838521954	    2.378419e-15
9035.584987640377	   2.2933366e-15
 9037.8731367588	   2.1819088e-15
9040.161285877224	   2.0963608e-15
9042.449434995648	    2.029295e-15
9044.737584114071	   2.0118796e-15
9047.025733232495	   2.1306008e-15
9049.313882350918	   2.3255275e-15
9051.602031469341	   2.3800525e-15
9053.890180587765	   2.3278212e-15
9056.178329706188	   2.4124561e-15
9058.466478824612	    2.599186e-15
9060.754627943035	   2.6745474e-15
9063.042777061459	   2.6534779e-15
9065.330926179882	   2.6658331e-15
9067.619075298306	   2.7097488e-15
9069.90722441673	   2.7323642e-15
9072.195373535153	   2.7585796e-15
9074.483522653576	   2.8306473e-15
  9076.771671772	   2.8808457e-15
9079.059820890423	   2.8296694e-15
9081.347970008846	    2.757823e-15
9083.63611912727	   2.7616306e-15
9085.924268245693	   2.8291135e-15
9088.212417364117	   2.9156312e-15
9090.50056648254	    2.900323e-15
9092.788715600964	    2.705099e-15
9095.076864719387	    2.438581e-15
9097.36501383781	   2.2288473e-15
9099.653162956234	   2.2242956e-15
9101.941312074658	   2.4372247e-15
9104.229461193081	   2.5037324e-15
9106.517610311505	   2.2766558e-15
9108.805759429928	   2.1233085e-15
9111.093908548351	   2.2011572e-15
9113.382057666775	   2.2930357e-15
9115.670206785198	   2.2770293e-15
9117.958355903622	   2.1415814e-15
9120.246505022045	   1.9663366e-15
9122.534654140469	   1.9583188e-15
9124.822803258892	   2.0959815e-15
9127.110952377316	   2.1394365e-15
9129.39910149574	   2.0804484e-15
9131.687250614163	   2.0785384e-15
9133.975399732586	    2.144885e-15
9136.26354885101	   2.2083682e-15
9138.551697969433	   2.2784697e-15
9140.839847087856	   2.3958664e-15
9143.12799620628	   2.5201282e-15
9145.416145324703	    2.586328e-15
9147.704294443127	    2.620112e-15
9149.99244356155	    2.671814e-15
9152.280592679974	   2.7167193e-15
9154.568741798397	   2.7227703e-15
9156.85689091682	    2.742619e-15
9159.145040035244	   2.8277727e-15
9161.433189153668	   2.9471169e-15
9163.721338272091	   3.0559748e-15
9166.009487390515	   3.1155574e-15
9168.297636508938	   3.0991792e-15
9170.585785627361	   3.0203948e-15
9172.873934745785	   2.9002414e-15
9175.162083864208	    2.747972e-15
9177.450232982632	   2.5968901e-15
9179.738382101055	   2.5389277e-15
9182.026531219479	   2.5960353e-15
9184.314680337902	   2.6589408e-15
9186.602829456326	    2.663849e-15
9188.89097857475	   2.6217292e-15
9191.179127693173	   2.5595125e-15
9193.467276811596	   2.5294841e-15
9195.75542593002	   2.5358445e-15
9198.043575048443	   2.5304944e-15
9200.331724166866	    2.493714e-15
9202.61987328529	   2.4275094e-15
9204.908022403713	    2.349951e-15
9207.196171522137	   2.2946538e-15
9209.48432064056	   2.2512156e-15
9211.772469758984	   2.1807528e-15
9214.060618877407	   2.1534923e-15
9216.34876799583	    2.277732e-15
9218.636917114254	   2.4142218e-15
9220.925066232678	   2.3611278e-15
9223.213215351101	   2.2336555e-15
9225.501364469525	   2.2178143e-15
9227.789513587948	   2.2958066e-15
9230.077662706371	    2.411286e-15
9232.365811824795	   2.5678748e-15
9234.653960943218	    2.762766e-15
9236.942110061642	   2.9551944e-15
9239.230259180065	   3.1037195e-15
9241.518408298489	   3.1610048e-15
9243.806557416912	   3.1225501e-15
9246.094706535336	   3.1179977e-15
9248.38285565376	   3.2216051e-15
9250.671004772183	   3.3364192e-15
9252.959153890606	    3.391807e-15
9255.24730300903	   3.3877222e-15
9257.535452127453	   3.3426656e-15
9259.823601245876	   3.3145325e-15
 9262.1117503643	   3.3075387e-15
9264.399899482723	     3.24758e-15
9266.688048601147	   3.1055258e-15
9268.97619771957	   2.8950642e-15
9271.264346837994	   2.6830732e-15
9273.552495956417	   2.5938171e-15
9275.84064507484	   2.5840294e-15
9278.128794193264	   2.4787695e-15
9280.416943311688	   2.3155338e-15
9282.705092430111	   2.2623572e-15
9284.993241548535	   2.2386973e-15
9287.281390666958	    2.050125e-15
9289.569539785381	    1.870978e-15
9291.857688903805	   1.9920834e-15
9294.145838022228	   2.1502732e-15
9296.433987140652	   1.9642461e-15
9298.722136259075	   1.6997587e-15
9301.010285377499	   1.7221236e-15
9303.298434495922	   1.8926797e-15
9305.586583614346	   2.0098959e-15
9307.87473273277	    2.087089e-15
9310.162881851193	   2.1574946e-15
9312.451030969616	   2.2443065e-15
9314.73918008804	    2.353543e-15
9317.027329206463	   2.3947678e-15
9319.315478324886	   2.3297662e-15
9321.60362744331	   2.2981994e-15
9323.891776561733	   2.3763158e-15
9326.179925680157	   2.4731924e-15
9328.46807479858	   2.5145634e-15
9330.756223917004	   2.4723138e-15
9333.044373035427	   2.3390891e-15
9335.33252215385	    2.123528e-15
9337.620671272274	    1.945424e-15
9339.908820390698	    2.065027e-15
9342.196969509121	   2.4739658e-15
9344.485118627545	   2.8930548e-15
9346.773267745968	   3.1552661e-15
9349.061416864392	     3.17958e-15
9351.349565982815	   3.0445983e-15
9353.637715101238	   2.9625223e-15
9355.925864219662	    2.846834e-15
9358.214013338085	    2.446405e-15
9360.502162456509	     2.03372e-15
9362.790311574932	   2.0757387e-15
9365.078460693356	   2.2760042e-15
9367.36660981178	   2.1184775e-15
9369.654758930203	    1.826413e-15
9371.942908048626	   1.7782641e-15
9374.23105716705	   1.9018515e-15
9376.519206285473	   2.0419258e-15
9378.807355403897	    2.070164e-15
9381.09550452232	   1.9171456e-15
9383.383653640743	   1.8899607e-15
9385.671802759167	   2.2024206e-15
9387.95995187759	   2.4308986e-15
9390.248100996014	   2.2851937e-15
9392.536250114437	     2.13051e-15
9394.82439923286	   2.2016985e-15
9397.112548351284	   2.2818625e-15
9399.400697469708	   2.2333902e-15
9401.688846588131	   2.0895157e-15
9403.976995706555	   1.9419878e-15
9406.265144824978	   2.0070969e-15
9408.553293943402	   2.2965253e-15
9410.841443061825	   2.5109974e-15
9413.129592180248	    2.582175e-15
9415.417741298672	   2.7290235e-15
9417.705890417095	    2.892912e-15
9419.994039535519	    2.757224e-15
9422.282188653942	   2.4410278e-15
9424.570337772366	   2.3846915e-15
9426.85848689079	   2.5385167e-15
9429.146636009213	   2.5496916e-15
9431.434785127636	   2.5399454e-15
9433.72293424606	   2.8461739e-15
9436.011083364483	   3.0824816e-15
9438.299232482907	   2.6497888e-15
9440.58738160133	     2.02283e-15
9442.875530719753	   1.9313145e-15
9445.163679838177	    2.181314e-15
 9447.4518289566	   2.3757292e-15
9449.739978075024	   2.3825438e-15
9452.028127193447	   2.1506029e-15
9454.31627631187	    1.847616e-15
9456.604425430294	   1.6575981e-15
9458.892574548718	   1.5969957e-15
9461.180723667141	   1.6484287e-15
9463.468872785565	   1.7889537e-15
9465.757021903988	   1.9456396e-15
9468.045171022412	    1.884822e-15
9470.333320140835	   1.5794639e-15
9472.621469259258	    1.539362e-15
9474.909618377682	   1.9255727e-15
9477.197767496105	   2.1679425e-15
9479.485916614529	   2.0614074e-15
9481.774065732952	    2.001668e-15
9484.062214851376	    2.096048e-15
 9486.3503639698	   2.0915253e-15
9488.638513088223	   1.9681103e-15
9490.926662206646	   1.9350571e-15
9493.21481132507	   1.9853302e-15
9495.502960443493	   1.9309941e-15
9497.791109561917	   1.8793992e-15
9500.07925868034	    2.122986e-15
9502.367407798763	    2.554053e-15
9504.655556917187	   2.8563505e-15
9506.94370603561	   2.9628374e-15
9509.231855154034	     2.92135e-15
9511.520004272457	   2.7458578e-15
9513.80815339088	   2.4618386e-15
9516.096302509304	    2.181748e-15
9518.384451627728	   2.0268988e-15
9520.672600746151	   2.0057215e-15
9522.960749864575	   2.0881437e-15
9525.248898982998	   2.2878777e-15
9527.537048101422	    2.581006e-15
9529.825197219845	    2.712923e-15
9532.113346338268	   2.5150223e-15
9534.401495456692	    2.278522e-15
9536.689644575115	   2.2373393e-15
9538.977793693539	    2.260657e-15
9541.265942811962	   2.2447601e-15
9543.554091930386	   2.2294936e-15
9545.84224104881	   2.2141285e-15
9548.130390167233	   2.1099531e-15
9550.418539285656	   1.9113658e-15
9552.70668840408	   1.7585849e-15
9554.994837522503	   1.6948843e-15
9557.282986640927	   1.6149898e-15
9559.57113575935	   1.5247708e-15
9561.859284877773	   1.5526613e-15
9564.147433996197	   1.7108276e-15
9566.43558311462	   1.9192507e-15
9568.723732233044	   2.0669031e-15
9571.011881351467	    2.010266e-15
9573.30003046989	   1.8623142e-15
9575.588179588314	    1.897406e-15
9577.876328706738	   2.0179353e-15
9580.164477825161	   1.9549533e-15
9582.452626943585	   1.8053842e-15
9584.740776062008	   1.7900362e-15
9587.028925180432	    1.902083e-15
9589.317074298855	   2.0659506e-15
9591.605223417278	   2.1851286e-15
9593.893372535702	    2.177401e-15
9596.181521654125	    2.180335e-15
9598.469670772549	   2.3350579e-15
9600.757819890972	   2.5168229e-15
9603.045969009396	   2.5932905e-15
9605.33411812782	   2.5940318e-15
9607.622267246243	    2.557968e-15
9609.910416364666	    2.475528e-15
9612.19856548309	   2.3648813e-15
9614.486714601513	   2.3575383e-15
9616.774863719937	   2.4534335e-15
9619.06301283836	     2.28891e-15
9621.351161956783	   1.8048256e-15
9623.639311075207	     1.57459e-15
9625.92746019363	   1.7749425e-15
9628.215609312054	   1.9375722e-15
9630.503758430477	   1.8843133e-15
 9632.7919075489	   1.8042399e-15
9635.080056667324	   1.7566177e-15
9637.368205785748	   1.6859937e-15
9639.656354904171	   1.6184526e-15
9641.944504022595	   1.6348024e-15
9644.232653141018	   1.7137471e-15
9646.520802259442	   1.7657419e-15
9648.808951377865	   1.7826092e-15
9651.097100496288	    1.802323e-15
9653.385249614712	    1.782326e-15
9655.673398733135	   1.6587413e-15
9657.961547851559	   1.4978608e-15
9660.249696969982	   1.4046156e-15
9662.537846088406	   1.4654141e-15
9664.82599520683	   1.7326712e-15
9667.114144325253	   2.0177657e-15
9669.402293443676	   2.1178653e-15
 9671.6904425621	   2.1558153e-15
9673.978591680523	   2.2776671e-15
9676.266740798947	   2.4249118e-15
9678.55488991737	   2.5299754e-15
9680.843039035793	   2.5831877e-15
9683.131188154217	   2.5853273e-15
9685.41933727264	   2.5574133e-15
9687.707486391064	   2.5262042e-15
9689.995635509487	     2.51946e-15
9692.28378462791	   2.5512224e-15
9694.571933746334	    2.626295e-15
9696.860082864758	    2.684395e-15
9699.148231983181	   2.5311259e-15
9701.436381101605	     2.20793e-15
9703.724530220028	    2.102992e-15
9706.012679338452	   2.2846234e-15
9708.300828456875	   2.4527116e-15
9710.588977575298	   2.4799782e-15
9712.877126693722	   2.3936984e-15
9715.165275812145	   2.2267323e-15
9717.453424930569	   2.0205596e-15
9719.741574048992	    1.890839e-15
9722.029723167416	   1.9963605e-15
9724.31787228584	   2.1445775e-15
9726.606021404263	   1.9778448e-15
9728.894170522686	   1.6979433e-15
9731.18231964111	   1.7040418e-15
9733.470468759533	   1.7990755e-15
9735.758617877957	   1.6414318e-15
9738.04676699638	   1.4257777e-15
9740.334916114803	   1.4264388e-15
9742.623065233227	   1.4939779e-15
9744.91121435165	   1.4402252e-15
9747.199363470074	   1.3095855e-15
9749.487512588497	   1.1808822e-15
9751.77566170692	   1.1620307e-15
9754.063810825344	   1.3045866e-15
9756.351959943768	   1.4207628e-15
9758.640109062191	   1.3866304e-15
9760.928258180615	   1.3327624e-15
9763.216407299038	   1.3610133e-15
9765.504556417462	   1.4800867e-15
9767.792705535885	   1.6552406e-15
9770.080854654308	   1.7562362e-15
9772.369003772732	   1.7580018e-15
9774.657152891155	   1.8190475e-15
9776.945302009579	   1.9674206e-15
9779.233451128002	   2.0581537e-15
9781.521600246426	    2.067393e-15
9783.80974936485	   2.0954083e-15
9786.097898483273	   2.1402786e-15
9788.386047601696	   2.1201298e-15
9790.67419672012	   2.0495252e-15
9792.962345838543	   2.0023927e-15
9795.250494956967	   1.9973005e-15
9797.53864407539	   2.0255594e-15
9799.826793193814	   2.0502424e-15
9802.114942312237	    2.020441e-15
9804.40309143066	   2.0017667e-15
9806.691240549084	   2.0883663e-15
9808.979389667507	   2.1802554e-15
9811.26753878593	   2.1434482e-15
9813.555687904354	   1.9897545e-15
9815.843837022778	   1.7783988e-15
9818.131986141201	   1.6633202e-15
9820.420135259625	   1.7640249e-15
9822.708284378048	   1.9473586e-15
9824.996433496472	   2.0620346e-15
9827.284582614895	   2.0453084e-15
9829.572731733319	    1.887335e-15
9831.860880851742	   1.7250091e-15
9834.149029970165	   1.6494175e-15
9836.437179088589	   1.5714576e-15
9838.725328207012	   1.4561893e-15
9841.013477325436	   1.4026556e-15
9843.30162644386	   1.4516438e-15
9845.589775562283	   1.5588499e-15
9847.877924680706	   1.6420679e-15
9850.16607379913	   1.5520661e-15
9852.454222917553	   1.3251065e-15
9854.742372035977	   1.2200781e-15
 9857.0305211544	   1.2803737e-15
9859.318670272824	   1.3511437e-15
9861.606819391247	   1.3685499e-15
9863.89496850967	    1.326709e-15
9866.183117628094	   1.2846445e-15
9868.471266746517	   1.3455464e-15
9870.75941586494	   1.4891443e-15
9873.047564983364	   1.6328736e-15
9875.335714101788	    1.748205e-15
9877.623863220211	   1.8278511e-15
9879.912012338635	   1.8883153e-15
9882.200161457058	   1.9543515e-15
9884.488310575482	    2.007879e-15
9886.776459693905	    2.025085e-15
9889.064608812329	   2.0171556e-15
9891.352757930752	   2.0022751e-15
9893.640907049175	   1.9977808e-15
9895.929056167599	   2.0155219e-15
9898.217205286022	   2.0428523e-15
9900.505354404446	   2.0657266e-15
9902.79350352287	   2.0991484e-15
9905.081652641293	   2.1302087e-15
9907.369801759716	   2.0288516e-15
9909.65795087814	   1.7843617e-15
9911.946099996563	   1.6936208e-15
9914.234249114987	    1.871376e-15
9916.52239823341	   2.0608329e-15
9918.810547351834	   2.1122069e-15
9921.098696470257	   2.0513942e-15
9923.38684558868	   1.9260898e-15
9925.674994707104	   1.8271445e-15
9927.963143825527	   1.7727056e-15
9930.25129294395	   1.6915749e-15
9932.539442062374	   1.5927341e-15
9934.827591180798	   1.5554018e-15
9937.115740299221	   1.5521548e-15
9939.403889417645	   1.4776379e-15
9941.692038536068	   1.4214877e-15
9943.980187654492	   1.5725435e-15
9946.268336772915	   1.7736449e-15
9948.556485891339	    1.738439e-15
9950.844635009762	   1.4912878e-15
9953.132784128185	   1.1727144e-15
9955.420933246609	    9.974978e-16
9957.709082365032	   1.1601372e-15
9959.997231483456	   1.4592834e-15
9962.28538060188	   1.6281018e-15
9964.573529720303	   1.6849303e-15
9966.861678838726	   1.6914173e-15
9969.14982795715	   1.6220335e-15
9971.437977075573	    1.485355e-15
9973.726126193997	   1.4573891e-15
9976.01427531242	   1.6292507e-15
9978.302424430844	   1.7484744e-15
9980.590573549267	   1.6748874e-15
9982.87872266769	   1.6498096e-15
9985.166871786114	    1.796588e-15
9987.455020904537	   1.9484142e-15
9989.74317002296	     2.02048e-15
9992.031319141384	   2.0807036e-15
9994.319468259808	   2.1429364e-15
9996.607617378231	   2.1425641e-15
9998.895766496655	   2.1024793e-15
