3314.43742703224	    -5.60194e-16
3318.067386627983	   -9.247587e-16
3321.6973462237256	    3.050539e-15
3325.3273058194686	    7.384852e-16
3328.957265415211	  -1.7634307e-15
3332.587225010954	    -3.62047e-15
3336.2171846066967	  -2.2900796e-15
3339.8471442024397	   2.6407288e-15
3343.4771037981823	   2.0242552e-15
3347.1070633939253	   1.7489668e-15
3350.737022989668	   1.0063433e-15
3354.366982585411	   -5.709152e-17
3357.9969421811534	   2.8607814e-15
3361.6269017768964	   1.8127314e-15
3365.256861372639	   2.9300729e-15
3368.886820968382	    1.093614e-15
3372.5167805641245	   2.1422634e-15
3376.1467401598675	   2.0278109e-15
3379.77669975561	    2.650406e-15
3383.406659351353	   3.4051758e-15
3387.0366189470956	   3.4167151e-15
3390.6665785428386	   3.6346065e-15
3394.296538138581	   3.3042806e-15
3397.926497734324	    4.191897e-15
3401.5564573300667	   4.3627626e-15
3405.1864169258097	   5.0083817e-15
3408.8163765215522	   4.9841854e-15
3412.4463361172952	    4.971885e-15
3416.076295713038	   4.6775866e-15
3419.706255308781	   5.2165947e-15
3423.3362149045233	    5.721712e-15
3426.9661745002663	   5.7816538e-15
3430.596134096009	    5.282726e-15
3434.226093691752	   5.2445883e-15
3437.8560532874944	    5.902911e-15
3441.4860128832374	    6.735827e-15
3445.11597247898	    7.322738e-15
3448.745932074723	    6.852434e-15
3452.3758916704655	    7.190354e-15
3456.0058512662085	    7.391865e-15
3459.635810861951	    7.512404e-15
3463.265770457694	    7.760455e-15
3466.8957300534366	    8.236566e-15
3470.5256896491796	    7.973753e-15
3474.155649244922	    8.157895e-15
3477.785608840665	    8.085572e-15
3481.4155684364077	    7.842739e-15
3485.0455280321507	    8.093116e-15
3488.6754876278937	    8.004896e-15
3492.3054472236363	    8.389775e-15
3495.935406819379	    8.433901e-15
3499.565366415122	    8.449444e-15
3503.195326010865	    8.449977e-15
3506.8252856066074	    8.516221e-15
3510.45524520235	    9.000157e-15
3514.085204798093	   9.1566235e-15
3517.715164393836	    8.989572e-15
3521.3451239895785	    8.860086e-15
3524.9750835853215	   9.0225645e-15
3528.605043181064	    9.021106e-15
3532.235002776807	    8.798359e-15
3535.8649623725496	     8.99136e-15
3539.4949219682926	    9.078736e-15
3543.124881564035	    9.175784e-15
3546.754841159778	     9.61341e-15
3550.3848007555207	    9.752083e-15
3554.0147603512637	     9.83765e-15
3557.6447199470063	   1.0160234e-14
3561.2746795427493	   1.0589317e-14
3564.904639138492	   1.0601738e-14
3568.534598734235	  1.06196315e-14
3572.1645583299774	   1.0806684e-14
3575.7945179257204	   1.0471726e-14
3579.424477521463	   1.0522164e-14
3583.054437117206	   1.0315457e-14
3586.6843967129485	  1.02842615e-14
3590.3143563086915	   1.0224429e-14
3593.944315904434	   1.0317898e-14
3597.574275500177	   1.0690496e-14
3601.2042350959196	  1.06833504e-14
3604.8341946916626	   1.0720343e-14
3608.464154287405	   1.0724872e-14
3612.094113883148	   1.0744752e-14
3615.7240734788907	   1.0648023e-14
3619.3540330746337	  1.06330545e-14
3622.983992670376	   1.0561998e-14
3626.613952266119	   1.0695879e-14
3630.2439118618618	   1.0670082e-14
3633.8738714576048	   1.0537258e-14
3637.5038310533473	     1.05336e-14
3641.1337906490903	   1.0416705e-14
3644.763750244833	   1.0354648e-14
3648.393709840576	   1.0153952e-14
3652.0236694363184	    9.858525e-15
3655.6536290320614	     9.36157e-15
3659.283588627804	   8.8977855e-15
3662.913548223547	    8.347902e-15
3666.5435078192895	    7.898728e-15
3670.1734674150325	    7.678906e-15
3673.8034270107755	    7.426123e-15
3677.433386606518	    7.085753e-15
3681.0633462022606	    6.973283e-15
3684.6933057980036	    6.751846e-15
3688.3232653937466	    6.617604e-15
3691.953224989489	     6.38215e-15
3695.5831845852317	   6.1375224e-15
3699.2131441809747	    5.810418e-15
3702.8431037767177	    5.512396e-15
3706.4730633724603	   5.1971045e-15
3710.1030229682033	   4.9788457e-15
3713.732982563946	   4.7239167e-15
3717.362942159689	   4.4373066e-15
3720.9929017554314	   4.2953604e-15
3724.6228613511744	   4.1347575e-15
3728.252820946917	   4.0193526e-15
3731.88278054266	    3.933149e-15
3735.5127401384025	    3.823404e-15
3739.1426997341455	    3.743331e-15
3742.772659329888	   3.5986487e-15
3746.402618925631	    3.411297e-15
3750.0325785213736	    3.241556e-15
3753.6625381171166	   3.0982646e-15
3757.292497712859	   2.9439951e-15
3760.922457308602	   2.8718726e-15
3764.5524169043447	   2.8605992e-15
3768.1823765000877	   2.8344522e-15
3771.8123360958302	   2.8180833e-15
3775.4422956915732	   2.9111197e-15
3779.072255287316	   2.9549039e-15
3782.702214883059	   3.0594174e-15
3786.3321744788013	   3.1007655e-15
3789.9621340745443	   3.1901738e-15
3793.592093670287	   3.2843321e-15
3797.22205326603	    3.361414e-15
3800.8520128617724	   3.4992587e-15
3804.4819724575154	   3.6291237e-15
3808.111932053258	   3.8176927e-15
3811.741891649001	    4.045636e-15
3815.3718512447435	    4.171737e-15
3819.0018108404865	    4.283975e-15
3822.631770436229	   4.3559355e-15
3826.261730031972	    4.308385e-15
3829.891689627715	    4.315198e-15
3833.5216492234576	    4.401894e-15
 3837.1516088192	    4.449488e-15
3840.781568414943	    4.573028e-15
3844.411528010686	   4.7332896e-15
3848.0414876064287	   4.7331807e-15
3851.6714472021713	   4.7429483e-15
3855.3014067979143	   4.8247683e-15
3858.9313663936573	   5.1433454e-15
 3862.5613259894	    5.413415e-15
3866.1912855851424	   5.4765872e-15
3869.8212451808854	    5.610687e-15
3873.4512047766284	    5.813786e-15
3877.081164372371	    6.047101e-15
3880.7111239681135	   6.3529305e-15
3884.3410835638565	   6.7795924e-15
3887.9710431595995	    7.222301e-15
3891.601002755342	    7.625796e-15
3895.2309623510846	    8.126127e-15
3898.8609219468276	    8.656964e-15
3902.4908815425706	    8.973221e-15
3906.120841138313	    9.409386e-15
3909.7508007340557	    9.938153e-15
3913.3807603297987	   1.0251561e-14
3917.0107199255417	   1.0564561e-14
3920.6406795212843	   1.1321985e-14
3924.2706391170273	   1.1899622e-14
3927.90059871277	   1.2030523e-14
3931.530558308513	   1.1876936e-14
3935.1605179042554	   1.1633076e-14
3938.7904774999984	   1.2027512e-14
3942.420437095741	   1.2416609e-14
3946.050396691484	   1.2467616e-14
3949.6803562872265	   1.2422119e-14
3953.3103158829695	  1.24920775e-14
3956.940275478712	    1.249504e-14
3960.570235074455	   1.2057555e-14
3964.2001946701976	  1.20048734e-14
3967.8301542659406	   1.2406724e-14
3971.460113861683	   1.2948442e-14
3975.090073457426	   1.3398932e-14
3978.7200330531687	    1.373514e-14
3982.3499926489117	   1.3565525e-14
3985.979952244654	   1.3303357e-14
3989.609911840397	   1.3682817e-14
3993.2398714361398	   1.4272708e-14
3996.8698310318828	   1.4851344e-14
4000.4997906276253	   1.4898529e-14
4004.1297502233683	    1.407294e-14
4007.759709819111	  1.33916316e-14
4011.389669414854	   1.3179026e-14
4015.019629010597	   1.2612928e-14
4018.6495886063394	   1.1996893e-14
4022.279548202082	   1.1556746e-14
4025.909507797825	   1.1219944e-14
4029.539467393568	   1.1299517e-14
4033.1694269893105	   1.1809889e-14
4036.799386585053	   1.1772327e-14
4040.429346180796	   1.1089559e-14
4044.059305776539	   1.1065359e-14
4047.6892653722816	  1.14971306e-14
4051.319224968024	   1.1554306e-14
4054.949184563767	   1.1313555e-14
4058.57914415951	   1.1268261e-14
4062.2091037552527	   1.1442946e-14
4065.8390633509953	    1.146925e-14
4069.4690229467383	    1.136388e-14
4073.0989825424813	   1.1219172e-14
4076.728942138224	   1.1419036e-14
4080.3589017339664	   1.1961187e-14
4083.9888613297094	   1.2857119e-14
4087.6188209254524	   1.3624372e-14
4091.248780521195	   1.4013237e-14
4094.8787401169375	   1.4210783e-14
4098.50869971268	   1.4142388e-14
4102.1386593084235	   1.4272234e-14
4105.768618904166	   1.4283417e-14
4109.398578499909	   1.4054039e-14
4113.028538095652	   1.3611117e-14
4116.658497691395	    1.333063e-14
4120.288457287137	   1.3144026e-14
4123.91841688288	   1.3076729e-14
4127.548376478623	   1.3191219e-14
4131.178336074366	   1.3044118e-14
4134.808295670108	   1.2940718e-14
4138.438255265851	   1.2973525e-14
4142.068214861594	    1.304865e-14
4145.698174457337	   1.3608806e-14
4149.328134053079	   1.3506624e-14
4152.958093648822	   1.2887338e-14
4156.588053244565	   1.2500253e-14
4160.218012840308	    1.263612e-14
4163.84797243605	  1.29883244e-14
4167.477932031793	   1.3074858e-14
4171.107891627536	   1.3189432e-14
4174.737851223279	  1.31863345e-14
4178.3678108190215	   1.3035122e-14
4181.997770414764	   1.3027318e-14
4185.627730010508	   1.2930835e-14
4189.25768960625	   1.2840417e-14
4192.887649201993	  1.31787595e-14
4196.517608797735	   1.3476109e-14
4200.147568393479	    1.348745e-14
4203.777527989221	   1.3367638e-14
4207.407487584964	   1.3702887e-14
4211.037447180706	   1.3936372e-14
4214.66740677645	   1.4122932e-14
4218.297366372192	  1.40468395e-14
4221.927325967935	   1.3594424e-14
4225.557285563678	   1.3263989e-14
4229.187245159421	   1.3380931e-14
4232.817204755163	   1.3661463e-14
4236.447164350906	   1.3752759e-14
4240.0771239466485	   1.3561547e-14
4243.707083542392	  1.34306484e-14
4247.3370431381345	   1.3063363e-14
4250.967002733877	   1.2729784e-14
4254.5969623296205	   1.2633815e-14
4258.226921925363	   1.2493042e-14
4261.856881521106	   1.2277282e-14
4265.486841116848	   1.2193022e-14
4269.116800712591	   1.2074393e-14
4272.746760308334	   1.1952837e-14
4276.376719904077	   1.1648061e-14
4280.006679499819	   1.1110908e-14
4283.636639095563	   1.1060328e-14
4287.266598691305	    1.085648e-14
4290.896558287048	   1.0515704e-14
4294.52651788279	   1.0605677e-14
4298.156477478534	   1.0693009e-14
4301.786437074276	   1.0559025e-14
4305.416396670019	   1.0383713e-14
4309.0463562657615	    1.023681e-14
4312.676315861505	   1.0160864e-14
4316.3062754572475	    9.994974e-15
4319.93623505299	    9.906021e-15
4323.566194648733	     9.58417e-15
4327.196154244476	   9.4084185e-15
4330.826113840219	    9.509226e-15
4334.456073435961	    9.767829e-15
4338.086033031704	    9.708877e-15
4341.715992627447	    9.396432e-15
4345.34595222319	    9.330103e-15
4348.975911818932	    9.302994e-15
4352.605871414675	   9.0645875e-15
4356.235831010418	    8.813033e-15
4359.865790606161	   8.7461946e-15
4363.495750201903	    8.763619e-15
4367.125709797647	    8.808732e-15
4370.755669393389	   8.8974755e-15
4374.385628989132	    9.013214e-15
4378.015588584874	    9.077333e-15
4381.645548180617	    8.967455e-15
4385.27550777636	    8.859175e-15
4388.905467372103	    8.749963e-15
4392.5354269678455	    8.772113e-15
4396.165386563589	    8.835875e-15
4399.7953461593315	    8.893544e-15
4403.425305755074	     8.46471e-15
4407.055265350817	    8.511842e-15
4410.685224946559	    8.743663e-15
4414.315184542303	    8.778601e-15
4417.945144138045	    8.676759e-15
4421.575103733788	    8.501023e-15
4425.205063329531	    8.470497e-15
4428.835022925274	    8.497597e-15
4432.464982521016	    8.394062e-15
4436.094942116759	    8.549932e-15
4439.724901712501	     8.88504e-15
4443.354861308245	    8.947037e-15
4446.984820903987	    8.933169e-15
4450.61478049973	    8.884127e-15
4454.244740095473	    8.872628e-15
4457.874699691216	   8.8217355e-15
4461.5046592869585	    8.972393e-15
4465.134618882701	   9.1860935e-15
4468.764578478444	    9.422822e-15
4472.394538074187	    9.737394e-15
4476.02449766993	  1.00134405e-14
4479.654457265672	   1.0322422e-14
4483.284416861416	    1.060192e-14
4486.914376457158	   1.0800447e-14
4490.544336052901	  1.09829926e-14
4494.174295648643	   1.1431517e-14
4497.804255244386	   1.1249489e-14
4501.434214840129	   1.1418384e-14
4505.064174435872	  1.14258265e-14
4508.694134031614	   1.1417558e-14
4512.324093627358	   1.1624918e-14
 4515.9540532231	   1.1889338e-14
4519.584012818843	   1.2072011e-14
4523.213972414585	  1.20867705e-14
4526.843932010329	    1.218884e-14
4530.473891606071	   1.2227782e-14
4534.103851201814	   1.2297399e-14
4537.733810797557	   1.2310433e-14
 4541.3637703933	   1.2558906e-14
4544.993729989043	   1.2773483e-14
4548.623689584785	    1.293523e-14
4552.253649180528	   1.2708104e-14
4555.883608776271	   1.2637912e-14
4559.513568372014	   1.2751645e-14
4563.143527967756	   1.2976179e-14
 4566.7734875635	   1.3036325e-14
4570.403447159242	   1.3058019e-14
4574.033406754985	   1.3449879e-14
4577.663366350727	   1.3550377e-14
4581.29332594647	   1.3463269e-14
4584.923285542213	   1.3074021e-14
4588.553245137956	   1.3234283e-14
4592.183204733698	  1.27866645e-14
4595.813164329442	   1.2432294e-14
4599.443123925184	   1.2245138e-14
4603.073083520927	   1.2149781e-14
4606.7030431166695	   1.2005613e-14
4610.333002712412	   1.1956909e-14
4613.9629623081555	   1.1890436e-14
4617.592921903898	   1.1964263e-14
4621.222881499641	   1.1957621e-14
4624.852841095384	  1.20503405e-14
4628.482800691127	   1.2107948e-14
4632.112760286869	   1.2153942e-14
4635.742719882612	   1.2273939e-14
4639.372679478354	   1.2602737e-14
4643.002639074098	    1.274223e-14
4646.63259866984	   1.2751211e-14
4650.262558265583	    1.250608e-14
4653.892517861326	   1.2316975e-14
4657.522477457069	    1.226798e-14
4661.152437052811	  1.24373575e-14
4664.782396648554	  1.21158254e-14
4668.4123562442965	  1.22692206e-14
4672.04231584004	   1.2013661e-14
4675.6722754357825	  1.21219275e-14
4679.302235031525	   1.2391892e-14
4682.9321946272685	   1.1764542e-14
4686.562154223011	  1.09459976e-14
4690.192113818754	   1.0592304e-14
4693.822073414496	    1.041809e-14
4697.452033010239	   1.0010366e-14
4701.081992605982	    9.269687e-15
4704.711952201725	    9.069407e-15
4708.341911797468	    8.992106e-15
4711.971871393211	    9.053568e-15
4715.601830988953	   8.7869826e-15
4719.231790584696	     8.67152e-15
4722.861750180438	    8.776193e-15
4726.491709776182	    8.890014e-15
4730.121669371924	     9.02404e-15
4733.751628967667	    8.879393e-15
4737.38158856341	    8.579031e-15
4741.011548159153	    8.450533e-15
4744.641507754895	    8.361597e-15
4748.271467350638	    8.301528e-15
4751.9014269463805	     8.19696e-15
4755.531386542124	    8.134082e-15
4759.1613461378665	   8.0623925e-15
4762.791305733609	   7.9794815e-15
4766.4212653293525	    7.880185e-15
4770.051224925095	   8.0576355e-15
4773.681184520838	    7.917031e-15
4777.31114411658	    7.525623e-15
4780.941103712323	    6.931048e-15
4784.571063308066	   6.5790095e-15
4788.201022903809	   6.2311496e-15
4791.830982499551	    5.932422e-15
4795.460942095295	   5.7114995e-15
4799.090901691037	   5.6082835e-15
4802.72086128678	     5.54674e-15
4806.350820882522	    5.622818e-15
4809.980780478265	     5.47742e-15
4813.610740074008	   5.6115094e-15
4817.240699669751	    5.725772e-15
4820.8706592654935	    5.941041e-15
4824.500618861237	    6.283753e-15
4828.1305784569795	    6.426969e-15
4831.760538052722	   6.6334636e-15
4835.390497648465	    6.843024e-15
4839.020457244207	   6.9867796e-15
4842.650416839951	   7.0718887e-15
4846.280376435693	     7.24649e-15
4849.910336031436	   7.4896246e-15
4853.540295627179	    7.660829e-15
4857.170255222922	     7.64468e-15
4860.800214818664	    7.410673e-15
4864.430174414407	   7.3483064e-15
4868.060134010149	   7.1263686e-15
4871.690093605893	   6.8170745e-15
4875.320053201635	   6.4619144e-15
4878.950012797378	    6.049467e-15
4882.579972393121	    5.734992e-15
4886.209931988864	     5.53417e-15
4889.839891584606	   5.3412585e-15
4893.469851180349	   5.1874318e-15
4897.099810776092	    5.190304e-15
4900.729770371835	   5.1184266e-15
4904.359729967578	    5.056094e-15
4907.989689563321	    5.009188e-15
4911.619649159064	   4.9832536e-15
4915.249608754806	    5.048012e-15
4918.879568350549	   5.1048495e-15
4922.509527946291	   5.1610933e-15
4926.139487542035	    5.366289e-15
4929.769447137777	   5.5221208e-15
4933.39940673352	    5.739579e-15
4937.029366329263	   5.9323333e-15
4940.659325925006	   6.1006917e-15
4944.289285520748	   6.3070196e-15
4947.919245116491	    6.237353e-15
4951.549204712233	    6.191718e-15
4955.179164307977	    6.451174e-15
4958.809123903719	     6.86202e-15
4962.439083499462	   6.8783277e-15
4966.069043095205	   6.8254593e-15
4969.699002690948	   6.8108424e-15
4973.3289622866905	   6.8352264e-15
4976.958921882433	   6.8112947e-15
4980.588881478176	   6.7316978e-15
4984.218841073919	   6.6844723e-15
4987.848800669662	    6.580953e-15
4991.478760265404	    6.410346e-15
4995.108719861148	    6.562911e-15
4998.73867945689	    6.602111e-15
5002.368639052633	    6.608182e-15
5005.998598648375	   6.4989725e-15
5009.628558244118	    6.354191e-15
5013.258517839861	   6.2465012e-15
5016.888477435604	   6.2314113e-15
5020.518437031346	   6.0215034e-15
5024.14839662709	   5.8694254e-15
5027.778356222832	    5.589777e-15
5031.408315818575	   5.3224294e-15
5035.0382754143175	   5.2280216e-15
5038.66823501006	    5.183058e-15
5042.2981946058035	    5.229399e-15
5045.928154201546	    5.320928e-15
5049.558113797289	    5.372742e-15
5053.188073393032	    5.379203e-15
5056.818032988775	   5.3989516e-15
5060.447992584517	    5.526402e-15
5064.07795218026	    5.593726e-15
5067.707911776002	   5.6370182e-15
5071.337871371746	   5.7797535e-15
5074.967830967488	    5.852321e-15
5078.597790563231	    5.801718e-15
5082.227750158974	   5.7812108e-15
5085.857709754717	    5.889285e-15
5089.487669350459	   5.8986316e-15
5093.117628946202	    5.982303e-15
5096.747588541945	   6.0495207e-15
5100.377548137688	    6.223104e-15
5104.00750773343	   6.4849143e-15
5107.637467329174	   6.6244596e-15
5111.267426924916	    6.676201e-15
5114.897386520659	    6.617829e-15
5118.5273461164015	   6.7431382e-15
5122.157305712144	   6.8208345e-15
5125.7872653078875	   6.8969526e-15
5129.41722490363	    7.127698e-15
5133.047184499373	     7.19458e-15
5136.677144095116	    6.973827e-15
5140.307103690859	    7.159498e-15
5143.937063286601	    7.508964e-15
5147.567022882344	    7.775576e-15
5151.196982478086	   8.1025435e-15
5154.82694207383	    7.999062e-15
5158.456901669572	    7.567299e-15
5162.086861265315	    7.453601e-15
5165.716820861058	    7.721558e-15
5169.346780456801	    7.911939e-15
5172.976740052543	    7.941171e-15
5176.606699648286	     7.93791e-15
5180.2366592440285	    7.956586e-15
5183.866618839772	    7.964776e-15
5187.4965784355145	     7.94685e-15
5191.126538031257	    7.958075e-15
5194.7564976270005	     8.03661e-15
5198.386457222743	     8.08466e-15
5202.016416818486	   8.1401704e-15
5205.646376414228	    8.167703e-15
5209.276336009971	    8.122144e-15
5212.906295605714	     8.17095e-15
5216.536255201457	     8.27601e-15
5220.166214797199	     8.32666e-15
5223.796174392943	    8.324226e-15
5227.426133988685	    8.386796e-15
5231.056093584428	    8.666748e-15
5234.68605318017	   8.8290894e-15
5238.316012775913	   8.7098755e-15
5241.945972371656	    8.659074e-15
5245.575931967399	    8.770065e-15
5249.205891563141	    8.856447e-15
5252.835851158885	    8.892212e-15
5256.4658107546275	    8.909676e-15
5260.09577035037	    8.940919e-15
5263.725729946113	    9.146397e-15
5267.355689541856	    9.099894e-15
5270.985649137599	     9.04714e-15
5274.615608733341	     9.14451e-15
5278.245568329085	    8.920472e-15
5281.875527924827	    8.701054e-15
5285.50548752057	    8.560311e-15
5289.135447116312	    8.273763e-15
5292.765406712055	    8.155738e-15
5296.395366307798	   7.9723546e-15
5300.025325903541	    7.714627e-15
5303.655285499283	   7.3150096e-15
5307.285245095027	   7.0412002e-15
5310.915204690769	    6.894303e-15
5314.545164286512	   6.7325143e-15
5318.175123882254	   6.2223726e-15
5321.805083477997	   6.0385013e-15
5325.43504307374	    6.084005e-15
5329.065002669483	    6.209101e-15
5332.6949622652255	    6.313986e-15
5336.324921860969	   6.2211313e-15
5339.9548814567115	   6.2181735e-15
5343.584841052454	   6.2869826e-15
5347.214800648197	    6.357767e-15
5350.844760243939	     6.47239e-15
5354.474719839683	    6.560229e-15
5358.104679435425	    6.612547e-15
5361.734639031168	   6.5967002e-15
5365.364598626911	    6.652562e-15
5368.994558222654	   6.6399264e-15
5372.624517818396	    6.558116e-15
5376.254477414139	   6.5349803e-15
5379.884437009881	   6.3008723e-15
5383.514396605625	    6.462835e-15
5387.144356201367	   6.4626462e-15
5390.774315797111	    6.271802e-15
5394.404275392853	    6.443233e-15
5398.034234988596	    6.563375e-15
5401.6641945843385	   6.6169066e-15
5405.294154180081	   6.7172224e-15
5408.924113775824	   6.7947484e-15
5412.554073371567	   6.7566078e-15
5416.18403296731	   6.5791124e-15
5419.813992563053	   6.7047016e-15
5423.443952158796	   6.7735573e-15
5427.073911754538	   6.7395125e-15
5430.703871350281	   6.7394583e-15
5434.333830946023	   6.7289606e-15
5437.963790541766	   6.7359444e-15
5441.593750137509	   6.7434313e-15
5445.223709733252	   6.8142822e-15
5448.853669328995	   6.8541775e-15
5452.483628924738	   6.8597666e-15
5456.11358852048	    6.946301e-15
5459.743548116223	   6.8866705e-15
5463.373507711965	   6.8027562e-15
5467.003467307708	   6.6559616e-15
5470.633426903451	    6.548997e-15
5474.263386499194	   6.4753166e-15
5477.893346094937	    6.376659e-15
5481.52330569068	    6.342044e-15
5485.1532652864225	    6.333754e-15
5488.783224882165	    6.186502e-15
5492.413184477908	    6.165793e-15
5496.04314407365	   5.9051084e-15
5499.673103669394	   5.6689946e-15
5503.303063265136	   5.5950986e-15
5506.93302286088	   5.3321148e-15
5510.562982456622	    5.267932e-15
5514.192942052365	    5.263313e-15
5517.822901648107	   5.1939654e-15
5521.45286124385	    5.229326e-15
5525.082820839592	    5.299316e-15
5528.712780435336	   5.3689666e-15
5532.342740031078	   5.5456056e-15
5535.972699626822	    5.707057e-15
5539.602659222564	   5.8610343e-15
5543.232618818307	   6.0259194e-15
5546.8625784140495	   6.1922805e-15
5550.492538009792	   6.4256296e-15
5554.1224976055355	   6.5730765e-15
5557.752457201278	   6.7203946e-15
5561.3824167970215	    6.908916e-15
5565.012376392764	    6.911087e-15
5568.642335988507	   6.8401807e-15
5572.272295584249	    7.060102e-15
5575.902255179992	    7.350134e-15
5579.532214775734	    7.472866e-15
5583.162174371478	    7.411281e-15
5586.79213396722	   7.3697745e-15
5590.422093562964	    7.371745e-15
5594.052053158706	     7.43762e-15
5597.682012754449	   7.4947466e-15
5601.311972350191	    7.551276e-15
5604.941931945934	    7.502711e-15
5608.571891541676	    7.493255e-15
5612.20185113742	    7.449487e-15
5615.8318107331625	     7.46091e-15
5619.461770328906	    7.539107e-15
5623.0917299246485	    7.476379e-15
5626.721689520391	   7.4717894e-15
5630.351649116134	    7.468884e-15
5633.981608711876	    7.642214e-15
5637.611568307619	    7.698377e-15
5641.241527903362	    7.610458e-15
5644.871487499105	    7.439486e-15
5648.501447094848	    7.356972e-15
5652.131406690591	    7.380467e-15
5655.761366286333	     7.33475e-15
5659.391325882076	    7.488183e-15
5663.021285477818	    7.527841e-15
5666.651245073561	    7.512755e-15
5670.281204669304	    7.365367e-15
5673.911164265047	    7.640495e-15
5677.54112386079	    7.302847e-15
5681.171083456533	   6.8688388e-15
5684.801043052275	    6.650153e-15
5688.431002648018	   6.5219064e-15
5692.0609622437605	   6.9689576e-15
5695.690921839503	     6.99517e-15
5699.3208814352465	    6.940802e-15
5702.950841030989	    6.871943e-15
5706.5808006267325	    6.829288e-15
5710.210760222475	   6.7806944e-15
5713.840719818218	    6.843716e-15
5717.47067941396	    6.868401e-15
5721.100639009703	   6.7974436e-15
5724.730598605445	   6.6935457e-15
5728.360558201189	   6.5581124e-15
5731.990517796932	   6.4040947e-15
5735.620477392675	     6.38423e-15
5739.250436988417	   6.2773243e-15
5742.88039658416	   6.1968134e-15
5746.510356179902	   6.2491745e-15
5750.140315775645	   6.1876036e-15
5753.770275371388	    6.185973e-15
5757.400234967131	   6.0928355e-15
5761.030194562874	    6.007422e-15
5764.660154158617	   5.9868454e-15
5768.2901137543595	    6.091574e-15
5771.920073350102	    6.150442e-15
5775.550032945845	    6.103874e-15
5779.179992541587	   5.8877247e-15
5782.809952137331	    5.814693e-15
5786.439911733073	   5.8229543e-15
5790.069871328817	   5.6364406e-15
5793.699830924559	   5.7864243e-15
5797.329790520302	    5.739159e-15
5800.959750116044	   5.7540905e-15
5804.589709711787	   5.7430824e-15
5808.219669307529	   5.5629613e-15
5811.849628903273	   5.5282283e-15
5815.479588499015	   5.4916077e-15
5819.109548094759	    5.559778e-15
5822.739507690501	   5.5561473e-15
5826.369467286244	    5.540978e-15
5829.999426881986	    5.594925e-15
5833.629386477729	    5.643334e-15
5837.2593460734715	   5.7940865e-15
5840.889305669215	    5.904516e-15
5844.5192652649575	   5.9261995e-15
5848.149224860701	    5.984863e-15
5851.7791844564435	    6.121881e-15
5855.409144052186	     6.19431e-15
5859.039103647929	     6.27519e-15
5862.669063243671	   6.2908874e-15
5866.299022839414	   6.4973454e-15
5869.928982435157	    6.534068e-15
 5873.5589420309	   6.5595646e-15
5877.188901626643	    6.543849e-15
5880.818861222386	   6.4092205e-15
5884.448820818128	   6.5630315e-15
5888.078780413871	   6.4590883e-15
5891.708740009613	    6.470549e-15
5895.338699605356	   6.5644003e-15
5898.968659201099	   6.7002377e-15
5902.598618796842	    6.847393e-15
5906.228578392585	    7.041128e-15
5909.858537988328	   6.8866163e-15
5913.4884975840705	   6.6611734e-15
5917.118457179813	    6.601218e-15
5920.748416775556	   6.8039277e-15
5924.378376371299	     6.78583e-15
5928.008335967042	    6.783938e-15
5931.638295562785	   6.7818193e-15
5935.268255158528	    6.698081e-15
5938.89821475427	    6.701137e-15
5942.528174350013	    6.636469e-15
5946.158133945755	    6.545806e-15
5949.788093541498	   6.4990348e-15
5953.418053137241	   6.6080234e-15
5957.048012732984	   6.5796884e-15
5960.677972328727	    6.507081e-15
5964.30793192447	    6.435813e-15
5967.937891520212	   6.4329056e-15
5971.567851115955	   6.3901097e-15
5975.1978107116975	    6.301688e-15
5978.82777030744	   6.3498647e-15
5982.4577299031835	    6.240933e-15
5986.087689498926	    6.085433e-15
5989.7176490946695	   6.0455067e-15
5993.347608690412	   6.1208773e-15
5996.977568286155	   6.1263797e-15
6000.607527881897	   6.0346913e-15
6004.23748747764	   6.0481333e-15
6007.867447073382	   6.0832814e-15
6011.497406669126	    6.030841e-15
6015.127366264868	    5.998061e-15
6018.757325860612	    5.988288e-15
6022.387285456354	   6.0165157e-15
6026.017245052097	    5.995246e-15
6029.647204647839	   5.9367667e-15
6033.277164243582	   5.9647124e-15
6036.907123839324	    5.889028e-15
6040.537083435068	    5.907308e-15
6044.16704303081	   5.8864343e-15
6047.797002626554	   5.8173994e-15
6051.426962222296	   5.7481367e-15
6055.056921818039	   5.6763447e-15
6058.6868814137815	    5.619695e-15
6062.316841009524	   5.6314062e-15
6065.946800605267	   5.6050406e-15
6069.57676020101	    5.453748e-15
6073.206719796753	    5.304589e-15
6076.836679392496	   5.3046705e-15
6080.466638988239	   5.3284107e-15
6084.096598583981	   5.4529724e-15
6087.726558179724	    5.375192e-15
6091.356517775466	   5.2287822e-15
6094.986477371209	   5.2316003e-15
6098.616436966952	   5.2087474e-15
6102.246396562696	    5.149884e-15
6105.876356158438	   5.1453516e-15
6109.506315754181	    5.102806e-15
6113.136275349923	   5.0335924e-15
6116.766234945666	   4.9279276e-15
6120.3961945414085	   4.8101718e-15
6124.026154137152	   4.6950837e-15
6127.6561137328945	   4.5834062e-15
6131.286073328638	   4.4413436e-15
6134.9160329243805	   4.3306046e-15
6138.545992520123	   4.1662955e-15
6142.175952115866	   4.0018766e-15
6145.805911711608	   3.8510133e-15
6149.435871307351	     3.77147e-15
6153.065830903094	   3.6482543e-15
6156.695790498837	    3.366483e-15
6160.32575009458	   3.2274647e-15
6163.955709690323	   3.0155862e-15
6167.585669286065	   2.7860227e-15
6171.215628881808	   2.6119932e-15
6174.84558847755	   2.3963458e-15
6178.475548073293	   2.3031501e-15
6182.105507669036	   2.2103088e-15
6185.735467264779	   2.0677023e-15
6189.365426860522	   1.9883148e-15
6192.995386456265	   1.9534911e-15
6196.625346052007	   1.9349693e-15
6200.25530564775	   1.8998083e-15
6203.8852652434925	   1.9138964e-15
6207.515224839235	   1.9356911e-15
6211.145184434979	     1.99309e-15
6214.775144030721	   2.0477894e-15
6218.405103626465	   2.1377977e-15
6222.035063222207	   2.2301094e-15
6225.66502281795	    2.341047e-15
6229.294982413692	    2.513383e-15
6232.924942009435	    2.648873e-15
6236.554901605177	   2.7173082e-15
6240.184861200921	    2.891023e-15
6243.814820796663	   3.0501254e-15
6247.444780392407	   3.0856006e-15
6251.074739988149	   3.2870085e-15
6254.704699583892	   3.4308479e-15
6258.334659179634	   3.5277993e-15
6261.964618775377	   3.6721047e-15
6265.5945783711195	   3.7545574e-15
6269.224537966863	   3.8112705e-15
6272.8544975626055	    3.875765e-15
6276.484457158349	    3.872059e-15
6280.1144167540915	    3.960936e-15
6283.744376349834	     4.12921e-15
6287.374335945577	   4.2505528e-15
6291.004295541319	    4.346697e-15
6294.634255137063	    4.439638e-15
6298.264214732805	   4.3929873e-15
6301.894174328549	    4.460068e-15
6305.524133924291	    4.671346e-15
6309.154093520034	   4.7948655e-15
6312.784053115776	   4.8389717e-15
6316.414012711519	    4.849383e-15
6320.043972307261	    4.951496e-15
6323.673931903005	   5.0155552e-15
6327.303891498747	    4.970625e-15
6330.933851094491	   4.9085127e-15
6334.563810690233	    4.925332e-15
6338.193770285976	    5.011907e-15
6341.8237298817185	     5.09024e-15
6345.453689477461	    5.064552e-15
6349.083649073204	   4.9967926e-15
6352.713608668947	   4.9660974e-15
6356.34356826469	     4.99974e-15
6359.973527860433	    5.051779e-15
6363.603487456176	    5.020487e-15
6367.233447051918	    5.025889e-15
6370.863406647661	   5.0229088e-15
6374.493366243403	   4.9514298e-15
6378.123325839146	   4.9394244e-15
6381.753285434889	    4.909388e-15
6385.383245030632	   4.8636424e-15
6389.013204626375	   4.9809667e-15
6392.643164222118	   5.0293627e-15
6396.27312381786	   4.9718712e-15
6399.903083413603	    4.887855e-15
6403.533043009345	   4.9319438e-15
6407.163002605088	   5.0141144e-15
6410.792962200831	    4.904441e-15
6414.422921796574	    4.702587e-15
6418.052881392317	   4.6012596e-15
6421.68284098806	   4.5382043e-15
6425.3128005838025	    4.564246e-15
6428.942760179545	   4.6716794e-15
6432.572719775288	   4.7514034e-15
6436.20267937103	    4.764659e-15
6439.832638966774	    4.785238e-15
6443.462598562516	   4.7787003e-15
6447.09255815826	   4.8956107e-15
6450.722517754002	   5.0026507e-15
6454.352477349745	   4.9460604e-15
6457.982436945487	    4.729353e-15
6461.61239654123	     4.74987e-15
6465.242356136972	   4.7914875e-15
6468.872315732716	   4.7716652e-15
6472.502275328458	    4.736931e-15
6476.132234924202	    4.651756e-15
6479.762194519944	   4.6489907e-15
6483.392154115687	   4.6126013e-15
6487.0221137114295	    4.537112e-15
6490.652073307172	   4.5280505e-15
6494.2820329029155	    4.537618e-15
6497.911992498658	   4.6215083e-15
6501.5419520944015	   4.5819396e-15
6505.171911690144	    4.571283e-15
6508.801871285887	    4.540065e-15
6512.431830881629	   4.4422215e-15
6516.061790477372	    4.445666e-15
6519.691750073114	   4.4410352e-15
6523.321709668858	    4.505078e-15
 6526.9516692646	   4.5166096e-15
6530.581628860344	   4.5301304e-15
6534.211588456086	    4.443807e-15
6537.841548051829	   4.3956703e-15
6541.471507647571	   4.3498598e-15
6545.101467243314	    4.364257e-15
6548.731426839056	    4.422388e-15
 6552.3613864348	   4.3897605e-15
6555.991346030542	   4.4052274e-15
6559.621305626286	    4.415471e-15
6563.251265222028	     4.28004e-15
6566.881224817771	   4.2672237e-15
6570.511184413514	   4.3036156e-15
6574.141144009256	    4.338232e-15
6577.771103604999	   4.3336344e-15
6581.401063200742	   4.2146763e-15
6585.031022796485	    4.221104e-15
6588.660982392228	   4.2238873e-15
6592.290941987971	   4.2021355e-15
6595.920901583713	    4.099522e-15
6599.550861179456	   4.2002856e-15
6603.180820775198	   4.1699606e-15
6606.810780370941	   4.1542155e-15
6610.440739966684	    4.076515e-15
6614.070699562427	   4.0221855e-15
6617.70065915817	   3.9976703e-15
6621.330618753913	   3.9848652e-15
6624.960578349655	    3.926077e-15
6628.590537945398	    3.958981e-15
6632.2204975411405	   3.9892118e-15
6635.850457136883	    3.938371e-15
6639.4804167326265	   3.8952542e-15
6643.110376328369	   3.8149915e-15
6646.7403359241125	   3.7963373e-15
6650.370295519855	   3.7937886e-15
6654.000255115598	   3.8048974e-15
6657.63021471134	   3.7962564e-15
6661.260174307083	    3.767914e-15
6664.890133902826	   3.7150835e-15
6668.520093498569	   3.6362167e-15
6672.150053094312	    3.656955e-15
6675.780012690055	   3.6495228e-15
6679.409972285797	   3.6360494e-15
6683.03993188154	    3.663177e-15
6686.669891477282	   3.6551894e-15
6690.299851073025	    3.553839e-15
6693.929810668768	   3.4896332e-15
6697.559770264511	   3.4572107e-15
6701.189729860254	   3.4259448e-15
6704.819689455997	   3.4762562e-15
6708.4496490517395	   3.4746918e-15
6712.079608647482	    3.441992e-15
6715.709568243225	   3.4011818e-15
6719.339527838967	   3.2610025e-15
6722.969487434711	   3.2461464e-15
6726.599447030453	   3.3241344e-15
6730.229406626197	   3.3642236e-15
6733.859366221939	   3.2789177e-15
6737.489325817682	   3.2479824e-15
6741.119285413424	    3.281329e-15
6744.749245009167	   3.2433027e-15
6748.379204604909	    3.215487e-15
6752.009164200653	    3.119451e-15
6755.639123796395	   3.0906758e-15
6759.269083392139	   3.1479918e-15
6762.899042987881	   3.1978583e-15
6766.529002583624	   3.1872626e-15
6770.158962179366	   3.1305889e-15
6773.788921775109	   3.0803139e-15
6777.4188813708515	   3.0499124e-15
6781.048840966595	    3.013665e-15
6784.6788005623375	   2.9615364e-15
6788.308760158081	   2.9641645e-15
6791.9387197538235	   3.0347208e-15
6795.568679349566	   3.0412373e-15
6799.198638945309	    3.023774e-15
6802.828598541051	   3.0195657e-15
6806.458558136794	   2.9742084e-15
6810.088517732537	   2.9050145e-15
6813.71847732828	    2.831723e-15
6817.348436924023	   2.8544106e-15
6820.978396519766	    2.872527e-15
6824.608356115508	    2.889708e-15
6828.238315711251	   2.8300317e-15
6831.868275306993	   2.8469262e-15
6835.498234902736	     2.82083e-15
6839.128194498479	   2.7247502e-15
6842.758154094222	   2.7014066e-15
6846.388113689965	   2.7387195e-15
6850.018073285708	   2.7429428e-15
6853.6480328814505	   2.8101104e-15
6857.277992477193	   2.8058832e-15
6860.907952072936	   2.7451408e-15
6864.537911668679	    2.489027e-15
6868.167871264422	   2.0980697e-15
6871.797830860165	   1.9026956e-15
6875.427790455908	    2.047526e-15
6879.05775005165	   2.2747034e-15
6882.687709647393	    2.433942e-15
6886.317669243135	   2.4246276e-15
6889.947628838878	   2.3919169e-15
6893.577588434621	   2.3068428e-15
6897.207548030364	   2.3078402e-15
6900.837507626107	   2.3177172e-15
6904.46746722185	   2.4239372e-15
6908.097426817592	      2.5351e-15
6911.727386413335	   2.5542958e-15
6915.357346009077	   2.5520952e-15
6918.98730560482	   2.5750977e-15
6922.617265200563	   2.5448357e-15
6926.247224796306	   2.5025904e-15
6929.8771843920495	   2.5052988e-15
6933.507143987792	    2.523006e-15
6937.137103583535	   2.5471238e-15
6940.767063179277	   2.5198421e-15
6944.39702277502	   2.5339937e-15
6948.026982370762	   2.5309408e-15
6951.656941966506	      2.4208e-15
6955.286901562248	   2.3827054e-15
6958.916861157992	   2.3939957e-15
6962.546820753734	   2.4418069e-15
6966.176780349477	   2.4679703e-15
6969.806739945219	   2.4788517e-15
6973.436699540962	   2.4687523e-15
6977.066659136704	   2.4372469e-15
6980.696618732448	   2.3619937e-15
6984.32657832819	   2.3257733e-15
6987.956537923934	    2.308127e-15
6991.586497519676	   2.3144068e-15
6995.216457115419	   2.3437897e-15
6998.8464167111615	   2.4174367e-15
7002.476376306904	   2.4538773e-15
7006.106335902647	   2.3809194e-15
7009.73629549839	   2.2715213e-15
7013.366255094133	   2.2271933e-15
7016.996214689876	   2.2384946e-15
7020.626174285619	   2.2783232e-15
7024.256133881361	   2.3132286e-15
7027.886093477104	   2.3419855e-15
7031.516053072846	    2.393118e-15
7035.14601266859	   2.3207032e-15
7038.775972264332	   2.2200266e-15
7042.405931860076	   2.1871388e-15
7046.035891455818	   2.1799047e-15
7049.665851051561	   2.2263806e-15
7053.295810647303	   2.2297668e-15
7056.925770243046	   2.2628184e-15
7060.5557298387885	    2.247942e-15
7064.185689434532	   2.2197369e-15
7067.8156490302745	   2.1943104e-15
7071.445608626018	   2.0964195e-15
7075.0755682217605	   2.0634368e-15
7078.705527817503	   2.0999353e-15
7082.335487413246	   2.1490405e-15
7085.965447008988	   2.1797275e-15
7089.595406604731	   2.2141585e-15
7093.225366200474	   2.2102935e-15
7096.855325796217	   2.1011052e-15
7100.48528539196	     2.02618e-15
7104.115244987703	     2.00221e-15
7107.745204583445	   2.0022997e-15
7111.375164179188	    2.067996e-15
7115.00512377493	   2.1262338e-15
7118.635083370673	   2.1206836e-15
7122.265042966416	   2.1185423e-15
7125.895002562159	   2.0908026e-15
7129.524962157902	   2.0450429e-15
7133.154921753645	    2.017576e-15
7136.784881349387	   1.9671224e-15
7140.41484094513	   1.9908747e-15
7144.0448005408725	   2.0808097e-15
7147.674760136615	   2.1247754e-15
7151.3047197323585	   2.0729874e-15
7154.934679328101	    2.055046e-15
7158.5646389238445	   2.0057935e-15
7162.194598519587	    1.938338e-15
7165.82455811533	   1.8841064e-15
7169.454517711072	   1.9007108e-15
7173.084477306815	   1.8858558e-15
7176.714436902557	   1.8808555e-15
7180.344396498301	   1.9666413e-15
7183.974356094043	   1.8560692e-15
7187.604315689787	   1.7544278e-15
7191.234275285529	    1.756393e-15
7194.864234881272	   1.7571947e-15
7198.494194477014	   1.7863105e-15
7202.124154072757	   1.8414998e-15
7205.7541136684995	   1.8877595e-15
7209.384073264243	    1.937943e-15
7213.0140328599855	    1.995267e-15
7216.643992455729	   1.9766547e-15
7220.2739520514715	   1.9117667e-15
7223.903911647214	   1.8760994e-15
7227.533871242957	     1.90427e-15
7231.163830838699	   1.9215895e-15
7234.793790434443	   1.8800703e-15
7238.423750030185	   1.9191945e-15
7242.053709625929	    1.925375e-15
7245.683669221671	   1.8147725e-15
7249.313628817414	    1.765715e-15
7252.943588413156	   1.7880116e-15
7256.573548008899	   1.8329249e-15
7260.203507604641	   1.8634818e-15
7263.833467200385	    1.891383e-15
7267.463426796127	   1.9260564e-15
7271.093386391871	   1.9300482e-15
7274.723345987613	   1.8118043e-15
7278.353305583356	    1.772079e-15
7281.983265179098	   1.7714835e-15
7285.613224774841	   1.8216316e-15
7289.243184370584	   1.8095756e-15
7292.873143966327	   1.8067238e-15
7296.50310356207	   1.9359503e-15
7300.133063157813	   1.9132539e-15
7303.763022753556	   1.8610608e-15
7307.392982349298	   1.8054742e-15
7311.022941945041	   1.7913002e-15
7314.652901540783	    1.739562e-15
7318.282861136526	   1.7371895e-15
7321.912820732269	   1.8720131e-15
7325.542780328012	   1.9121606e-15
7329.172739923755	   1.9351446e-15
7332.802699519498	   1.9396815e-15
7336.43265911524	   1.8749472e-15
7340.062618710983	   1.8661677e-15
7343.692578306725	    1.820944e-15
7347.322537902468	   1.7692363e-15
7350.952497498211	   1.8376814e-15
7354.582457093954	    1.891436e-15
7358.212416689697	   1.8889866e-15
7361.84237628544	    1.865095e-15
7365.4723358811825	   1.8835222e-15
7369.102295476925	   1.8299996e-15
7372.732255072668	   1.7084379e-15
7376.36221466841	   1.7301548e-15
7379.992174264154	    1.740058e-15
7383.622133859896	   1.7540611e-15
7387.25209345564	   1.7717336e-15
7390.882053051382	   1.7611648e-15
7394.512012647125	   1.7569189e-15
7398.141972242867	   1.7179215e-15
7401.77193183861	   1.6472439e-15
7405.401891434353	   1.5668743e-15
7409.031851030096	   1.5521269e-15
7412.661810625839	   1.5638304e-15
7416.291770221582	   1.6136741e-15
7419.921729817324	   1.6295359e-15
7423.551689413067	   1.6261587e-15
7427.1816490088095	   1.5356765e-15
7430.811608604552	   1.5207682e-15
7434.441568200295	   1.4904318e-15
7438.071527796039	   1.4705154e-15
7441.7014873917815	   1.4398316e-15
7445.331446987524	     1.46423e-15
7448.961406583267	   1.5012375e-15
7452.591366179009	   1.4987924e-15
7456.221325774752	   1.4616573e-15
7459.851285370494	   1.3743258e-15
7463.481244966237	   1.3676458e-15
7467.111204561981	   1.3732462e-15
7470.741164157724	   1.3424954e-15
7474.371123753466	   1.4353516e-15
7478.001083349209	   1.4907551e-15
7481.631042944951	   1.4835865e-15
7485.261002540694	   1.3811516e-15
7488.890962136436	   1.2925072e-15
7492.520921732179	   1.3252215e-15
7496.150881327923	   1.3532985e-15
7499.780840923666	   1.3810024e-15
7503.410800519408	   1.3799392e-15
7507.040760115151	   1.4299022e-15
7510.6707197108935	   1.4238972e-15
7514.300679306636	   1.3352614e-15
7517.930638902379	   1.2711367e-15
7521.560598498121	   1.2389099e-15
7525.190558093866	   1.2643593e-15
