3799.4846191406273	   4.4417423e-16
3801.771569013598	    5.057735e-16
3804.0585188865684	   5.4034175e-16
3806.345468759539	   4.3355606e-16
3808.6324186325096	   3.8871501e-16
3810.9193685054797	   3.9653853e-16
3813.2063183784503	    2.791753e-16
3815.493268251421	    5.238164e-16
3817.7802181243915	   3.6748583e-16
3820.067167997362	   4.1772012e-16
3822.3541178703326	    5.197744e-16
3824.641067743303	   3.7201541e-16
3826.928017616274	     4.96803e-16
3829.2149674892444	   4.1783675e-16
3831.501917362215	    3.212998e-16
3833.7888672351855	   5.7696253e-16
3836.075817108156	   5.0820505e-16
3838.3627669811267	   5.0176014e-16
3840.6497168540973	    5.469363e-16
3842.936666727068	    5.540482e-16
3845.2236166000384	     4.83569e-16
3847.510566473009	    7.593136e-16
3849.7975163459796	   3.2012157e-16
3852.08446621895	    3.790728e-16
3854.3714160919208	    3.592701e-16
3856.6583659648913	   5.6604226e-16
3858.945315837862	   3.7947396e-16
3861.2322657108325	   6.1861585e-16
3863.519215583803	   6.0876756e-16
3865.8061654567737	   4.7902794e-16
3868.0931153297443	   5.5885243e-16
3870.380065202715	   4.7053183e-16
3872.6670150756854	    8.174818e-16
3874.953964948656	    7.210362e-16
3877.2409148216266	   6.7666667e-16
3879.527864694597	   7.6662183e-16
3881.8148145675677	    6.024803e-16
3884.1017644405383	    9.148217e-16
3886.388714313509	    7.581336e-16
3888.6756641864795	   6.8720635e-16
3890.96261405945	   1.1249492e-15
3893.2495639324206	   8.8290744e-16
3895.536513805391	   8.0331313e-16
3897.823463678362	    7.815392e-16
3900.1104135513324	    1.078275e-15
3902.397363424303	   1.0854024e-15
3904.6843132972735	   1.0218746e-15
3906.971263170244	    9.991242e-16
3909.2582130432147	    8.995521e-16
3911.5451629161853	   1.0095808e-15
3913.832112789156	   1.0478276e-15
3916.1190626621265	   1.0209362e-15
3918.406012535097	   1.1421904e-15
3920.6929624080676	   1.1041673e-15
3922.979912281038	   1.0360151e-15
3925.266862154009	   1.1783294e-15
3927.5538120269794	   1.0686631e-15
3929.84076189995	    9.415187e-16
3932.1277117729205	     9.86015e-16
3934.414661645891	   1.2101251e-15
3936.7016115188617	    9.725235e-16
3938.9885613918323	    1.080903e-15
3941.275511264803	    9.945414e-16
3943.5624611377734	   1.1086208e-15
3945.849411010744	   1.2321388e-15
3948.1363608837146	   1.1134181e-15
3950.423310756685	     9.01238e-16
3952.7102606296557	   1.0560968e-15
3954.9972105026263	    1.104451e-15
3957.284160375597	   1.3402617e-15
3959.5711102485675	   1.3653032e-15
3961.858060121538	   1.4079755e-15
3964.1450099945087	   1.4334587e-15
3966.4319598674792	   1.1061618e-15
3968.71890974045	   1.2357928e-15
3971.0058596134204	   1.4326076e-15
3973.292809486391	   1.3640745e-15
3975.5797593593616	    1.059917e-15
3977.866709232332	   1.0866665e-15
3980.1536591053027	   1.1563745e-15
3982.4406089782733	   1.4172081e-15
3984.727558851244	   1.3738401e-15
3987.0145087242145	   1.4246479e-15
3989.301458597185	   1.5178513e-15
3991.5884084701556	   1.5216809e-15
3993.875358343126	   1.2384361e-15
3996.162308216097	   1.2325505e-15
3998.4492580890674	   1.6484196e-15
4000.736207962038	    1.302065e-15
4003.0231578350085	   1.0802716e-15
4005.310107707979	   1.2878347e-15
4007.5970575809497	     1.32965e-15
4009.8840074539203	   1.5124609e-15
4012.170957326891	    1.145474e-15
4014.4579071998614	   1.1259893e-15
4016.744857072832	   1.1679699e-15
4019.0318069458026	   1.3252583e-15
4021.318756818773	   1.0624956e-15
4023.6057066917438	   1.1900774e-15
4025.8926565647143	   1.4297666e-15
4028.179606437685	   1.3769559e-15
4030.4665563106555	    9.642867e-16
4032.753506183626	    9.501306e-16
4035.0404560565967	    9.415444e-16
4037.3274059295672	   1.3228601e-15
4039.614355802538	   1.4932215e-15
4041.9013056755084	   1.2833371e-15
4044.188255548479	   1.0358376e-15
4046.4752054214496	   1.1168145e-15
4048.76215529442	   7.4035195e-16
4051.0491051673907	   8.2372435e-16
4053.3360550403613	   8.7867905e-16
4055.623004913332	   1.0768036e-15
4057.9099547863025	    7.946649e-16
4060.196904659273	    1.075017e-15
4062.4838545322436	   1.1837619e-15
4064.770804405214	   8.5498124e-16
4067.057754278185	    7.903518e-16
4069.3447041511554	   4.0108662e-16
4071.631654024126	    9.819044e-16
4073.9186038970965	   1.1274959e-15
4076.205553770067	   8.1777934e-16
4078.4925036430377	    8.211441e-16
4080.7794535160083	    7.656529e-16
4083.066403388979	    8.240906e-16
4085.3533532619495	    9.144207e-16
4087.64030313492	    9.221325e-16
4089.9272530078906	    1.173452e-15
4092.214202880861	    9.401695e-16
4094.501152753832	    8.424779e-16
4096.788102626802	    9.364063e-16
4099.075052499773	    1.107668e-15
4101.3620023727435	   6.7140167e-16
4103.648952245714	   7.5854294e-16
4105.935902118685	    7.773955e-16
4108.222851991655	     9.08131e-16
4110.509801864626	   1.0334015e-15
4112.796751737596	   5.5972774e-16
4115.083701610567	   8.5220234e-16
4117.370651483538	    8.658153e-16
4119.657601356508	   8.5355034e-16
4121.944551229479	   7.9757353e-16
4124.231501102449	   6.8701667e-16
4126.51845097542	    5.274721e-16
4128.8054008483905	    5.147338e-16
4131.092350721361	     6.92633e-16
4133.379300594332	    6.928432e-16
4135.666250467302	    7.417102e-16
4137.953200340273	   7.3300357e-16
4140.240150213243	   8.2961774e-16
4142.527100086214	    7.482146e-16
4144.814049959185	    6.172849e-16
4147.100999832155	    7.206335e-16
4149.387949705126	    7.172453e-16
4151.674899578096	   7.5170955e-16
4153.961849451067	    6.377043e-16
4156.2487993240375	    7.755495e-16
4158.535749197008	    6.797271e-16
4160.822699069979	   6.0747467e-16
4163.109648942949	   5.1096564e-16
4165.39659881592	   5.7427246e-16
4167.68354868889	    7.395228e-16
4169.970498561861	    8.282746e-16
4172.2574484348315	   6.8292656e-16
4174.544398307802	   6.1963515e-16
4176.831348180773	   7.6835814e-16
4179.118298053743	    7.875094e-16
4181.405247926714	   4.2142017e-16
4183.692197799684	    5.683765e-16
4185.979147672655	   7.0374075e-16
4188.266097545626	   5.5466375e-16
4190.553047418596	    7.582588e-16
4192.839997291567	    7.129181e-16
4195.126947164537	   8.5216846e-16
4197.413897037508	   6.9875237e-16
4199.7008469104785	    9.147435e-16
4201.987796783449	    7.436209e-16
4204.27474665642	    5.739826e-16
4206.56169652939	   5.8534784e-16
4208.848646402361	    8.054089e-16
4211.135596275331	   7.7771463e-16
4213.422546148302	    8.693142e-16
4215.709496021273	    5.415914e-16
4217.996445894243	    6.860569e-16
4220.283395767214	    9.888449e-16
4222.570345640184	   1.0316007e-15
4224.857295513155	   7.2944524e-16
4227.1442453861255	   1.0960664e-15
4229.431195259096	    8.715101e-16
4231.718145132067	   7.7432406e-16
4234.005095005037	    7.513478e-16
4236.292044878008	   6.0732606e-16
4238.578994750978	   8.2415543e-16
4240.865944623949	   6.2372293e-16
4243.1528944969195	   7.5732676e-16
4245.43984436989	   6.6198124e-16
4247.726794242861	    9.831618e-16
4250.013744115831	   7.5213905e-16
4252.300693988802	    7.358654e-16
4254.587643861772	   7.3948623e-16
4256.874593734743	    9.209484e-16
4259.161543607714	    7.628984e-16
4261.448493480684	   6.2531535e-16
4263.735443353655	   1.0802087e-15
4266.022393226625	    7.836136e-16
4268.309343099596	   6.8806477e-16
4270.5962929725665	    5.889698e-16
4272.883242845537	   8.4337736e-16
4275.170192718508	    9.315499e-16
4277.457142591478	    9.204333e-16
4279.744092464449	    8.807922e-16
4282.031042337419	   8.7293294e-16
4284.31799221039	    9.364312e-16
4286.604942083361	   8.0155633e-16
4288.891891956331	    7.754172e-16
4291.178841829302	   6.9845125e-16
4293.465791702272	    6.152729e-16
4295.752741575243	    5.579072e-16
4298.0396914482135	    8.523856e-16
4300.326641321184	   7.6453114e-16
4302.613591194155	   5.7510594e-16
4304.900541067125	   6.7834904e-16
4307.187490940096	   8.6770653e-16
4309.474440813066	   2.9894366e-16
4311.761390686037	    4.913061e-16
4314.048340559008	    7.796162e-16
4316.335290431978	   6.8574056e-16
4318.622240304949	   7.9413855e-16
4320.909190177919	    7.105567e-16
4323.19614005089	    8.659703e-16
4325.4830899238605	   8.8364716e-16
4327.770039796831	   6.6072614e-16
4330.056989669802	    6.768951e-16
4332.343939542772	   8.0454683e-16
4334.630889415743	    8.377488e-16
4336.917839288713	   1.0616339e-15
4339.204789161684	   5.9619536e-16
4341.4917390346545	    9.394529e-16
4343.778688907625	     7.94014e-16
4346.065638780596	    6.921902e-16
4348.352588653566	    5.593169e-16
4350.639538526537	    5.063104e-16
4352.926488399507	    6.677122e-16
4355.213438272478	    9.253674e-16
4357.500388145449	    7.933872e-16
4359.787338018419	   6.8818986e-16
4362.07428789139	    8.625865e-16
4364.36123776436	    6.844649e-16
4366.648187637331	   7.4075196e-16
4368.9351375103015	   8.4451207e-16
4371.222087383272	    6.023114e-16
4373.509037256243	     6.39228e-16
4375.795987129213	     6.50045e-16
4378.082937002184	    5.966477e-16
4380.369886875154	    6.368652e-16
4382.656836748125	    9.126296e-16
4384.943786621096	    6.312021e-16
4387.230736494066	    7.142403e-16
4389.517686367037	   7.2009024e-16
4391.804636240007	    6.487877e-16
4394.091586112978	    6.544063e-16
4396.3785359859485	   7.4449474e-16
4398.665485858919	    5.291863e-16
4400.95243573189	   6.2571504e-16
4403.23938560486	     6.41225e-16
4405.526335477831	    4.728908e-16
4407.813285350801	     4.72141e-16
4410.100235223772	   7.3277466e-16
4412.3871850967425	   4.6839757e-16
4414.674134969713	    8.377343e-16
4416.961084842684	    6.333649e-16
4419.248034715654	    4.663484e-16
4421.534984588625	   5.6770753e-16
4423.821934461595	   7.0175494e-16
4426.108884334566	   5.4850704e-16
4428.395834207537	     5.67517e-16
4430.682784080507	   4.0400705e-16
4432.969733953478	    4.909392e-16
4435.256683826448	   4.0511767e-16
4437.543633699419	   4.6673093e-16
4439.8305835723895	     5.97697e-16
4442.11753344536	    5.896983e-16
4444.404483318331	   1.6378704e-16
4446.691433191301	   7.5567277e-16
4448.978383064272	   5.6476054e-16
4451.265332937242	   4.3891982e-16
4453.552282810213	   3.7991678e-16
4455.839232683184	   3.9693936e-16
4458.126182556154	    5.358922e-16
4460.413132429125	    3.403166e-16
4462.700082302095	    4.760719e-16
4464.987032175066	    4.297113e-16
4467.2739820480365	    3.779268e-16
4469.560931921007	   3.8016048e-16
4471.847881793978	   5.3409874e-16
4474.134831666948	   6.1005976e-16
4476.421781539919	   5.9909873e-16
4478.708731412889	    5.034147e-16
4480.99568128586	     2.47718e-16
4483.282631158831	   3.0962397e-16
4485.569581031801	   3.0606035e-16
4487.856530904772	   4.1450748e-16
4490.143480777742	   2.4998388e-16
4492.430430650713	    6.178102e-16
4494.7173805236835	    4.770511e-16
4497.004330396654	    7.309459e-16
4499.291280269625	    3.474916e-16
4501.578230142595	   2.3959145e-16
4503.865180015566	   4.0404139e-16
4506.152129888536	    3.720017e-16
4508.439079761507	    5.566108e-16
4510.7260296344775	   3.8241325e-16
4513.012979507448	    4.386769e-16
4515.299929380419	   5.1586593e-16
4517.586879253389	    4.867858e-16
4519.87382912636	    6.152952e-16
4522.16077899933	   6.5004194e-16
4524.447728872301	    6.549703e-16
4526.734678745272	   1.3063662e-16
4529.021628618242	   4.4000842e-16
4531.308578491213	    7.197552e-16
4533.595528364183	    4.584837e-16
4535.882478237154	    5.157504e-16
4538.1694281101245	     6.47864e-16
4540.456377983095	   6.1350183e-16
4542.743327856066	   4.4723366e-16
4545.030277729036	    6.631079e-16
4547.317227602007	    8.273935e-16
4549.604177474977	   7.5717276e-16
4551.891127347948	   6.4348246e-16
4554.178077220919	   7.3984585e-16
4556.465027093889	    8.125829e-16
4558.75197696686	    9.334659e-16
4561.03892683983	    6.142559e-16
4563.325876712801	    7.642629e-16
4565.6128265857715	   7.0634353e-16
4567.899776458742	    9.214715e-16
4570.186726331713	    8.090065e-16
4572.473676204683	    9.421948e-16
4574.760626077654	   1.1649714e-15
4577.047575950624	    9.825518e-16
4579.334525823595	   7.6568856e-16
4581.6214756965655	    1.300998e-15
4583.908425569536	   1.2031756e-15
4586.195375442507	   1.1810591e-15
4588.482325315477	   1.1605337e-15
4590.769275188448	    1.225036e-15
4593.056225061418	   1.2895699e-15
4595.343174934389	   1.2670672e-15
4597.63012480736	   1.1169832e-15
4599.91707468033	   1.2872525e-15
4602.204024553301	   1.3558736e-15
4604.490974426271	   1.4627598e-15
4606.777924299242	   1.2206546e-15
4609.0648741722125	   1.0894769e-15
4611.351824045183	   8.8352636e-16
4613.638773918154	   1.0275807e-15
4615.925723791124	   1.3080085e-15
4618.212673664095	   1.1474873e-15
4620.499623537065	   1.2278731e-15
4622.786573410036	   1.1771445e-15
4625.073523283007	   1.2297129e-15
4627.360473155977	   1.0850944e-15
4629.647423028948	   1.2051883e-15
4631.934372901918	   1.3147717e-15
4634.221322774889	   1.2662228e-15
4636.5082726478595	   1.4312448e-15
4638.79522252083	    1.577731e-15
4641.082172393801	   1.8446952e-15
4643.369122266771	   1.9446858e-15
4645.656072139742	   1.2425763e-15
4647.943022012712	   1.3828909e-15
4650.229971885683	   1.4789711e-15
4652.516921758654	   1.3766154e-15
4654.803871631624	    1.715896e-15
4657.090821504595	   1.7564424e-15
4659.377771377565	   1.9398732e-15
4661.664721250536	   2.0031599e-15
4663.9516711235065	   1.8368322e-15
4666.238620996477	   1.6617407e-15
4668.525570869448	   1.5091277e-15
4670.812520742418	   1.5190359e-15
4673.099470615389	   1.5985154e-15
4675.386420488359	    1.685181e-15
4677.67337036133	   1.8923739e-15
4679.9603202343005	   1.4727633e-15
4682.247270107271	   1.6534995e-15
4684.534219980242	   1.5147858e-15
4686.821169853212	   1.3646595e-15
4689.108119726183	   1.4508523e-15
4691.395069599153	    1.215966e-15
4693.682019472124	   1.4666874e-15
4695.968969345095	   1.6272518e-15
4698.255919218065	   1.5953213e-15
4700.542869091036	   1.4725673e-15
4702.829818964006	   1.5266746e-15
4705.116768836977	   1.3100406e-15
4707.4037187099475	   1.2331942e-15
4709.690668582918	   1.1979195e-15
4711.977618455889	   1.0794011e-15
4714.264568328859	   1.1007414e-15
4716.55151820183	   1.0929224e-15
 4718.8384680748	   1.2195585e-15
4721.125417947771	   1.0632447e-15
4723.412367820742	    9.006474e-16
4725.699317693712	   7.2091615e-16
4727.986267566683	    8.542279e-16
4730.273217439653	    8.740711e-16
4732.560167312624	   1.0404468e-15
4734.8471171855945	    9.914703e-16
4737.134067058565	   1.1379935e-15
4739.421016931536	    9.898213e-16
4741.707966804506	   6.2147755e-16
4743.994916677477	    3.827368e-16
4746.281866550447	   4.8121207e-16
4748.568816423418	    6.686292e-16
4750.8557662963885	    8.732075e-16
4753.142716169359	    9.840098e-16
4755.42966604233	    9.631421e-16
 4757.7166159153	    6.043983e-16
4760.003565788271	   7.7908465e-16
4762.290515661241	   8.6462646e-16
4764.577465534212	   8.6435287e-16
4766.864415407183	   1.0613249e-15
4769.151365280153	   8.4255135e-16
4771.438315153124	    8.331406e-16
4773.725265026094	   6.4184065e-16
4776.012214899065	    5.141114e-16
4778.2991647720355	    7.061662e-16
4780.586114645006	    7.370782e-16
4782.873064517977	     9.05793e-16
4785.160014390947	    6.812137e-16
4787.446964263918	   4.0607948e-16
4789.733914136888	    9.107563e-16
4792.020864009859	   1.0133684e-15
4794.30781388283	    6.141186e-16
 4796.5947637558	   5.9395374e-16
4798.881713628771	    5.774251e-16
4801.168663501741	    6.417513e-16
4803.455613374712	    7.992125e-16
4805.7425632476825	    6.578866e-16
4808.029513120653	   1.7654945e-16
4810.316462993624	   6.4728945e-16
4812.603412866594	   6.4494544e-16
4814.890362739565	   3.3677712e-16
4817.177312612535	   6.0172543e-16
4819.464262485506	    7.924371e-16
4821.751212358477	   8.4282383e-16
4824.038162231447	    6.143227e-16
4826.325112104418	   5.9925283e-16
4828.612061977388	    9.764435e-16
4830.899011850359	   5.6376824e-16
4833.1859617233295	    7.202877e-16
 4835.4729115963	   1.0051876e-15
4837.759861469271	      8.9536e-16
4840.046811342241	   8.5709136e-16
4842.333761215212	   1.0005047e-15
4844.620711088182	    8.721935e-16
4846.907660961153	    9.946994e-16
4849.1946108341235	   8.5170036e-16
4851.481560707094	   1.1271462e-15
4853.768510580065	   1.0068676e-15
4856.055460453035	   1.0564049e-15
4858.342410326006	   1.1385969e-15
4860.629360198976	   1.0824121e-15
4862.916310071947	   1.2163024e-15
4865.203259944918	    1.066622e-15
4867.490209817888	     9.73412e-16
4869.777159690859	   1.0460134e-15
4872.064109563829	    9.889259e-16
 4874.3510594368	   8.5268414e-16
4876.6380093097705	   8.4553195e-16
4878.924959182741	   8.4646967e-16
4881.211909055712	   1.0056156e-15
4883.498858928682	    9.633805e-16
4885.785808801653	    9.858935e-16
4888.072758674623	    8.263896e-16
4890.359708547594	   8.8093756e-16
4892.646658420565	    8.684188e-16
4894.933608293535	   7.9087233e-16
4897.220558166506	   7.5727006e-16
4899.507508039476	    6.772477e-16
4901.794457912447	    8.648082e-16
4904.0814077854175	    8.991147e-16
4906.368357658388	    9.114846e-16
4908.655307531359	    7.699816e-16
4910.942257404329	    9.630357e-16
 4913.2292072773	   1.2105402e-15
4915.51615715027	    1.129792e-15
4917.803107023241	    9.220699e-16
4920.0900568962115	   8.6556963e-16
4922.377006769182	    9.283549e-16
4924.663956642153	   1.0817076e-15
4926.950906515123	    8.249974e-16
4929.237856388094	    8.036635e-16
4931.524806261064	   7.5020983e-16
4933.811756134035	    9.469566e-16
4936.098706007006	    1.020858e-15
4938.385655879976	   1.3995127e-15
4940.672605752947	   1.2461155e-15
4942.959555625917	   1.2565994e-15
4945.246505498888	   1.0285933e-15
4947.5334553718585	   1.1575447e-15
4949.820405244829	   1.2185545e-15
 4952.1073551178	   1.2906341e-15
4954.39430499077	   1.3702793e-15
4956.681254863741	   1.3003675e-15
4958.968204736711	   1.4275205e-15
4961.255154609682	   1.3491733e-15
4963.542104482653	   1.2969508e-15
4965.829054355623	   1.3643218e-15
4968.116004228594	   1.2705352e-15
4970.402954101564	   1.1969869e-15
4972.689903974535	   1.2837698e-15
4974.9768538475055	   1.2701009e-15
4977.263803720476	   1.2704891e-15
4979.550753593447	   1.2953916e-15
4981.837703466417	   1.3433624e-15
4984.124653339388	   1.2263888e-15
4986.411603212358	   1.1999172e-15
4988.698553085329	   1.2063035e-15
 4990.9855029583	   1.2989149e-15
4993.27245283127	   1.3405746e-15
4995.559402704241	   1.1023952e-15
4997.846352577211	   1.0395186e-15
5000.133302450182	   1.1790013e-15
5002.420252323152	    1.321952e-15
5004.707202196123	   1.0828497e-15
5006.994152069094	   1.1010128e-15
5009.281101942064	   1.0393486e-15
5011.568051815035	   1.1484363e-15
5013.855001688005	    1.130557e-15
5016.141951560976	   1.0908365e-15
5018.4289014339465	    9.210616e-16
5020.715851306917	    9.317914e-16
5023.002801179888	    9.182079e-16
5025.289751052858	    9.126268e-16
5027.576700925829	    9.218622e-16
5029.863650798799	    9.084878e-16
5032.15060067177	   8.8708347e-16
5034.437550544741	    8.623685e-16
5036.724500417711	      8.3678e-16
5039.011450290682	    8.101111e-16
5041.298400163652	   7.8086824e-16
5043.585350036623	   7.4685055e-16
5045.8722999095935	    7.161481e-16
5048.159249782564	     6.99856e-16
5050.446199655535	    7.102436e-16
5052.733149528505	    7.581474e-16
5055.020099401476	    7.909595e-16
5057.307049274446	    7.437947e-16
5059.593999147417	   6.7863406e-16
5061.880949020388	   6.7947416e-16
5064.167898893358	   7.0283575e-16
5066.454848766329	    6.895778e-16
5068.741798639299	    6.597843e-16
5071.02874851227	     6.39906e-16
5073.3156983852405	   6.2770663e-16
5075.602648258211	    6.193794e-16
5077.889598131182	    6.128034e-16
5080.176548004152	   6.0725565e-16
5082.463497877123	   6.1062415e-16
5084.750447750093	   6.2426265e-16
5087.037397623064	   6.3034927e-16
5089.3243474960345	   6.2234893e-16
5091.611297369005	   6.1773573e-16
5093.898247241976	    6.283105e-16
5096.185197114946	   6.5713515e-16
5098.472146987917	   6.9365005e-16
5100.759096860887	    7.089951e-16
5103.046046733858	   6.9080963e-16
5105.332996606829	   6.4464687e-16
5107.619946479799	    5.917754e-16
5109.90689635277	   5.6773675e-16
5112.19384622574	    5.760079e-16
5114.480796098711	    5.964136e-16
5116.7677459716815	    6.073821e-16
5119.054695844652	   5.8583345e-16
5121.341645717623	   5.5587485e-16
5123.628595590593	   5.6358057e-16
5125.915545463564	     5.94161e-16
5128.202495336534	    6.107652e-16
5130.489445209505	    6.050128e-16
5132.776395082476	    5.791361e-16
5135.063344955446	   5.5627904e-16
5137.350294828417	   5.6106123e-16
5139.637244701387	   5.8572704e-16
5141.924194574358	     6.14448e-16
5144.2111444473285	   6.1716806e-16
5146.498094320299	   5.7761485e-16
5148.78504419327	   5.6861015e-16
5151.07199406624	    6.352541e-16
5153.358943939211	    6.681899e-16
5155.645893812181	    6.029792e-16
5157.932843685152	    5.550666e-16
5160.219793558123	    5.872835e-16
5162.506743431093	    6.060405e-16
5164.793693304064	   5.7191903e-16
5167.080643177034	    5.620028e-16
5169.367593050005	    6.012255e-16
5171.654542922975	    6.325074e-16
5173.941492795946	   6.3133966e-16
5176.228442668917	     6.11174e-16
5178.515392541887	   5.9143176e-16
5180.802342414858	   6.0343104e-16
5183.089292287828	   6.3431063e-16
5185.376242160799	    6.294213e-16
5187.6631920337695	   6.0208484e-16
5189.95014190674	   6.1319156e-16
5192.237091779711	    6.499187e-16
5194.524041652681	    6.599297e-16
5196.810991525652	    6.493436e-16
5199.097941398622	   6.4849727e-16
5201.384891271593	    6.607363e-16
5203.671841144564	   6.8019223e-16
5205.958791017534	    6.945026e-16
5208.245740890505	   6.9084357e-16
5210.532690763475	    6.786364e-16
5212.819640636446	    6.719664e-16
5215.1065905094165	   6.6737017e-16
5217.393540382387	   6.6175915e-16
5219.680490255358	   6.7951694e-16
5221.967440128328	    7.348661e-16
5224.254390001299	    7.854523e-16
5226.541339874269	    7.972272e-16
5228.82828974724	    7.818586e-16
5231.115239620211	   7.6098197e-16
5233.402189493181	    7.780643e-16
5235.689139366152	   8.4314533e-16
5237.976089239122	    8.814876e-16
5240.263039112093	    8.641678e-16
5242.5499889850635	   8.5733626e-16
5244.836938858034	    8.828994e-16
5247.123888731005	    8.921303e-16
5249.410838603975	    8.793944e-16
5251.697788476946	    8.902726e-16
5253.984738349916	     9.32049e-16
5256.271688222887	    9.755854e-16
5258.5586380958575	   1.0089223e-15
5260.845587968828	   1.0342531e-15
5263.132537841799	   1.0425118e-15
5265.419487714769	   1.0182835e-15
5267.70643758774	    9.882644e-16
5269.99338746071	    9.988295e-16
5272.280337333681	   1.0396096e-15
5274.567287206652	   1.0771158e-15
5276.854237079622	   1.0826443e-15
5279.141186952593	   1.0339916e-15
5281.428136825563	    9.915087e-16
5283.715086698534	    1.026881e-15
5286.0020365715045	   1.0901718e-15
5288.288986444475	   1.1139135e-15
5290.575936317446	   1.1038545e-15
5292.862886190416	    1.079272e-15
5295.149836063387	   1.0637861e-15
5297.436785936357	   1.0754429e-15
5299.723735809328	   1.1037356e-15
5302.010685682299	     1.13157e-15
5304.297635555269	   1.1227355e-15
5306.58458542824	   1.0760677e-15
5308.87153530121	   1.0986202e-15
5311.158485174181	   1.2214821e-15
5313.4454350471515	    1.293773e-15
5315.732384920122	   1.2612297e-15
5318.019334793093	   1.2502995e-15
5320.306284666063	   1.3093178e-15
5322.593234539034	   1.3746058e-15
5324.880184412004	   1.4190078e-15
5327.167134284975	   1.4539454e-15
5329.4540841579455	   1.4749367e-15
5331.741034030916	   1.4660571e-15
5334.027983903887	   1.4399053e-15
5336.314933776857	   1.4296267e-15
5338.601883649828	   1.4387276e-15
5340.888833522798	   1.4511097e-15
5343.175783395769	   1.4646767e-15
5345.46273326874	   1.4842367e-15
5347.74968314171	    1.487298e-15
5350.036633014681	   1.4441676e-15
5352.323582887651	   1.3940277e-15
5354.610532760622	   1.3926099e-15
5356.8974826335925	   1.4058842e-15
5359.184432506563	   1.3838818e-15
5361.471382379534	   1.3571946e-15
5363.758332252504	   1.3622816e-15
5366.045282125475	   1.3671248e-15
5368.332231998445	   1.3409055e-15
5370.619181871416	   1.3064368e-15
5372.906131744387	   1.2872711e-15
5375.193081617357	    1.288939e-15
5377.480031490328	   1.3076717e-15
5379.766981363298	   1.3138018e-15
5382.053931236269	    1.291536e-15
5384.3408811092395	   1.2668404e-15
5386.62783098221	   1.2544783e-15
5388.914780855181	   1.2395514e-15
5391.201730728151	   1.2224709e-15
5393.488680601122	   1.2316902e-15
5395.775630474092	   1.2626015e-15
5398.062580347063	   1.2658457e-15
5400.349530220034	    1.232289e-15
5402.636480093004	   1.1962131e-15
5404.923429965975	   1.1759301e-15
5407.210379838945	   1.1771078e-15
5409.497329711916	    1.192595e-15
5411.7842795848865	   1.2040251e-15
5414.071229457857	   1.2085918e-15
5416.358179330828	   1.2133827e-15
5418.645129203798	   1.2173016e-15
5420.932079076769	   1.2166962e-15
5423.219028949739	   1.2166421e-15
5425.50597882271	   1.2245794e-15
5427.7929286956805	    1.247404e-15
5430.079878568651	    1.289203e-15
5432.366828441622	   1.3339027e-15
5434.653778314592	   1.3627421e-15
5436.940728187563	   1.3743616e-15
5439.227678060533	   1.3732365e-15
5441.514627933504	   1.3748532e-15
5443.801577806475	   1.3914669e-15
5446.088527679445	   1.4026207e-15
5448.375477552416	   1.3978996e-15
5450.662427425386	   1.4267906e-15
5452.949377298357	   1.5094771e-15
5455.2363271713275	   1.5639702e-15
5457.523277044298	   1.5505725e-15
5459.810226917269	    1.547667e-15
5462.097176790239	    1.586549e-15
5464.38412666321	   1.5957459e-15
5466.67107653618	   1.5613834e-15
5468.958026409151	   1.5621616e-15
5471.244976282122	   1.6127657e-15
5473.531926155092	   1.6477448e-15
5475.818876028063	   1.6475563e-15
5478.105825901033	   1.6365016e-15
5480.392775774004	   1.6325033e-15
5482.6797256469745	     1.65248e-15
5484.966675519945	   1.6812747e-15
5487.253625392916	   1.6793109e-15
5489.540575265886	    1.660158e-15
5491.827525138857	   1.6668558e-15
5494.114475011827	   1.6791975e-15
5496.401424884798	   1.6519082e-15
5498.6883747577685	   1.6096168e-15
5500.975324630739	    1.597758e-15
5503.26227450371	   1.6025339e-15
5505.54922437668	    1.596556e-15
5507.836174249651	   1.5810953e-15
5510.123124122621	   1.5640595e-15
5512.410073995592	   1.5629193e-15
5514.697023868563	   1.5903102e-15
5516.983973741533	   1.6238871e-15
5519.270923614504	   1.6404157e-15
5521.557873487474	   1.6350649e-15
5523.844823360445	   1.6104221e-15
5526.1317732334155	   1.5867392e-15
5528.418723106386	    1.577149e-15
5530.705672979357	   1.5668732e-15
5532.992622852327	   1.5493557e-15
5535.279572725298	    1.543087e-15
5537.566522598268	   1.5482549e-15
5539.853472471239	   1.5281093e-15
5542.14042234421	   1.4825422e-15
5544.42737221718	   1.4682159e-15
5546.714322090151	   1.4928751e-15
5549.001271963121	   1.5052534e-15
5551.288221836092	   1.4899959e-15
5553.5751717090625	   1.4648232e-15
5555.862121582033	   1.4425529e-15
5558.149071455004	   1.4350227e-15
5560.436021327974	   1.4384387e-15
5562.722971200945	   1.4361896e-15
5565.009921073915	   1.4414865e-15
5567.296870946886	    1.481536e-15
5569.583820819857	   1.5280564e-15
5571.870770692827	   1.5335884e-15
5574.157720565798	    1.501638e-15
5576.444670438768	   1.4540031e-15
5578.731620311739	   1.4243384e-15
5581.0185701847095	   1.4425194e-15
5583.30552005768	   1.4696751e-15
5585.592469930651	   1.4594441e-15
5587.879419803621	   1.4293068e-15
5590.166369676592	   1.4027576e-15
5592.453319549562	   1.3707118e-15
5594.740269422533	   1.3285727e-15
5597.0272192955035	   1.3042812e-15
5599.314169168474	   1.3126433e-15
5601.601119041445	    1.314785e-15
5603.888068914415	   1.2929993e-15
5606.175018787386	    1.301151e-15
5608.461968660356	   1.3526394e-15
5610.748918533327	   1.3664505e-15
5613.035868406298	   1.3173998e-15
5615.322818279268	   1.2825854e-15
5617.609768152239	    1.282396e-15
5619.896718025209	   1.2522737e-15
5622.18366789818	   1.1965418e-15
5624.4706177711505	   1.1998878e-15
5626.757567644121	   1.2489483e-15
5629.044517517092	   1.2406856e-15
5631.331467390062	   1.1797635e-15
5633.618417263033	   1.1493008e-15
5635.905367136003	   1.1565893e-15
5638.192317008974	   1.1648815e-15
5640.479266881945	   1.1741933e-15
5642.766216754915	   1.1990267e-15
5645.053166627886	   1.2199211e-15
5647.340116500856	   1.2082476e-15
5649.627066373827	   1.1727604e-15
5651.9140162467975	   1.1341262e-15
5654.200966119768	   1.1056295e-15
5656.487915992739	   1.0960126e-15
5658.774865865709	   1.0940713e-15
5661.06181573868	   1.0854367e-15
5663.34876561165	   1.0628362e-15
5665.635715484621	   1.0262431e-15
5667.9226653575915	   1.0086949e-15
5670.209615230562	   1.0304924e-15
5672.496565103533	    1.047464e-15
5674.783514976503	   1.0277558e-15
5677.070464849474	    9.942602e-16
5679.357414722444	    9.664409e-16
5681.644364595415	    9.466756e-16
5683.931314468386	    9.373102e-16
5686.218264341356	    9.401227e-16
5688.505214214327	     9.50695e-16
5690.792164087297	    9.564637e-16
5693.079113960268	    9.512085e-16
5695.3660638332385	     9.37245e-16
5697.653013706209	    9.200094e-16
5699.93996357918	    9.085414e-16
5702.22691345215	    9.039576e-16
5704.513863325121	    8.992242e-16
5706.800813198091	    8.942363e-16
5709.087763071062	    8.958548e-16
5711.374712944033	    8.872979e-16
5713.661662817003	    8.379472e-16
5715.948612689974	    7.916001e-16
5718.235562562944	   8.2221663e-16
5720.522512435915	   8.8433056e-16
5722.8094623088855	    8.931751e-16
5725.096412181856	    8.680174e-16
5727.383362054827	    8.551997e-16
5729.670311927797	    8.456661e-16
5731.957261800768	    8.227611e-16
5734.244211673738	    8.058295e-16
5736.531161546709	   8.1193783e-16
5738.81811141968	    8.077229e-16
5741.10506129265	    7.676359e-16
5743.392011165621	    7.338263e-16
5745.678961038591	    7.393651e-16
5747.965910911562	    7.613172e-16
5750.2528607845325	   7.7696553e-16
5752.539810657503	   7.7718714e-16
5754.826760530474	   7.5851155e-16
5757.113710403444	   7.2695205e-16
5759.400660276415	   6.9892977e-16
5761.687610149385	   7.1323504e-16
5763.974560022356	    7.628747e-16
5766.2615098953265	   7.6427666e-16
5768.548459768297	    7.126299e-16
5770.835409641268	    7.063863e-16
5773.122359514238	   7.5414647e-16
5775.409309387209	    7.739649e-16
5777.696259260179	    7.560462e-16
5779.98320913315	   7.4671275e-16
5782.270159006121	    7.516693e-16
5784.557108879091	   7.5215806e-16
5786.844058752062	    7.524052e-16
5789.131008625032	     7.67323e-16
5791.417958498003	     7.83828e-16
5793.7049083709735	    7.784026e-16
5795.991858243944	    7.705816e-16
5798.278808116915	    7.917521e-16
5800.565757989885	    8.204919e-16
5802.852707862856	    8.248753e-16
5805.139657735826	    8.258089e-16
5807.426607608797	    8.488563e-16
5809.713557481768	   8.5993765e-16
5812.000507354738	    8.295287e-16
5814.287457227709	    8.107656e-16
5816.574407100679	   8.4534857e-16
5818.86135697365	    8.753557e-16
5821.1483068466205	    8.617494e-16
5823.435256719591	   8.6878253e-16
5825.722206592562	    9.273834e-16
5828.009156465532	     9.60309e-16
5830.296106338503	    9.291716e-16
5832.583056211473	   8.8506383e-16
5834.870006084444	     8.67611e-16
5837.1569559574145	    8.954592e-16
5839.443905830385	    9.607976e-16
5841.730855703356	   1.0160586e-15
5844.017805576326	    1.035941e-15
5846.304755449297	   1.0217152e-15
5848.591705322267	    9.945918e-16
5850.878655195238	    9.978951e-16
5853.165605068209	   1.0269577e-15
5855.452554941179	   1.0378696e-15
5857.73950481415	   1.0328429e-15
5860.02645468712	    1.042363e-15
5862.313404560091	   1.0621635e-15
5864.6003544330615	   1.0719001e-15
5866.887304306032	   1.0815139e-15
5869.174254179003	   1.1108972e-15
5871.461204051973	   1.1488393e-15
5873.748153924944	   1.1758605e-15
5876.035103797914	   1.1928621e-15
5878.322053670885	    1.206119e-15
5880.609003543856	   1.2230868e-15
5882.895953416826	     1.24939e-15
5885.182903289797	   1.2757623e-15
5887.469853162767	   1.2921223e-15
5889.756803035738	   1.2956795e-15
5892.0437529087085	    1.288393e-15
5894.330702781679	   1.2897484e-15
5896.61765265465	   1.3087072e-15
5898.90460252762	   1.3117186e-15
5901.191552400591	   1.2844386e-15
5903.478502273561	   1.2700362e-15
5905.765452146532	   1.2882457e-15
5908.052402019503	   1.3051376e-15
5910.339351892473	   1.3065688e-15
5912.626301765444	   1.3136128e-15
5914.913251638414	   1.3306338e-15
5917.200201511385	   1.3402022e-15
5919.4871513843555	   1.3383407e-15
5921.774101257326	   1.3354554e-15
5924.061051130297	   1.3332736e-15
5926.348001003267	   1.3253352e-15
5928.634950876238	   1.3185404e-15
5930.921900749208	   1.3301525e-15
5933.208850622179	   1.3468021e-15
5935.4958004951495	   1.3368821e-15
5937.78275036812	   1.3207449e-15
5940.069700241091	   1.3406989e-15
5942.356650114061	    1.380711e-15
5944.643599987032	   1.4042986e-15
5946.930549860002	   1.3943815e-15
5949.217499732973	   1.3443231e-15
5951.504449605944	    1.282405e-15
5953.791399478914	   1.2432087e-15
5956.078349351885	   1.2406846e-15
5958.365299224855	   1.2753928e-15
5960.652249097826	   1.2948594e-15
5962.9391989707965	   1.2581225e-15
5965.226148843767	   1.2221604e-15
5967.513098716738	   1.2347044e-15
5969.800048589708	   1.2693971e-15
5972.086998462679	   1.2953571e-15
5974.373948335649	    1.281448e-15
5976.66089820862	   1.2213987e-15
5978.947848081591	   1.1726767e-15
5981.234797954561	   1.1627564e-15
5983.521747827532	    1.152779e-15
5985.808697700502	    1.124572e-15
5988.095647573473	   1.0937292e-15
5990.3825974464435	   1.0671202e-15
5992.669547319414	   1.0430475e-15
5994.956497192385	   1.0191469e-15
5997.243447065355	    9.900868e-16
5999.530396938326	    9.598963e-16
6001.817346811296	    9.421438e-16
6004.104296684267	    9.260352e-16
6006.3912465572375	    8.843261e-16
6008.678196430208	   8.2912027e-16
6010.965146303179	    7.936981e-16
6013.252096176149	      7.8135e-16
6015.53904604912	    7.811371e-16
6017.82599592209	    7.925538e-16
6020.112945795061	    8.165434e-16
6022.399895668032	   8.3396513e-16
6024.686845541002	   8.2436343e-16
6026.973795413973	   7.9752207e-16
6029.260745286943	   7.7048166e-16
6031.547695159914	   7.6280357e-16
6033.8346450328845	    7.857001e-16
6036.121594905855	   7.9309294e-16
6038.408544778826	   7.5139345e-16
6040.695494651796	   7.2362776e-16
6042.982444524767	   7.5530367e-16
6045.269394397737	   7.9654655e-16
6047.556344270708	     8.08709e-16
6049.843294143679	   7.9929565e-16
6052.130244016649	   7.8569574e-16
6054.41719388962	    8.113284e-16
6056.70414376259	   8.7702405e-16
6058.991093635561	    8.974209e-16
6061.2780435085315	   8.5229154e-16
6063.564993381502	   8.2138887e-16
6065.851943254473	   8.3567185e-16
6068.138893127443	    8.710523e-16
6070.425843000414	    8.955818e-16
6072.712792873384	    8.632884e-16
6074.999742746355	   7.9483264e-16
6077.286692619326	    7.668508e-16
6079.573642492296	    7.806141e-16
6081.860592365267	    7.888296e-16
6084.147542238237	   7.8266405e-16
6086.434492111208	   7.7151684e-16
6088.721441984178	   7.5919457e-16
6091.008391857149	    7.484333e-16
6093.29534173012	   7.4205036e-16
6095.58229160309	    7.420817e-16
6097.869241476061	   7.3211953e-16
6100.156191349031	    6.952814e-16
6102.443141222002	   6.6660297e-16
6104.7300910949725	   6.8167777e-16
6107.017040967943	   6.9760723e-16
6109.303990840914	     6.72254e-16
6111.590940713884	    6.367963e-16
6113.877890586855	   6.2364357e-16
6116.164840459825	   6.3262853e-16
6118.451790332796	    6.579723e-16
6120.738740205767	   6.8386227e-16
6123.025690078737	     6.99945e-16
6125.312639951708	   7.1816917e-16
6127.599589824678	   7.4033284e-16
6129.886539697649	    7.399827e-16
6132.1734895706195	   7.1830924e-16
6134.46043944359	    7.275088e-16
6136.747389316561	    7.747314e-16
6139.034339189531	    8.020482e-16
6141.321289062502	    7.939875e-16
6143.608238935472	    7.815023e-16
6145.895188808443	    7.856579e-16
6148.182138681414	    8.224278e-16
6150.469088554384	   8.7168023e-16
6152.756038427355	   8.8408974e-16
6155.042988300325	    8.659256e-16
6157.329938173296	    8.570886e-16
6159.6168880462665	    8.644861e-16
6161.903837919237	    8.792832e-16
6164.190787792208	    8.874421e-16
6166.477737665178	   8.7366896e-16
6168.764687538149	    8.378257e-16
6171.051637411119	    7.869455e-16
6173.33858728409	   7.5039623e-16
6175.6255371570605	   7.5594927e-16
6177.912487030031	    7.714208e-16
6180.199436903002	   7.5889197e-16
6182.486386775972	   7.2663357e-16
6184.773336648943	    6.903172e-16
6187.060286521913	    6.643049e-16
6189.347236394884	     6.57848e-16
6191.634186267855	   6.5907475e-16
6193.921136140825	    6.555777e-16
6196.208086013796	   6.4111797e-16
6198.495035886766	   6.1523317e-16
6200.781985759737	   5.9169704e-16
6203.0689356327075	   5.7752835e-16
6205.355885505678	   5.6257377e-16
6207.642835378649	   5.4541944e-16
6209.929785251619	   5.4016186e-16
6212.21673512459	   5.4766705e-16
6214.50368499756	   5.5183445e-16
6216.790634870531	   5.4712764e-16
6219.077584743502	   5.3812686e-16
6221.364534616472	   5.3448393e-16
6223.651484489443	    5.510976e-16
6225.938434362413	   5.8109086e-16
6228.225384235383	   6.0258464e-16
6230.512334108354	    6.069585e-16
6232.799283981324	    5.932494e-16
6235.086233854295	   5.7972904e-16
6237.373183727265	   5.9260717e-16
6239.660133600236	   6.2188444e-16
6241.9470834732065	    6.446979e-16
6244.234033346177	    6.510355e-16
6246.520983219148	    6.369321e-16
6248.807933092118	   6.3233297e-16
6251.094882965089	   6.6746085e-16
6253.381832838059	    7.043111e-16
6255.66878271103	    7.020502e-16
6257.9557325840005	   6.7880056e-16
6260.242682456971	    6.593801e-16
6262.529632329942	    6.595901e-16
6264.816582202912	    6.861175e-16
6267.103532075883	   7.1652084e-16
6269.390481948853	   7.3050853e-16
6271.677431821824	    7.221988e-16
6273.964381694795	    6.961912e-16
6276.251331567765	    6.813275e-16
6278.538281440736	   6.8732324e-16
6280.825231313706	    6.813957e-16
6283.112181186677	   6.5773564e-16
6285.3991310596475	   6.5519475e-16
6287.686080932618	   6.7801737e-16
6289.973030805589	   6.8889205e-16
6292.259980678559	    6.727386e-16
6294.54693055153	   6.3230724e-16
 6296.8338804245	   5.9702344e-16
6299.120830297471	    6.230909e-16
6301.407780170442	    6.765025e-16
6303.694730043412	     6.61385e-16
6305.981679916383	   6.0436754e-16
6308.268629789353	    5.961918e-16
6310.555579662324	   6.2887246e-16
6312.8425295352945	       6.542e-16
6315.129479408265	    6.613822e-16
6317.416429281236	    6.520213e-16
6319.703379154206	   6.4349665e-16
6321.990329027177	    6.560573e-16
6324.277278900147	   6.7912333e-16
6326.564228773118	    6.965425e-16
6328.851178646089	    7.047449e-16
6331.138128519059	   7.0440324e-16
6333.42507839203	   7.1338004e-16
  6335.712028265	     7.42391e-16
6337.998978137971	    7.561078e-16
6340.2859280109415	    7.328252e-16
6342.572877883912	   7.1217487e-16
6344.859827756883	    7.221617e-16
6347.146777629853	    7.487111e-16
6349.433727502824	    7.766807e-16
6351.720677375794	    7.917349e-16
6354.007627248765	    7.896122e-16
6356.2945771217355	   7.8589575e-16
6358.581526994706	    7.899084e-16
6360.868476867677	   8.0207503e-16
6363.155426740647	   8.1410253e-16
6365.442376613618	   8.0542796e-16
6367.729326486588	   7.8081006e-16
6370.016276359559	    7.693161e-16
6372.30322623253	    7.795045e-16
 6374.5901761055	   8.0554707e-16
6376.877125978471	    8.299571e-16
6379.164075851441	   8.2634443e-16
6381.451025724412	   8.1662166e-16
6383.7379755973825	     8.46685e-16
6386.024925470353	    8.978489e-16
6388.311875343324	    9.266371e-16
6390.598825216294	    9.387534e-16
6392.885775089265	    9.544524e-16
6395.172724962235	     9.70658e-16
6397.459674835206	    9.804926e-16
6399.746624708177	    9.865347e-16
6402.033574581147	     9.92885e-16
6404.320524454118	   1.0059136e-15
6406.607474327088	   1.0289349e-15
6408.894424200059	   1.0517195e-15
6411.1813740730295	   1.0631696e-15
  6413.468323946	   1.0513161e-15
6415.755273818971	   1.0170208e-15
6418.042223691941	   1.0022191e-15
6420.329173564912	   1.0288348e-15
6422.616123437882	   1.0590762e-15
6424.903073310853	   1.0712562e-15
6427.1900231838235	   1.0829683e-15
6429.476973056794	   1.1045293e-15
6431.763922929765	    1.136429e-15
6434.050872802735	   1.1696818e-15
6436.337822675706	   1.1784134e-15
6438.624772548676	    1.167333e-15
6440.911722421647	   1.1775848e-15
6443.198672294618	    1.208375e-15
6445.485622167588	   1.2216761e-15
6447.772572040559	   1.2094741e-15
6450.059521913529	   1.1839032e-15
 6452.3464717865	   1.1621717e-15
6454.6334216594705	   1.1655019e-15
6456.920371532441	   1.1818301e-15
6459.207321405412	   1.1829986e-15
6461.494271278382	   1.1731926e-15
6463.781221151353	   1.1686323e-15
6466.068171024323	   1.1713312e-15
6468.355120897294	   1.1791409e-15
6470.642070770265	   1.1937059e-15
6472.929020643235	   1.2155413e-15
6475.215970516206	   1.2311152e-15
6477.502920389176	   1.2287206e-15
6479.789870262147	   1.2239987e-15
6482.0768201351175	   1.2320558e-15
6484.363770008088	   1.2442461e-15
6486.650719881059	   1.2513347e-15
6488.937669754029	   1.2539497e-15
  6491.224619627	   1.2511458e-15
6493.51156949997	   1.2334097e-15
6495.798519372941	   1.2014898e-15
6498.085469245912	   1.1803962e-15
6500.372419118882	   1.1831654e-15
6502.659368991853	   1.1991589e-15
6504.946318864823	   1.2151524e-15
6507.233268737794	   1.2128825e-15
6509.5202186107645	   1.1955675e-15
6511.807168483735	   1.1959845e-15
6514.094118356706	   1.2212695e-15
6516.381068229676	   1.2524888e-15
6518.668018102647	   1.2729332e-15
6520.954967975617	   1.2655496e-15
6523.241917848588	   1.2452117e-15
6525.5288677215585	   1.2500847e-15
6527.815817594529	   1.2731291e-15
 6530.1027674675	   1.2825567e-15
6532.38971734047	   1.2747589e-15
6534.676667213441	   1.2582357e-15
6536.963617086411	   1.2459601e-15
6539.250566959382	   1.2519324e-15
6541.537516832353	    1.262409e-15
6543.824466705323	   1.2574321e-15
6546.111416578294	    1.250189e-15
6548.398366451264	   1.2579752e-15
6550.685316324235	   1.2643244e-15
6552.9722661972055	   1.2536452e-15
6555.259216070176	   1.2498985e-15
6557.546165943147	   1.2735206e-15
6559.833115816117	   1.3105353e-15
6562.120065689088	   1.3430213e-15
6564.407015562058	   1.3511335e-15
6566.693965435029	   1.3275584e-15
  6568.980915308	   1.3018071e-15
6571.26786518097	   1.2913915e-15
6573.554815053941	   1.2764244e-15
6575.841764926911	    1.254372e-15
6578.128714799882	   1.2597004e-15
6580.4156646728525	   1.2921471e-15
6582.702614545823	   1.2986419e-15
6584.989564418794	   1.2672936e-15
6587.276514291764	   1.2356068e-15
6589.563464164735	   1.2252229e-15
6591.850414037705	   1.2442351e-15
6594.137363910676	   1.2797442e-15
6596.4243137836465	   1.3004955e-15
6598.711263656617	   1.3003293e-15
6600.998213529588	   1.2890065e-15
6603.285163402558	   1.2852597e-15
6605.572113275529	   1.3129627e-15
6607.859063148499	   1.3441259e-15
6610.14601302147	   1.3307053e-15
6612.432962894441	   1.2934717e-15
6614.719912767411	   1.2743792e-15
6617.006862640382	   1.2671344e-15
6619.293812513352	    1.254354e-15
6621.580762386323	   1.2397772e-15
6623.8677122592935	   1.2295523e-15
6626.154662132264	   1.2123623e-15
6628.441612005235	   1.1817201e-15
6630.728561878205	   1.1804266e-15
6633.015511751176	   1.2339186e-15
6635.302461624146	   1.2662516e-15
6637.589411497117	   1.2274712e-15
6639.876361370088	   1.1887048e-15
6642.163311243058	   1.1957547e-15
6644.450261116029	   1.2043339e-15
6646.737210988999	   1.1875771e-15
6649.02416086197	   1.1619399e-15
6651.3111107349405	   1.1360356e-15
6653.598060607911	   1.1042976e-15
6655.885010480882	   1.0727366e-15
6658.171960353852	   1.0630547e-15
6660.458910226823	   1.0750676e-15
6662.745860099793	    1.083975e-15
6665.032809972764	   1.0787067e-15
6667.319759845735	   1.0599478e-15
6669.606709718705	   1.0387371e-15
6671.893659591676	   1.0356016e-15
6674.180609464646	    1.042453e-15
6676.467559337617	   1.0330593e-15
6678.7545092105875	   1.0124613e-15
6681.041459083558	   1.0009065e-15
6683.328408956529	    9.943938e-16
6685.615358829499	    9.805563e-16
6687.90230870247	    9.676659e-16
6690.18925857544	    9.682663e-16
6692.476208448411	    9.789898e-16
6694.7631583213815	    9.918478e-16
6697.050108194352	    9.932461e-16
6699.337058067323	     9.72806e-16
6701.624007940293	    9.452495e-16
6703.910957813264	    9.269212e-16
6706.197907686234	    9.202213e-16
6708.484857559205	     9.22712e-16
6710.771807432176	    9.215313e-16
6713.058757305146	    9.068849e-16
6715.345707178117	    8.796853e-16
6717.632657051087	   8.4923936e-16
6719.919606924058	   8.4519256e-16
6722.2065567970285	    8.754385e-16
6724.493506669999	    9.028612e-16
6726.78045654297	    9.046183e-16
6729.06740641594	    8.817965e-16
6731.354356288911	    8.479152e-16
6733.641306161881	   8.3647553e-16
6735.928256034852	    8.456535e-16
6738.215205907823	   8.3200605e-16
6740.502155780793	    7.945352e-16
6742.789105653764	   7.6934155e-16
6745.076055526734	   7.6405786e-16
6747.363005399705	   7.6636804e-16
6749.6499552726755	   7.7476987e-16
6751.936905145646	    7.929599e-16
6754.223855018617	    8.056952e-16
6756.510804891587	    7.905829e-16
6758.797754764558	    7.617291e-16
6761.084704637528	   7.4637055e-16
6763.371654510499	    7.306246e-16
6765.6586043834695	    6.923586e-16
6767.94555425644	   6.5801426e-16
6770.232504129411	    6.587571e-16
6772.519454002381	   6.8259574e-16
6774.806403875352	     7.08885e-16
6777.093353748322	   7.1405544e-16
6779.380303621293	   6.8471004e-16
6781.667253494264	    6.592162e-16
6783.954203367234	    6.665462e-16
6786.241153240205	   6.7349474e-16
6788.528103113175	     6.58327e-16
6790.815052986146	    6.502057e-16
6793.1020028591165	   6.6176196e-16
6795.388952732087	   6.6069105e-16
6797.675902605058	     6.35272e-16
6799.962852478028	   6.1543153e-16
6802.249802350999	   6.1231006e-16
6804.536752223969	   6.0663314e-16
6806.82370209694	   5.9386364e-16
6809.110651969911	   5.8770137e-16
6811.397601842881	   5.8914037e-16
6813.684551715852	    5.871324e-16
6815.971501588822	   5.7926757e-16
6818.258451461793	    5.698206e-16
6820.5454013347635	    5.615366e-16
6822.832351207734	   5.5604494e-16
6825.119301080705	    5.555957e-16
6827.406250953675	   5.6300994e-16
6829.693200826646	   5.6731196e-16
6831.980150699616	    5.522957e-16
6834.267100572587	   5.3782325e-16
6836.554050445558	   5.5333147e-16
6838.841000318528	   5.8082664e-16
6841.127950191499	   5.9158327e-16
6843.414900064469	   5.8223414e-16
6845.70184993744	    5.574692e-16
6847.9887998104105	   5.4327243e-16
6850.275749683381	   5.6036407e-16
6852.562699556352	    5.694618e-16
6854.849649429322	    5.396734e-16
6857.136599302293	   5.1605133e-16
6859.423549175263	   5.3238694e-16
6861.710499048234	   5.5763456e-16
6863.9974489212045	    5.687774e-16
6866.284398794175	   5.7808035e-16
6868.571348667146	    5.908346e-16
6870.858298540116	   5.9721996e-16
6873.145248413087	   5.8856243e-16
6875.432198286057	    5.547009e-16
6877.719148159028	    5.041361e-16
6880.006098031999	     4.75035e-16
6882.293047904969	   4.7286557e-16
6884.57999777794	     4.58986e-16
6886.86694765091	   4.4094441e-16
6889.153897523881	   4.7430346e-16
6891.4408473968515	    5.339595e-16
6893.727797269822	   5.3225136e-16
6896.014747142793	     4.81709e-16
6898.301697015763	    4.564269e-16
6900.588646888734	    4.684648e-16
6902.875596761704	   4.9961905e-16
6905.162546634675	    5.216789e-16
6907.449496507646	    5.031214e-16
6909.736446380616	    4.641127e-16
6912.023396253587	   4.4135936e-16
6914.310346126557	   4.4302502e-16
6916.597295999528	   4.6687265e-16
6918.8842458724985	    4.913853e-16
6921.171195745469	    4.945559e-16
6923.45814561844	    4.830189e-16
6925.74509549141	   4.6954996e-16
6928.032045364381	   4.7510803e-16
6930.318995237351	   5.0903297e-16
6932.605945110322	   5.2419317e-16
6934.8928949832925	   4.9232467e-16
6937.179844856263	   4.6540665e-16
6939.466794729234	    4.765092e-16
6941.753744602204	   4.9588824e-16
6944.040694475175	     5.03479e-16
6946.327644348145	   5.0366315e-16
6948.614594221116	   4.9942926e-16
6950.901544094087	    4.933084e-16
6953.188493967057	    4.862749e-16
6955.475443840028	   4.7525494e-16
6957.762393712998	    4.628199e-16
6960.049343585969	   4.5840624e-16
6962.3362934589395	   4.6220285e-16
6964.62324333191	     4.64455e-16
6966.910193204881	    4.718424e-16
6969.197143077851	   5.0389466e-16
6971.484092950822	   5.4269856e-16
6973.771042823792	    5.490741e-16
6976.057992696763	   5.3092263e-16
6978.344942569734	    5.180814e-16
6980.631892442704	   5.2019067e-16
6982.918842315675	     5.38789e-16
6985.205792188645	    5.517503e-16
6987.492742061616	   5.3227556e-16
6989.7796919345865	   5.1040924e-16
6992.066641807557	   5.2342475e-16
6994.353591680528	   5.3409054e-16
6996.640541553498	    5.028645e-16
6998.927491426469	    4.734267e-16
7001.214441299439	   4.8565174e-16
7003.50139117241	    4.997667e-16
7005.788341045381	    4.821501e-16
7008.075290918351	   4.5460385e-16
7010.362240791322	     4.37624e-16
7012.649190664292	   4.3531855e-16
7014.936140537263	    4.478873e-16
7017.223090410233	    4.676856e-16
7019.510040283204	   4.8530287e-16
7021.796990156175	   4.9005435e-16
7024.083940029145	    4.802064e-16
7026.370889902116	   4.6846195e-16
7028.657839775086	   4.6261996e-16
7030.944789648057	    4.628663e-16
7033.2317395210275	    4.687371e-16
7035.518689393998	    4.792873e-16
7037.805639266969	    4.865564e-16
7040.092589139939	    4.768536e-16
7042.37953901291	    4.535169e-16
7044.66648888588	   4.3173425e-16
7046.953438758851	    4.168635e-16
7049.240388631822	   4.0953185e-16
7051.527338504792	   4.0016417e-16
7053.814288377763	     3.74295e-16
7056.101238250733	   3.5603405e-16
7058.388188123704	   3.7994393e-16
7060.6751379966745	   4.1713064e-16
7062.962087869645	   4.2482104e-16
7065.249037742616	   4.1311231e-16
7067.535987615586	   4.0357224e-16
7069.822937488557	   4.1031327e-16
7072.109887361527	   4.4101903e-16
7074.396837234498	   4.7283677e-16
7076.683787107469	   4.8349085e-16
7078.970736980439	    4.743632e-16
7081.25768685341	     4.53714e-16
7083.54463672638	   4.4509003e-16
7085.831586599351	     4.59974e-16
7088.1185364723215	   4.7041753e-16
7090.405486345292	    4.585055e-16
7092.692436218263	   4.3353568e-16
7094.979386091233	   4.0815932e-16
7097.266335964204	   4.0086213e-16
7099.553285837174	   4.1583396e-16
7101.840235710145	   4.3491132e-16
7104.1271855831155	    4.446035e-16
7106.414135456086	   4.3648767e-16
7108.701085329057	   4.1832406e-16
7110.988035202027	   4.1649415e-16
7113.274985074998	   4.2738021e-16
7115.561934947968	   4.2218242e-16
7117.848884820939	   4.0405888e-16
7120.13583469391	   3.9586008e-16
7122.42278456688	   4.0207098e-16
7124.709734439851	     4.18567e-16
7126.996684312821	   4.2895742e-16
7129.283634185792	   4.1243315e-16
7131.5705840587625	   3.9146922e-16
7133.857533931733	   4.0054515e-16
7136.144483804704	   4.2423328e-16
7138.431433677674	   4.3549167e-16
7140.718383550645	     4.32763e-16
7143.005333423615	    4.206878e-16
7145.292283296586	   4.0702755e-16
7147.579233169557	   3.9954735e-16
7149.866183042527	   4.0128673e-16
7152.153132915498	     4.10664e-16
7154.440082788468	    4.076588e-16
7156.727032661439	   3.8314177e-16
7159.0139825344095	   3.7122823e-16
7161.30093240738	   3.9307279e-16
7163.587882280351	   4.2859335e-16
7165.874832153321	   4.5908296e-16
7168.161782026292	   4.7120385e-16
7170.448731899262	   4.6628354e-16
7172.735681772233	   4.7520555e-16
7175.022631645204	    5.024412e-16
7177.309581518174	    5.111682e-16
7179.596531391145	   4.9616543e-16
7181.883481264115	    4.889557e-16
7184.170431137086	   4.9756457e-16
7186.457381010056	    5.094356e-16
7188.744330883027	    5.162563e-16
7191.031280755998	    5.113026e-16
7193.318230628968	   4.9947225e-16
7195.605180501939	   4.9392566e-16
7197.892130374909	   4.8970204e-16
7200.17908024788	    4.737216e-16
7202.4660301208505	    4.499053e-16
7204.752979993821	    4.281663e-16
7207.039929866792	   4.2343325e-16
7209.326879739762	     4.49291e-16
7211.613829612733	    4.743036e-16
7213.900779485703	    4.621847e-16
7216.187729358674	   4.4635343e-16
7218.474679231645	    4.657393e-16
7220.761629104615	    5.011177e-16
7223.048578977586	    5.272787e-16
7225.335528850556	    5.297909e-16
7227.622478723527	    5.064078e-16
7229.9094285964975	    5.026242e-16
7232.196378469468	     5.44911e-16
7234.483328342439	   5.8715795e-16
7236.770278215409	    5.930215e-16
7239.05722808838	    5.586147e-16
7241.34417796135	    4.997325e-16
7243.631127834321	    4.738905e-16
7245.918077707292	   4.9627597e-16
7248.205027580262	   5.0480633e-16
7250.491977453233	    4.798706e-16
7252.778927326203	    4.635499e-16
7255.065877199174	   4.6083765e-16
7257.3528270721445	   4.3466327e-16
7259.639776945115	   3.9953544e-16
7261.926726818086	   4.1578465e-16
7264.213676691056	    4.683445e-16
7266.500626564027	   4.8800564e-16
7268.787576436997	    4.779188e-16
7271.074526309968	   4.8278644e-16
7273.3614761829385	    4.981514e-16
7275.648426055909	   4.9834543e-16
7277.93537592888	   4.9502564e-16
7280.22232580185	   5.1096426e-16
7282.509275674821	   5.2541644e-16
7284.796225547791	   5.0896823e-16
7287.083175420762	    4.805544e-16
7289.370125293733	    4.671466e-16
7291.657075166703	   4.6362777e-16
7293.944025039674	    4.598984e-16
7296.230974912644	   4.5044683e-16
7298.517924785615	   4.3310129e-16
7300.8048746585855	   4.2552564e-16
7303.091824531556	   4.3718465e-16
7305.378774404527	   4.3280512e-16
7307.665724277497	   3.9633458e-16
7309.952674150468	   3.8142206e-16
7312.239624023438	   4.1458036e-16
7314.526573896409	    4.488036e-16
7316.81352376938	    4.575239e-16
7319.10047364235	    4.584644e-16
7321.387423515321	    4.608641e-16
7323.674373388291	    4.611399e-16
7325.961323261262	    4.611083e-16
7328.2482731342325	   4.6657645e-16
7330.535223007203	    4.824965e-16
7332.822172880174	   5.1461333e-16
7335.109122753144	   5.5033223e-16
7337.396072626115	   5.6077885e-16
7339.683022499085	    5.503667e-16
7341.969972372056	     5.47722e-16
7344.2569222450265	   5.4555306e-16
7346.543872117997	    5.173024e-16
7348.830821990968	   4.8348376e-16
7351.117771863938	   4.8262164e-16
7353.404721736909	    4.975089e-16
7355.691671609879	    4.941713e-16
7357.97862148285	    4.697003e-16
7360.265571355821	   4.3163523e-16
7362.552521228791	   4.2421893e-16
7364.839471101762	    4.859006e-16
7367.126420974732	    5.396836e-16
7369.413370847703	   5.1137835e-16
7371.7003207206735	     4.65186e-16
7373.987270593644	   4.6558045e-16
7376.274220466615	   4.9103887e-16
7378.561170339585	   5.1702235e-16
7380.848120212556	    5.350661e-16
7383.135070085526	   5.4244567e-16
7385.422019958497	    5.554543e-16
7387.708969831468	   5.8243875e-16
7389.995919704438	   6.1219793e-16
7392.282869577409	   6.3100164e-16
7394.569819450379	    6.198344e-16
7396.856769323349	    5.797243e-16
7399.14371919632	   5.4194227e-16
7401.43066906929	    5.213655e-16
7403.717618942261	    5.127638e-16
7406.004568815231	    5.081115e-16
7408.291518688202	    4.947499e-16
7410.5784685611725	   4.7697447e-16
7412.865418434143	   4.7265704e-16
7415.152368307114	   4.8410156e-16
7417.439318180084	   5.0479506e-16
7419.726268053055	    5.150252e-16
7422.013217926025	   4.8901944e-16
7424.300167798996	   4.4907273e-16
7426.587117671967	    4.370092e-16
7428.874067544937	   4.4367782e-16
7431.161017417908	   4.4397806e-16
7433.447967290878	   4.5545126e-16
7435.734917163849	   4.9997666e-16
7438.0218670368195	   5.4735724e-16
7440.30881690979	    5.632748e-16
7442.595766782761	    5.460168e-16
7444.882716655731	   5.0757586e-16
7447.169666528702	   5.0338363e-16
7449.456616401672	   5.6945263e-16
7451.743566274643	   6.4475333e-16
7454.0305161476135	   6.7304364e-16
7456.317466020584	   6.4373233e-16
7458.604415893555	   5.6878877e-16
7460.891365766525	   5.1099735e-16
7463.178315639496	   5.0397566e-16
7465.465265512466	   5.0911026e-16
7467.752215385437	    5.026964e-16
7470.039165258408	   4.9070254e-16
7472.326115131378	    4.773719e-16
7474.613065004349	    4.673561e-16
7476.900014877319	    4.627652e-16
7479.18696475029	   4.6165143e-16
7481.4739146232605	   4.6101494e-16
7483.760864496231	      4.5719e-16
7486.047814369202	   4.4909226e-16
7488.334764242172	    4.370051e-16
7490.621714115143	   4.3059717e-16
7492.908663988113	   4.4527654e-16
7495.195613861084	    4.687872e-16
7497.482563734055	    4.758991e-16
7499.769513607025	   4.7446794e-16
7502.056463479996	    4.840842e-16
7504.343413352966	    5.054991e-16
7506.630363225937	    5.330365e-16
7508.9173130989075	    5.518786e-16
7511.204262971878	   5.4768907e-16
7513.491212844849	    5.332922e-16
7515.778162717819	    5.244852e-16
7518.06511259079	    5.145982e-16
7520.35206246376	   4.9640853e-16
7522.639012336731	   4.7514144e-16
7524.9259622097015	    4.564742e-16
7527.212912082672	    4.462665e-16
7529.499861955643	    4.443311e-16
7531.786811828613	   4.3005176e-16
7534.073761701584	   3.9563826e-16
7536.360711574554	   3.6841515e-16
7538.647661447525	   3.6321686e-16
7540.934611320496	   3.6620556e-16
7543.221561193466	   3.7107476e-16
7545.508511066437	   3.8605456e-16
7547.795460939407	   4.0581208e-16
7550.082410812378	     4.06024e-16
7552.3693606853485	   3.9149474e-16
7554.656310558319	   4.0058168e-16
7556.94326043129	   4.2818707e-16
7559.23021030426	    4.291473e-16
7561.517160177231	    4.163126e-16
7563.804110050201	   4.4392563e-16
7566.091059923172	   4.8853303e-16
7568.378009796143	   4.8432714e-16
7570.664959669113	   4.5187455e-16
7572.951909542084	    4.488172e-16
7575.238859415054	   4.7034347e-16
7577.525809288025	   4.8954693e-16
7579.8127591609955	   5.0247996e-16
7582.099709033966	    5.116283e-16
7584.386658906937	   4.9668953e-16
7586.673608779907	   4.4375318e-16
7588.960558652878	   4.3087968e-16
7591.247508525848	    5.269033e-16
7593.534458398819	   6.5039695e-16
7595.82140827179	   7.1977244e-16
7598.10835814476	    7.719678e-16
7600.395308017731	    8.339269e-16
7602.682257890701	    8.585063e-16
7604.969207763672	    8.075682e-16
7607.2561576366425	   6.6121446e-16
7609.543107509613	   4.4813173e-16
7611.830057382584	    3.062011e-16
7614.117007255554	   2.9769807e-16
7616.403957128525	    3.306046e-16
7618.690907001495	   3.5602367e-16
7620.977856874466	    3.992272e-16
7623.2648067474365	   4.5937704e-16
7625.551756620407	   5.1070973e-16
7627.838706493378	   5.3834397e-16
7630.125656366348	   5.3476636e-16
7632.412606239319	   5.1065986e-16
7634.699556112289	     4.94603e-16
7636.98650598526	   4.7574394e-16
7639.273455858231	   4.1597425e-16
7641.560405731201	    3.410898e-16
7643.847355604172	   3.0907293e-16
7646.134305477142	   3.1137262e-16
7648.421255350113	   3.1143083e-16
7650.7082052230835	   3.0336554e-16
7652.995155096054	   2.9178612e-16
7655.282104969025	   2.8267215e-16
7657.569054841995	   2.8308312e-16
7659.856004714966	   3.0395986e-16
7662.142954587936	   3.5144125e-16
7664.429904460907	   3.9451724e-16
7666.716854333878	   4.0497813e-16
7669.003804206848	    4.069164e-16
7671.290754079819	   4.2451055e-16
7673.577703952789	     4.50092e-16
7675.86465382576	   4.7422744e-16
7678.1516036987305	    4.888631e-16
7680.438553571701	    4.922677e-16
7682.725503444672	    5.060948e-16
7685.012453317642	   5.3215507e-16
7687.299403190613	   5.2249407e-16
7689.586353063583	    4.659832e-16
7691.873302936554	   4.1869328e-16
7694.1602528095245	    4.074773e-16
7696.447202682495	   4.1764905e-16
7698.734152555466	   4.3089045e-16
7701.021102428436	     4.19104e-16
7703.308052301407	   3.9523171e-16
7705.595002174377	   4.1719184e-16
7707.881952047348	    4.648766e-16
7710.168901920319	    4.566192e-16
7712.455851793289	   4.0789727e-16
7714.74280166626	   3.9387633e-16
7717.02975153923	    4.099477e-16
7719.316701412201	   4.1302896e-16
7721.6036512851715	   4.0515587e-16
7723.890601158142	   4.0512982e-16
7726.177551031113	   4.0200425e-16
7728.464500904083	    3.790334e-16
7730.751450777054	     3.74242e-16
7733.038400650024	   4.2926558e-16
7735.325350522995	    4.922953e-16
7737.612300395966	    5.045807e-16
7739.899250268936	    4.962415e-16
7742.186200141907	     5.03633e-16
7744.473150014877	    5.198553e-16
7746.760099887848	    5.340911e-16
7749.0470497608185	   5.3289506e-16
7751.333999633789	   5.1236817e-16
7753.62094950676	    5.038382e-16
7755.90789937973	    5.240368e-16
7758.194849252701	   5.4572236e-16
7760.481799125671	    5.523151e-16
7762.768748998642	    5.548332e-16
7765.055698871613	   5.5497795e-16
7767.342648744583	    5.377982e-16
7769.629598617554	    5.049286e-16
7771.916548490524	    4.794098e-16
7774.203498363495	     4.69138e-16
7776.490448236465	    4.672714e-16
7778.777398109436	   4.5845394e-16
7781.064347982407	   4.1658777e-16
7783.351297855377	    3.622514e-16
7785.638247728348	   3.5180823e-16
7787.925197601318	   3.6976964e-16
7790.212147474289	   3.5893815e-16
7792.4990973472595	   3.2640444e-16
7794.78604722023	   3.0763906e-16
7797.072997093201	   3.1221314e-16
7799.359946966171	   3.4008915e-16
7801.646896839142	   3.6396648e-16
7803.933846712112	   3.5262958e-16
7806.220796585083	   3.4017965e-16
7808.507746458054	    3.701745e-16
7810.794696331024	   4.2888653e-16
7813.081646203995	    4.916808e-16
7815.368596076965	    5.492098e-16
7817.655545949936	     5.91498e-16
7819.9424958229065	   5.9519766e-16
7822.229445695877	    5.504404e-16
7824.516395568848	   4.9609936e-16
7826.803345441818	   4.6027034e-16
7829.090295314789	   4.1779953e-16
7831.377245187759	   3.6209576e-16
7833.66419506073	   3.4182557e-16
7835.951144933701	   3.7034229e-16
7838.238094806671	    3.918351e-16
7840.525044679642	   3.7804335e-16
7842.811994552612	   3.4470416e-16
7845.098944425583	   3.1126976e-16
7847.3858942985535	    3.053073e-16
7849.672844171524	   3.2495935e-16
7851.959794044495	   3.3272325e-16
7854.246743917465	   3.3264757e-16
7856.533693790436	    3.639185e-16
7858.820643663406	   4.1862774e-16
7861.107593536377	   4.6092367e-16
7863.3945434093475	    4.647652e-16
7865.681493282318	   4.0772868e-16
7867.968443155289	    3.559595e-16
7870.255393028259	    4.109331e-16
7872.54234290123	    4.994747e-16
 7874.8292927742	   4.9375483e-16
7877.116242647171	   4.2895173e-16
7879.403192520142	   3.8252177e-16
7881.690142393112	    3.637295e-16
7883.977092266083	   3.6659136e-16
7886.264042139053	    3.781234e-16
7888.550992012024	    3.835404e-16
7890.8379418849945	   3.8541524e-16
7893.124891757965	   3.8641378e-16
7895.411841630936	    3.743626e-16
7897.698791503906	   3.4398522e-16
7899.985741376877	   3.1363743e-16
7902.272691249847	   2.9980967e-16
7904.559641122818	    3.099914e-16
7906.846590995789	    3.412825e-16
7909.133540868759	   3.6975413e-16
7911.42049074173	    3.806396e-16
 7913.7074406147	   3.7870287e-16
7915.994390487671	    3.705074e-16
7918.2813403606415	     3.64233e-16
7920.568290233612	    3.661814e-16
7922.855240106583	   3.8002636e-16
7925.142189979553	   3.9917613e-16
7927.429139852524	   4.0465104e-16
7929.716089725494	    4.024637e-16
7932.003039598465	   4.2219253e-16
7934.289989471436	    4.374011e-16
7936.576939344406	    3.854839e-16
7938.863889217377	   3.0350122e-16
7941.150839090347	   2.7884404e-16
7943.437788963318	   2.9692946e-16
7945.724738836288	   3.0108072e-16
7948.011688709259	   3.0014687e-16
7950.29863858223	   3.2090028e-16
 7952.5855884552	   3.3694735e-16
7954.872538328171	   3.1562965e-16
7957.159488201141	   2.9129627e-16
7959.446438074112	    3.036014e-16
7961.7333879470825	   3.2810697e-16
7964.020337820053	   3.3570068e-16
7966.307287693024	    3.286718e-16
7968.594237565994	   3.1484993e-16
7970.881187438965	   3.1224927e-16
7973.168137311935	   3.3020547e-16
7975.455087184906	   3.4319792e-16
7977.742037057877	   3.3535053e-16
7980.028986930847	   3.2069049e-16
7982.315936803818	    3.155962e-16
7984.602886676788	   3.4125163e-16
7986.889836549759	   3.9664433e-16
7989.1767864227295	   4.4185183e-16
 7991.4637362957	   4.5537365e-16
7993.750686168671	   4.4295898e-16
7996.037636041641	   4.1644515e-16
7998.324585914612	   3.9541306e-16
8000.611535787582	   3.8689765e-16
8002.898485660553	   3.8479632e-16
8005.185435533524	   3.8056063e-16
8007.472385406494	   3.6497975e-16
8009.759335279465	   3.3164207e-16
8012.046285152435	    2.754257e-16
8014.333235025406	   2.2863256e-16
8016.6201848983765	   2.4009792e-16
8018.907134771347	   2.7667516e-16
8021.194084644318	   2.7512586e-16
8023.481034517288	   2.5081665e-16
8025.767984390259	   2.4151419e-16
8028.054934263229	   2.4568072e-16
 8030.3418841362	   2.5302097e-16
8032.6288340091705	   2.5523525e-16
8034.915783882141	   2.4582754e-16
8037.202733755112	   2.3265986e-16
8039.489683628082	   2.2461845e-16
8041.776633501053	   2.1869229e-16
8044.063583374023	   2.1368389e-16
8046.350533246994	    2.231935e-16
8048.637483119965	   2.5242704e-16
8050.924432992935	   2.7664496e-16
8053.211382865906	   2.8366623e-16
8055.498332738876	   3.0140204e-16
8057.785282611847	   3.3550266e-16
8060.0722324848175	   3.3987388e-16
8062.359182357788	   3.0748122e-16
8064.646132230759	   2.9874513e-16
8066.933082103729	   3.2612756e-16
 8069.2200319767	   3.3687416e-16
8071.50698184967	   3.1613337e-16
8073.793931722641	    2.899036e-16
8076.080881595612	   2.6469226e-16
8078.367831468582	   2.2957632e-16
8080.654781341553	   2.0270361e-16
8082.941731214523	   2.2315864e-16
8085.228681087494	   2.5938155e-16
8087.5156309604645	    2.395158e-16
8089.802580833435	   1.9261053e-16
8092.089530706406	   1.9272452e-16
8094.376480579376	    2.172743e-16
8096.663430452347	   2.1179825e-16
8098.950380325317	    1.954814e-16
8101.237330198288	   2.0421737e-16
8103.5242800712585	    2.285107e-16
8105.811229944229	    2.500884e-16
 8108.0981798172	    2.600218e-16
8110.38512969017	   2.5412976e-16
8112.672079563141	   2.4989068e-16
8114.959029436111	   2.6229998e-16
8117.245979309082	   2.7474038e-16
8119.532929182053	    2.746774e-16
8121.819879055023	   2.8030583e-16
8124.106828927994	   3.0058648e-16
8126.393778800964	    3.114647e-16
8128.680728673935	    2.997471e-16
8130.9676785469055	   2.8076588e-16
8133.254628419876	   2.6491665e-16
8135.541578292847	   2.5163462e-16
8137.828528165817	   2.4066766e-16
8140.115478038788	    2.294894e-16
8142.402427911758	   2.2351627e-16
8144.689377784729	   2.4169352e-16
 8146.9763276577	   2.7017172e-16
8149.26327753067	    2.608467e-16
8151.550227403641	   2.1476024e-16
8153.837177276611	   1.7297019e-16
8156.124127149582	   1.5329972e-16
8158.4110770225525	   1.5808014e-16
8160.698026895523	    1.763219e-16
8162.984976768494	   1.8978488e-16
8165.271926641464	   1.8175629e-16
8167.558876514435	   1.3860263e-16
8169.845826387405	   1.0359242e-16
8172.132776260376	   1.3437311e-16
8174.419726133347	   1.9483314e-16
8176.706676006317	   2.2673375e-16
8178.993625879288	   2.4090165e-16
8181.280575752258	   2.5978538e-16
8183.567525625229	    2.699053e-16
8185.8544754981995	   2.5976597e-16
8188.14142537117	   2.5831924e-16
8190.428375244141	   2.8638089e-16
8192.715325117111	    3.067476e-16
8195.002274990082	   2.9267424e-16
8197.289224863052	   2.7405595e-16
8199.576174736023	   2.7170871e-16
8201.863124608994	    2.726771e-16
8204.150074481964	    2.645822e-16
8206.437024354935	   2.3549406e-16
8208.723974227905	   1.8942027e-16
8211.010924100876	    1.615069e-16
8213.297873973846	    1.621472e-16
8215.584823846817	   1.6269512e-16
8217.871773719788	   1.5547262e-16
8220.158723592758	   1.5932543e-16
8222.445673465729	   1.6950797e-16
 8224.7326233387	   1.5882012e-16
8227.01957321167	    1.338386e-16
8229.30652308464	    1.270293e-16
8231.593472957611	   1.3731742e-16
8233.880422830582	    1.434296e-16
8236.167372703552	   1.4071642e-16
8238.454322576523	   1.3197998e-16
8240.741272449493	   1.3042666e-16
8243.028222322464	   1.5302755e-16
8245.315172195435	   1.8220916e-16
8247.602122068405	   1.9061771e-16
8249.889071941376	   1.9897442e-16
8252.176021814346	   2.3441806e-16
8254.462971687317	    2.614516e-16
8256.749921560287	    2.417291e-16
8259.036871433258	   1.9682523e-16
8261.323821306229	   1.5604838e-16
 8263.6107711792	   1.3690926e-16
8265.89772105217	   1.4637197e-16
8268.18467092514	   1.5364994e-16
8270.471620798111	   1.3595995e-16
8272.758570671082	    1.132621e-16
8275.045520544052	   9.8831976e-17
8277.332470417023	    7.800631e-17
8279.619420289993	   5.0424877e-17
8281.906370162964	    4.865722e-17
8284.193320035934	    7.715821e-17
8286.480269908905	   9.1629927e-17
8288.767219781876	    7.649476e-17
8291.054169654846	   5.6588465e-17
8293.341119527817	   4.3844632e-17
8295.628069400787	   3.7459225e-17
8297.915019273758	    3.414633e-17
8300.201969146729	   2.5336282e-17
 8302.4889190197	    1.869917e-17
8304.77586889267	    3.594962e-17
8307.06281876564	   6.1262326e-17
8309.34976863861	   5.4976614e-17
8311.636718511581	   4.7907035e-17
8313.923668384552	   1.0212148e-16
8316.210618257523	   1.7135179e-16
8318.497568130493	   1.7340417e-16
8320.784518003464	   1.3154586e-16
8323.071467876434	    9.943979e-17
8325.358417749405	    8.280507e-17
8327.645367622375	    7.636794e-17
8329.932317495346	   8.3848466e-17
8332.219267368317	   1.0493064e-16
8334.506217241287	  1.07501974e-16
8336.793167114258	    7.050884e-17
8339.080116987228	   5.7108695e-17
8341.367066860199	  1.08094864e-16
8343.65401673317	   1.3694966e-16
8345.94096660614	   8.9418456e-17
8348.22791647911	    4.078678e-17
8350.514866352081	    3.992087e-17
8352.801816225052	   5.5134407e-17
8355.088766098022	    6.412783e-17
8357.375715970993	   6.3041354e-17
8359.662665843964	    5.781455e-17
8361.949615716934	   7.7843526e-17
8364.236565589905	   1.1505798e-16
8366.523515462875	  1.06268264e-16
8368.810465335846	   5.9681604e-17
8371.097415208817	    6.146593e-17
8373.384365081787	   1.1246849e-16
8375.671314954758	   1.4244269e-16
8377.958264827728	   1.3463086e-16
8380.245214700699	  1.06470883e-16
8382.53216457367	   8.2833066e-17
8384.81911444664	    9.413143e-17
8387.10606431961	   1.2916661e-16
8389.393014192581	   1.5673977e-16
8391.679964065552	   1.6983183e-16
8393.966913938522	   1.7066607e-16
8396.253863811493	   1.6394762e-16
8398.540813684464	   1.5638172e-16
8400.827763557434	   1.4514033e-16
8403.114713430405	   1.2722371e-16
8405.401663303375	   1.2284667e-16
8407.688613176346	   1.4805228e-16
8409.975563049316	   1.7224878e-16
8412.262512922287	   1.6842929e-16
8414.549462795258	   1.6165773e-16
8416.836412668228	   1.6929592e-16
8419.123362541199	   1.5640687e-16
8421.41031241417	   1.0780658e-16
8423.69726228714	    7.254536e-17
8425.98421216011	   7.9180647e-17
8428.271162033081	  1.02469414e-16
8430.558111906052	   1.2536166e-16
8432.845061779022	   1.5223327e-16
8435.132011651993	   1.7306328e-16
8437.418961524963	   1.5480374e-16
8439.705911397934	   1.0602733e-16
8441.992861270905	    8.718623e-17
8444.279811143875	   1.0854022e-16
8446.566761016846	    1.303142e-16
8448.853710889816	   1.3686006e-16
8451.140660762787	   1.2915275e-16
8453.427610635757	   1.2060573e-16
8455.714560508728	   1.3627253e-16
8458.001510381699	   1.5775504e-16
8460.28846025467	   1.4264187e-16
8462.57541012764	   1.2622178e-16
8464.86236000061	   1.7260534e-16
8467.149309873581	   2.3713595e-16
8469.436259746552	   2.4441133e-16
8471.723209619522	   2.1591661e-16
8474.010159492493	   1.9642273e-16
8476.297109365463	   1.8665767e-16
8478.584059238434	    1.798847e-16
8480.871009111404	   1.7935364e-16
8483.157958984375	   1.8613454e-16
8485.444908857346	   1.8745244e-16
8487.731858730316	   1.7479478e-16
8490.018808603287	   1.6548447e-16
8492.305758476257	   1.7152886e-16
8494.592708349228	   1.7868339e-16
8496.879658222198	   1.7616455e-16
8499.166608095169	   1.6575184e-16
8501.45355796814	    1.524544e-16
8503.74050784111	   1.5001808e-16
8506.02745771408	   1.5797768e-16
8508.314407587051	   1.4639847e-16
8510.601357460022	   1.1692178e-16
8512.888307332993	    1.186568e-16
8515.175257205963	   1.5912296e-16
8517.462207078934	   1.9749538e-16
8519.749156951904	   2.1934356e-16
8522.036106824875	   2.3332306e-16
8524.323056697845	    2.468783e-16
8526.610006570816	   2.6933546e-16
8528.896956443787	   2.9282514e-16
8531.183906316757	   2.9698037e-16
8533.470856189728	   2.9658284e-16
8535.757806062698	   3.2461606e-16
8538.044755935669	   3.4745495e-16
8540.33170580864	   3.0832214e-16
8542.61865568161	   2.7110708e-16
8544.90560555458	    3.265621e-16
8547.192555427551	    3.933148e-16
8549.479505300522	   3.6372418e-16
8551.766455173492	   3.0192558e-16
8554.053405046463	    2.908135e-16
8556.340354919434	   2.9752678e-16
8558.627304792404	   2.8359285e-16
8560.914254665375	    2.740519e-16
8563.201204538345	   2.8666234e-16
8565.488154411316	   2.8293473e-16
8567.775104284286	   2.4414182e-16
8570.062054157257	   2.3126967e-16
8572.349004030228	    2.708331e-16
8574.635953903198	    2.874844e-16
8576.922903776169	   2.4965918e-16
8579.20985364914	   2.2296507e-16
8581.49680352211	   2.3806327e-16
8583.78375339508	   2.6702176e-16
8586.070703268051	   2.9074324e-16
8588.357653141022	   2.9819107e-16
8590.644603013992	   2.9465092e-16
8592.931552886963	   3.0890145e-16
8595.218502759933	   3.3193355e-16
8597.505452632904	   3.1764818e-16
8599.792402505875	   2.8720923e-16
8602.079352378845	   3.1072782e-16
8604.366302251816	   3.6547036e-16
8606.653252124786	   3.7602315e-16
8608.940201997757	   3.5651916e-16
8611.227151870728	   3.6057446e-16
8613.514101743698	   3.8472517e-16
8615.801051616669	    4.062591e-16
8618.08800148964	   4.1807468e-16
8620.37495136261	   4.1775718e-16
8622.66190123558	   4.2044905e-16
8624.948851108551	   4.4214646e-16
8627.235800981522	   4.6370067e-16
8629.522750854492	      4.6379e-16
8631.809700727463	    4.626132e-16
8634.096650600433	   4.7372573e-16
8636.383600473404	   4.3712551e-16
8638.670550346375	   3.2267707e-16
8640.957500219345	   2.3736624e-16
8643.244450092316	    2.501878e-16
8645.531399965286	   2.8749913e-16
8647.818349838257	   2.9418934e-16
8650.105299711227	   2.7980653e-16
8652.392249584198	   2.5238474e-16
8654.679199457169	   2.1600916e-16
8656.96614933014	    1.823689e-16
8659.25309920311	   1.7382138e-16
8661.54004907608	   1.8441388e-16
8663.82699894905	   1.6959545e-16
8666.113948822021	   1.3200805e-16
8668.400898694992	   1.2213269e-16
8670.687848567963	   1.5885131e-16
8672.974798440933	   2.3666598e-16
8675.261748313904	   3.2639493e-16
8677.548698186874	   3.8125792e-16
8679.835648059845	   4.0417956e-16
8682.122597932816	   4.2728307e-16
8684.409547805786	    4.523576e-16
8686.696497678757	    4.684745e-16
8688.983447551727	    4.843775e-16
8691.270397424698	    5.130127e-16
8693.557347297668	   5.3159867e-16
8695.844297170639	    5.123223e-16
8698.13124704361	    4.825984e-16
8700.41819691658	   4.7582335e-16
8702.70514678955	   4.7138215e-16
8704.992096662521	      4.4562e-16
8707.279046535492	    4.055584e-16
8709.565996408463	   3.6456655e-16
8711.852946281433	   3.5442177e-16
8714.139896154404	    3.873428e-16
8716.426846027374	     3.98646e-16
8718.713795900345	    3.511473e-16
8721.000745773315	   3.0088153e-16
8723.287695646286	    2.844094e-16
8725.574645519257	    2.842123e-16
8727.861595392227	   2.8784967e-16
8730.148545265198	   2.9134556e-16
8732.435495138168	   2.9574915e-16
8734.722445011139	   3.1248284e-16
8737.00939488411	   3.4263195e-16
8739.29634475708	   3.7592728e-16
8741.58329463005	   4.0070302e-16
8743.870244503021	   4.0168237e-16
8746.157194375992	   3.9528876e-16
8748.444144248962	    4.233771e-16
8750.731094121933	    4.788291e-16
8753.018043994904	    5.244347e-16
8755.304993867874	   5.4222364e-16
8757.591943740845	    5.234626e-16
8759.878893613815	    5.024346e-16
8762.165843486786	   5.2966246e-16
8764.452793359756	    5.640909e-16
8766.739743232727	    5.389712e-16
8769.026693105698	   4.9455046e-16
8771.313642978668	   4.9054267e-16
8773.600592851639	   4.6972784e-16
8775.88754272461	   3.7217638e-16
8778.17449259758	    2.907352e-16
8780.46144247055	    3.113994e-16
8782.748392343521	   3.5419064e-16
8785.035342216492	   3.4550882e-16
8787.322292089462	   3.3049465e-16
8789.609241962433	   3.4360352e-16
8791.896191835403	   3.5363178e-16
8794.183141708374	   3.4004132e-16
8796.470091581345	   3.1344166e-16
8798.757041454315	   2.8574566e-16
8801.043991327286	   2.7091015e-16
8803.330941200256	   2.7359365e-16
8805.617891073227	   2.7851822e-16
8807.904840946198	    2.853118e-16
8810.191790819168	   3.2062571e-16
8812.478740692139	   3.6664168e-16
8814.76569056511	   3.5127642e-16
8817.05264043808	   2.9119595e-16
8819.33959031105	     2.86349e-16
8821.626540184021	   3.4084934e-16
8823.913490056992	   3.8529824e-16
8826.200439929962	   4.2766842e-16
8828.487389802933	    5.200145e-16
8830.774339675903	    6.172207e-16
8833.061289548874	   6.3384603e-16
8835.348239421844	    5.914228e-16
8837.635189294815	    5.517836e-16
8839.922139167786	    5.445686e-16
8842.209089040756	    5.840824e-16
8844.496038913727	    6.275025e-16
8846.782988786697	    6.228721e-16
8849.069938659668	   5.6854334e-16
8851.356888532639	   4.8113097e-16
8853.64383840561	    4.316294e-16
8855.93078827858	   4.6950925e-16
8858.21773815155	   4.8177445e-16
8860.50468802452	    3.876783e-16
8862.791637897491	   3.1407762e-16
8865.078587770462	    3.467597e-16
8867.365537643433	   3.9093532e-16
8869.652487516403	   3.8678396e-16
8871.939437389374	   3.8675964e-16
8874.226387262344	   4.1115514e-16
8876.513337135315	   4.1310506e-16
8878.800287008286	   3.7701778e-16
8881.087236881256	   3.3513518e-16
8883.374186754227	   3.0633876e-16
8885.661136627197	   2.9214465e-16
8887.948086500168	   2.9278101e-16
8890.235036373138	   3.0722544e-16
8892.521986246109	   3.2306205e-16
8894.80893611908	    3.152106e-16
8897.09588599205	   3.0934848e-16
8899.38283586502	   3.6984765e-16
8901.669785737991	    4.551915e-16
8903.956735610962	    4.639692e-16
8906.243685483932	    4.420691e-16
8908.530635356903	   4.9701035e-16
8910.817585229874	     5.95048e-16
8913.104535102844	   6.5611765e-16
8915.391484975815	   6.5628663e-16
8917.678434848785	   5.9391144e-16
8919.965384721756	   5.3775014e-16
8922.252334594727	   5.5974415e-16
8924.539284467697	   6.0667623e-16
8926.826234340668	   6.1336366e-16
8929.113184213638	   5.9807387e-16
8931.400134086609	   5.8424023e-16
8933.68708395958	   5.7622916e-16
8935.97403383255	    5.679219e-16
8938.26098370552	   5.0110803e-16
8940.547933578491	   3.6337152e-16
8942.834883451462	     2.92642e-16
8945.121833324432	    3.487112e-16
8947.408783197403	   3.9319306e-16
8949.695733070374	   3.4873747e-16
8951.982682943344	   2.5493937e-16
8954.269632816315	   1.7531377e-16
8956.556582689285	   2.2322344e-16
8958.843532562256	   3.7668985e-16
8961.130482435226	    4.346107e-16
8963.417432308197	     3.59748e-16
8965.704382181168	   2.8036558e-16
8967.991332054138	   2.5090487e-16
8970.278281927109	   2.7370949e-16
8972.56523180008	   3.1626728e-16
8974.85218167305	   3.1594313e-16
8977.13913154602	   2.9271593e-16
8979.426081418991	   3.1046648e-16
8981.713031291962	    3.656144e-16
8983.999981164932	   4.2596625e-16
8986.286931037903	   4.7055846e-16
8988.573880910873	   4.8445875e-16
8990.860830783844	    4.652125e-16
8993.147780656815	   4.1991793e-16
8995.434730529785	   4.0425214e-16
8997.721680402756	   4.6745647e-16
9000.008630275726	   5.5096396e-16
9002.295580148697	    5.869397e-16
9004.582530021667	    5.589714e-16
9006.869479894638	    4.754606e-16
9009.156429767609	   4.2228108e-16
9011.44337964058	    4.526316e-16
9013.73032951355	    4.709604e-16
9016.01727938652	   4.1970438e-16
9018.304229259491	   3.7810095e-16
9020.591179132462	    3.884561e-16
9022.878129005432	    4.048924e-16
9025.165078878403	    3.955502e-16
9027.452028751373	   3.4843486e-16
9029.738978624344	   2.8279905e-16
9032.025928497314	   2.7035656e-16
9034.312878370285	   3.1152816e-16
9036.599828243256	   3.1717792e-16
9038.886778116226	    2.781246e-16
9041.173727989197	   2.6445756e-16
9043.460677862167	   2.6830465e-16
9045.747627735138	   2.2153981e-16
9048.034577608109	   1.6177509e-16
9050.32152748108	   1.8946711e-16
9052.60847735405	   2.7130674e-16
9054.89542722702	   3.0935922e-16
9057.18237709999	    3.100306e-16
9059.469326972961	   3.1935614e-16
9061.756276845932	   3.4154152e-16
9064.043226718903	   3.6933895e-16
9066.330176591873	   3.8783717e-16
9068.617126464844	   3.8262392e-16
9070.904076337814	     3.77064e-16
9073.191026210785	    3.961187e-16
9075.477976083755	    4.162145e-16
9077.764925956726	   4.1460211e-16
9080.051875829697	    4.133036e-16
9082.338825702667	   4.3194326e-16
9084.625775575638	   4.6050614e-16
9086.912725448608	    4.890293e-16
9089.199675321579	    5.228686e-16
9091.48662519455	    5.527143e-16
9093.77357506752	    5.239484e-16
9096.06052494049	   4.3082875e-16
9098.347474813461	    3.738586e-16
9100.634424686432	   3.8846834e-16
9102.921374559402	   3.9200346e-16
9105.208324432373	   3.6097977e-16
9107.495274305344	   3.5579166e-16
9109.782224178314	   3.8064387e-16
9112.069174051285	   3.7970407e-16
9114.356123924255	   3.4935742e-16
9116.643073797226	     3.30972e-16
9118.930023670197	   3.2801457e-16
9121.216973543167	    3.178094e-16
9123.503923416138	   3.0139235e-16
9125.790873289108	   2.9257148e-16
9128.077823162079	   2.8553512e-16
9130.36477303505	   2.6686485e-16
9132.65172290802	   2.4497516e-16
9134.93867278099	   2.3491665e-16
9137.225622653961	   2.4508747e-16
9139.512572526932	   2.7913793e-16
9141.799522399902	    3.039008e-16
9144.086472272873	   2.8551757e-16
9146.373422145844	   2.6203592e-16
9148.660372018814	   2.7615887e-16
9150.947321891785	   3.0784592e-16
9153.234271764755	   3.3271896e-16
9155.521221637726	   3.5580802e-16
9157.808171510696	   3.7949824e-16
9160.095121383667	    3.822444e-16
9162.382071256638	   3.5913183e-16
9164.669021129608	   3.6053603e-16
9166.955971002579	   4.0782469e-16
9169.24292087555	   4.4384616e-16
9171.52987074852	   4.4078327e-16
9173.81682062149	    4.371018e-16
9176.103770494461	   4.4145406e-16
9178.390720367432	   4.1025935e-16
9180.677670240402	   3.5187223e-16
9182.964620113373	   3.4146527e-16
9185.251569986343	   3.8596396e-16
9187.538519859314	   4.2364048e-16
9189.825469732285	   4.2299534e-16
9192.112419605255	   3.7401282e-16
9194.399369478226	    3.085148e-16
9196.686319351196	    2.914081e-16
9198.973269224167	   3.0029846e-16
9201.260219097137	   2.6342952e-16
9203.547168970108	   2.0843063e-16
9205.834118843079	   2.0317729e-16
9208.12106871605	    2.257597e-16
9210.40801858902	   2.2623165e-16
9212.69496846199	   2.0383627e-16
9214.981918334961	   1.7262958e-16
9217.268868207932	   1.4846877e-16
9219.555818080902	   1.4638491e-16
9221.842767953873	   1.8223981e-16
9224.129717826843	    2.581551e-16
9226.416667699814	   2.9466225e-16
9228.703617572784	   2.3671344e-16
9230.990567445755	   1.9318629e-16
9233.277517318726	   2.4296756e-16
9235.564467191696	   2.9265237e-16
9237.851417064667	   2.7988271e-16
9240.138366937637	   2.6205892e-16
9242.425316810608	   2.7854763e-16
9244.712266683578	   3.2685376e-16
9246.999216556549	   3.8253474e-16
9249.28616642952	    3.708902e-16
9251.57311630249	   2.9555634e-16
9253.86006617546	    2.845933e-16
9256.147016048431	    3.642788e-16
9258.433965921402	   4.3752534e-16
9260.720915794373	    4.583483e-16
9263.007865667343	    4.239671e-16
9265.294815540314	   3.7196652e-16
9267.581765413284	   3.8089155e-16
9269.868715286255	    4.223558e-16
9272.155665159225	    3.941722e-16
9274.442615032196	     3.40647e-16
9276.729564905167	   3.7962114e-16
9279.016514778137	    4.501175e-16
9281.303464651108	    4.231315e-16
9283.590414524078	   3.5338953e-16
9285.877364397049	    3.488807e-16
9288.16431427002	   3.4694755e-16
9290.45126414299	   2.5757817e-16
9292.73821401596	    1.831592e-16
9295.025163888931	    2.329401e-16
9297.312113761902	   3.0173153e-16
9299.599063634872	   2.7377304e-16
9301.886013507843	    1.402128e-16
9304.172963380814	   -6.300858e-17
9306.459913253784	  -1.6410985e-16
9308.746863126755	  -6.4810613e-17
9311.033812999725	   2.8824137e-17
9313.320762872696	  -2.7636038e-18
9315.607712745667	   3.2628874e-17
9317.894662618637	    2.005395e-16
9320.181612491608	   2.5995634e-16
9322.468562364578	   1.4544024e-16
9324.755512237549	   1.1210408e-16
9327.04246211052	   2.2253766e-16
9329.32941198349	   2.5713684e-16
9331.61636185646	     1.90924e-16
9333.903311729431	   2.1706306e-16
9336.190261602402	   3.6366952e-16
9338.477211475372	     5.12877e-16
9340.764161348343	    6.158346e-16
9343.051111221313	   6.7752233e-16
9345.338061094284	   6.4643437e-16
9347.625010967255	   4.4521513e-16
9349.911960840225	   1.9976097e-16
9352.198910713196	   1.2566568e-16
9354.485860586166	   2.1719299e-16
9356.772810459137	   3.7313906e-16
9359.059760332108	     5.16969e-16
9361.346710205078	   5.8460213e-16
9363.633660078049	   5.6007433e-16
9365.92060995102	   4.5760267e-16
9368.20755982399	   4.2366182e-16
9370.49450969696	   5.8041747e-16
9372.781459569931	    6.811389e-16
9375.068409442902	   5.1371013e-16
9377.355359315872	   3.6999379e-16
9379.642309188843	   4.7077927e-16
9381.929259061813	   5.0011785e-16
9384.216208934784	   2.6487033e-16
9386.503158807755	   9.2385235e-17
9388.790108680725	   1.6832212e-16
9391.077058553696	    2.583177e-16
9393.364008426666	   2.3485503e-16
9395.650958299637	   2.0999082e-16
9397.937908172607	   2.3109454e-16
9400.224858045578	   2.4736036e-16
9402.511807918549	   2.3383626e-16
9404.79875779152	   1.8956086e-16
9407.08570766449	   1.3438176e-16
9409.37265753746	   1.1392364e-16
9411.65960741043	   1.3764484e-16
9413.946557283401	   1.8162286e-16
9416.233507156372	   2.3382276e-16
9418.520457029343	    2.878519e-16
9420.807406902313	    3.451857e-16
9423.094356775284	    4.165341e-16
9425.381306648254	    4.592393e-16
9427.668256521225	   4.0862008e-16
9429.955206394196	   3.5284746e-16
9432.242156267166	    4.250195e-16
9434.529106140137	   5.2943286e-16
9436.816056013107	    5.166675e-16
9439.103005886078	   4.4153853e-16
9441.389955759048	   3.9450332e-16
9443.676905632019	   3.2200503e-16
9445.96385550499	   1.7330203e-16
9448.25080537796	     6.57535e-17
9450.53775525093	    9.361612e-17
9452.824705123901	   1.3433261e-16
9455.111654996872	    9.567137e-17
9457.398604869843	   9.8490675e-17
9459.685554742813	   2.0939805e-16
9461.972504615784	   2.9873322e-16
9464.259454488754	    2.838785e-16
9466.546404361725	   2.0224569e-16
9468.833354234695	   1.0732233e-16
9471.120304107666	    8.278968e-17
9473.407253980637	   1.4293103e-16
9475.694203853607	   1.8514123e-16
9477.981153726578	   1.7431017e-16
9480.268103599548	   1.6283291e-16
9482.555053472519	   1.7368914e-16
9484.84200334549	   2.0431517e-16
9487.12895321846	    2.424971e-16
9489.41590309143	    2.675099e-16
9491.702852964401	   2.6059527e-16
9493.989802837372	   2.0335308e-16
9496.276752710342	    1.443396e-16
9498.563702583313	   1.6923945e-16
9500.850652456284	    2.275658e-16
9503.137602329254	   2.1128566e-16
9505.424552202225	   1.9686524e-16
9507.711502075195	   3.0950767e-16
9509.998451948166	   4.5589124e-16
9512.285401821136	   4.9817226e-16
9514.572351694107	   4.4823724e-16
9516.859301567078	   3.5593095e-16
9519.146251440048	   2.7424428e-16
9521.433201313019	   2.5069367e-16
9523.72015118599	    3.017944e-16
9526.00710105896	   4.1316944e-16
9528.29405093193	    4.616748e-16
9530.581000804901	   3.7892604e-16
9532.867950677872	    3.444277e-16
9535.154900550842	    4.454127e-16
9537.441850423813	   4.4900883e-16
9539.728800296783	   2.5868834e-16
9542.015750169754	   1.0429421e-16
9544.302700042725	   1.0874268e-16
9546.589649915695	   2.0322034e-16
9548.876599788666	   2.9896642e-16
9551.163549661636	   2.6635862e-16
9553.450499534607	   1.1220091e-16
9555.737449407578	   1.4230876e-17
9558.024399280548	    3.874571e-17
9560.311349153519	   1.4677707e-16
9562.59829902649	   2.7394875e-16
9564.88524889946	     3.30004e-16
9567.17219877243	   3.1234327e-16
9569.459148645401	    2.767716e-16
9571.746098518372	   2.6065883e-16
9574.033048391342	   2.9469687e-16
9576.319998264313	    3.173128e-16
9578.606948137283	   2.3379102e-16
9580.893898010254	   1.3402139e-16
9583.180847883224	   1.5399637e-16
9585.467797756195	   2.4747296e-16
9587.754747629166	   3.2504453e-16
9590.041697502136	    3.266711e-16
9592.328647375107	   2.2191977e-16
9594.615597248077	   1.5739912e-16
9596.902547121048	   2.5900595e-16
9599.189496994019	   3.8538459e-16
9601.47644686699	   4.0358057e-16
9603.76339673996	   3.5231822e-16
9606.05034661293	    2.837403e-16
 9608.3372964859	     2.49557e-16
9610.624246358871	   2.7038583e-16
9612.911196231842	   2.7792668e-16
9615.198146104813	   2.2797156e-16
9617.485095977783	   1.2630233e-16
9619.772045850754	   2.2052901e-17
9622.058995723724	   5.2478535e-17
9624.345945596695	   2.0199225e-16
9626.632895469666	   2.2359843e-16
9628.919845342636	   1.0737882e-16
9631.206795215607	   1.2814128e-16
9633.493745088577	   2.5755236e-16
9635.780694961548	   1.8828574e-16
9638.067644834518	  -1.8711423e-17
9640.354594707489	  -4.0066257e-17
9642.64154458046	   1.0177616e-16
9644.92849445343	   1.8784082e-16
 9647.2154443264	   1.9124957e-16
9649.502394199371	   1.6869056e-16
9651.789344072342	   1.6039824e-16
9654.076293945312	   2.0391052e-16
9656.363243818283	   2.4021092e-16
9658.650193691254	   1.8976413e-16
9660.937143564224	   1.1810281e-16
9663.224093437195	   1.1430992e-16
9665.511043310165	    1.514826e-16
9667.797993183136	   1.8622854e-16
9670.084943056107	   2.3436653e-16
9672.371892929077	   3.0420016e-16
9674.658842802048	   3.3099856e-16
9676.945792675018	   2.7442298e-16
9679.232742547989	   2.0864673e-16
9681.51969242096	   1.8925415e-16
9683.80664229393	   1.8375177e-16
 9686.0935921669	   1.6696179e-16
9688.380542039871	   1.3357487e-16
9690.667491912842	   1.0254049e-16
9692.954441785812	     1.61461e-16
9695.241391658783	   2.8541082e-16
9697.528341531754	   2.4491905e-16
9699.815291404724	   5.1834396e-17
9702.102241277695	   5.4330626e-17
9704.389191150665	    2.566792e-16
9706.676141023636	   2.8721852e-16
9708.963090896606	    1.456453e-16
9711.250040769577	   1.5083407e-16
9713.536990642548	    2.598775e-16
9715.823940515518	   1.8549557e-16
9718.110890388489	   2.2560211e-17
9720.39784026146	    6.733687e-17
9722.68479013443	   2.2630137e-16
 9724.9717400074	    2.429236e-16
9727.258689880371	   1.7131934e-16
9729.545639753342	   1.6606601e-16
9731.832589626312	   1.8919381e-16
9734.119539499283	   1.6127384e-16
9736.406489372253	    1.348325e-16
9738.693439245224	    1.734997e-16
9740.980389118195	   2.0319896e-16
9743.267338991165	   1.5178842e-16
9745.554288864136	   9.5704095e-17
9747.841238737106	  1.07876435e-16
9750.128188610077	   1.6962849e-16
9752.415138483047	   2.4031378e-16
9754.702088356018	   2.1751368e-16
9756.989038228989	    7.093004e-17
9759.27598810196	   3.9246684e-18
9761.56293797493	   1.0348358e-16
 9763.8498878479	     1.48373e-16
9766.136837720871	   5.2028552e-17
9768.423787593842	   -4.665307e-19
9770.710737466812	    5.495401e-17
9772.997687339783	    9.742214e-17
9775.284637212753	    9.391638e-17
9777.571587085724	   1.1242315e-16
9779.858536958694	   1.6718816e-16
9782.145486831665	   2.2979279e-16
9784.432436704636	   2.6422698e-16
9786.719386577606	   2.2001604e-16
9789.006336450577	   1.5389417e-16
9791.293286323547	   1.9540874e-16
9793.580236196518	   2.8764588e-16
9795.867186069489	   2.7980704e-16
9798.15413594246	   1.9462877e-16
9800.44108581543	   1.2379234e-16
 9802.7280356884	   1.1691544e-16
9805.01498556137	   2.0317144e-16
9807.301935434341	     2.85393e-16
9809.588885307312	    2.484257e-16
9811.875835180283	   1.6634037e-16
9814.162785053253	    1.418646e-16
9816.449734926224	   1.7684644e-16
9818.736684799194	     2.49871e-16
9821.023634672165	     2.96905e-16
9823.310584545135	   2.7469345e-16
9825.597534418106	   2.7987544e-16
9827.884484291077	    3.657603e-16
9830.171434164047	   3.8258914e-16
9832.458384037018	   2.5372456e-16
9834.745333909988	   1.3290642e-16
9837.032283782959	   1.0475534e-16
9839.31923365593	    7.746278e-17
 9841.6061835289	   2.0822909e-17
9843.89313340187	   2.0997121e-17
9846.180083274841	    8.552426e-17
9848.467033147812	   1.1200907e-16
9850.753983020782	    7.929711e-17
9853.040932893753	   5.9363894e-17
9855.327882766724	   7.2229226e-17
9857.614832639694	     9.28223e-17
9859.901782512665	  1.10775035e-16
9862.188732385635	   1.2349715e-16
9864.475682258606	    1.361842e-16
9866.762632131577	   1.5615121e-16
9869.049582004547	    2.003613e-16
9871.336531877518	    2.929808e-16
9873.623481750488	   3.3487985e-16
9875.910431623459	   1.9071983e-16
9878.19738149643	   1.8064452e-17
 9880.4843313694	   4.4275898e-17
9882.77128124237	   1.6477501e-16
9885.058231115341	   2.0647147e-16
9887.345180988312	    1.722435e-16
9889.632130861282	  1.01411536e-16
9891.919080734253	   3.8711285e-17
9894.206030607224	   2.5251169e-17
9896.492980480194	    5.615287e-17
9898.779930353165	   1.1510429e-16
9901.066880226135	   1.8048888e-16
9903.353830099106	   2.3113144e-16
9905.640779972076	    2.530369e-16
9907.927729845047	   2.4560475e-16
9910.214679718018	   2.3994238e-16
9912.501629590988	    2.468203e-16
9914.788579463959	    2.288483e-16
9917.07552933693	   1.7481299e-16
 9919.3624792099	   1.1886274e-16
9921.64942908287	   7.8739945e-17
9923.936378955841	   4.2111576e-17
9926.223328828812	    4.249139e-17
9928.510278701782	   1.6724569e-16
9930.797228574753	    3.670933e-16
9933.084178447723	   4.7573897e-16
9935.371128320694	   4.4207594e-16
9937.658078193665	   3.0126214e-16
9939.945028066635	  1.06231484e-16
9942.231977939606	   -7.260301e-17
9944.518927812576	   -1.922651e-16
9946.805877685547	  -2.3957416e-16
9949.092827558517	  -1.3911374e-16
9951.379777431488	   1.8803369e-16
9953.666727304459	   4.2833257e-16
9955.95367717743	   2.1122573e-16
 9958.2406270504	  -1.0827363e-16
9960.52757692337	   -7.184435e-17
9962.814526796341	    7.575861e-17
9965.101476669312	    3.076163e-17
9967.388426542282	  -1.6654962e-17
9969.675376415253	   1.1065151e-16
9971.962326288223	   2.1750783e-16
9974.249276161194	   1.6035813e-16
9976.536226034164	    1.254912e-16
9978.823175907135	   2.2588712e-16
9981.110125780106	   2.8506317e-16
9983.397075653076	   2.0835614e-16
9985.684025526047	   1.2104749e-16
9987.970975399017	    9.822623e-17
9990.257925271988	   1.1122559e-16
9992.544875144958	   1.3847011e-16
9994.831825017929	   1.7010383e-16
 9997.1187748909	   1.8187415e-16
9999.40572476387	   1.2606411e-16
