3500.6418457031214	   5.2216888e-15
3502.9295594692194	   4.9415203e-15
3505.2172732353174	   5.0740734e-15
3507.5049870014154	   4.7556843e-15
3509.7927007675135	   4.8216427e-15
3512.0804145336115	    4.862855e-15
3514.3681282997095	   5.0950683e-15
3516.6558420658075	   4.6288542e-15
3518.9435558319055	    4.812375e-15
3521.2312695980036	   4.7592367e-15
3523.5189833641016	    5.116259e-15
3525.8066971301996	    5.580232e-15
3528.0944108962976	   5.6384823e-15
3530.3821246623957	     5.83053e-15
3532.6698384284937	   5.7746323e-15
3534.9575521945917	    6.336874e-15
3537.2452659606897	    6.167092e-15
3539.5329797267877	    6.058821e-15
3541.8206934928858	    6.984065e-15
3544.108407258984	    6.938668e-15
3546.396121025082	   6.7586563e-15
3548.68383479118	    7.254244e-15
3550.971548557278	    7.093141e-15
3553.259262323376	   7.4659195e-15
3555.546976089474	    7.385468e-15
3557.834689855572	   7.6680444e-15
3560.12240362167	    7.728065e-15
3562.410117387768	   7.8652185e-15
3564.697831153866	    8.037554e-15
3566.985544919964	    7.921654e-15
3569.273258686062	    8.263339e-15
3571.56097245216	      8.0076e-15
3573.848686218258	    7.927272e-15
3576.136399984356	     7.81134e-15
3578.424113750454	    7.634136e-15
3580.711827516552	    7.951528e-15
3582.99954128265	    8.079635e-15
3585.287255048748	   8.1481105e-15
3587.574968814846	    8.148394e-15
3589.8626825809442	    8.698902e-15
3592.1503963470423	    8.750716e-15
3594.4381101131403	    9.000337e-15
3596.7258238792383	    8.822895e-15
3599.0135376453363	     8.99491e-15
3601.3012514114344	    8.690357e-15
3603.5889651775324	    8.983826e-15
3605.8766789436304	    8.894882e-15
3608.1643927097284	    8.690025e-15
3610.4521064758264	    8.796235e-15
3612.7398202419245	    9.226663e-15
3615.0275340080225	    8.946738e-15
3617.3152477741205	    8.733464e-15
3619.6029615402185	     8.80901e-15
3621.8906753063166	     9.15985e-15
3624.1783890724146	    8.986762e-15
3626.4661028385126	    9.048555e-15
3628.7538166046106	    9.458917e-15
3631.0415303707086	    8.829562e-15
3633.3292441368067	   8.7927636e-15
3635.6169579029047	    8.890045e-15
3637.9046716690027	    8.896568e-15
3640.1923854351007	    8.875055e-15
3642.4800992011988	    8.572631e-15
3644.767812967297	    8.484079e-15
3647.055526733395	    8.638309e-15
3649.343240499493	    8.136052e-15
3651.630954265591	   8.0041115e-15
3653.918668031689	    8.125653e-15
3656.206381797787	    7.513116e-15
3658.494095563885	    7.092875e-15
3660.781809329983	   6.7733985e-15
3663.069523096081	    7.193877e-15
3665.357236862179	   6.6606847e-15
3667.644950628277	   6.2614077e-15
3669.932664394375	   6.4896115e-15
3672.220378160473	    6.008006e-15
3674.508091926571	    6.189322e-15
3676.795805692669	   6.3031487e-15
3679.083519458767	    6.264792e-15
3681.371233224865	    6.531206e-15
3683.658946990963	   6.2839253e-15
3685.946660757061	   6.6061052e-15
3688.234374523159	   6.4026043e-15
3690.522088289257	   6.8214007e-15
3692.8098020553552	   6.8973177e-15
3695.0975158214533	    6.440156e-15
3697.3852295875513	   6.6526027e-15
3699.6729433536493	   6.7913492e-15
3701.9606571197473	   6.5329224e-15
3704.2483708858454	    5.720003e-15
3706.5360846519434	    6.428751e-15
3708.8237984180414	   6.1368753e-15
3711.1115121841394	   5.6935293e-15
3713.3992259502375	   5.6666182e-15
3715.6869397163355	    5.638967e-15
3717.9746534824335	   5.5683417e-15
3720.2623672485315	    5.493353e-15
3722.5500810146295	   5.2857088e-15
3724.8377947807276	   5.3361454e-15
3727.1255085468256	    5.291837e-15
3729.4132223129236	   5.3550905e-15
3731.7009360790216	    5.219364e-15
3733.9886498451197	    4.939682e-15
3736.2763636112177	   4.9903492e-15
3738.5640773773157	   4.6269835e-15
3740.8517911434137	    4.566164e-15
3743.1395049095117	   4.2508196e-15
3745.4272186756098	   4.2851833e-15
3747.714932441708	   3.9191694e-15
3750.002646207806	   3.9129907e-15
3752.290359973904	     3.90123e-15
3754.578073740002	    3.756632e-15
 3756.8657875061	    3.770923e-15
3759.153501272198	   3.3263784e-15
3761.441215038296	   3.3106558e-15
3763.728928804394	    3.373152e-15
3766.016642570492	   3.5980604e-15
3768.30435633659	   3.3616368e-15
3770.592070102688	    3.487941e-15
3772.879783868786	   3.5109562e-15
3775.167497634884	   3.1864234e-15
3777.455211400982	   3.1248803e-15
3779.74292516708	    3.419521e-15
3782.030638933178	   3.3286036e-15
3784.318352699276	   3.3465018e-15
3786.606066465374	    3.294716e-15
3788.893780231472	   3.4130805e-15
3791.18149399757	   3.2516055e-15
3793.4692077636682	   3.3172294e-15
3795.7569215297663	   3.3127387e-15
3798.0446352958643	   3.4635768e-15
3800.3323490619623	   3.2824301e-15
3802.6200628280603	   3.7093318e-15
3804.9077765941583	   3.8786664e-15
3807.1954903602564	    3.820196e-15
3809.4832041263544	   3.9309173e-15
3811.7709178924524	   4.2033506e-15
3814.0586316585504	       4.237e-15
3816.3463454246485	   4.0180134e-15
3818.6340591907465	    4.529724e-15
3820.9217729568445	    4.409519e-15
3823.2094867229425	    4.547137e-15
3825.4972004890406	    4.169645e-15
3827.7849142551386	   4.2868024e-15
3830.0726280212366	   4.3610775e-15
3832.3603417873346	   4.5327867e-15
3834.6480555534326	   4.4991853e-15
3836.9357693195307	   4.2214373e-15
3839.2234830856287	   3.9713466e-15
3841.5111968517267	   4.4183856e-15
3843.7989106178247	   4.9441627e-15
3846.0866243839228	   4.9849316e-15
3848.374338150021	   5.0204414e-15
3850.662051916119	    4.965028e-15
3852.949765682217	    5.112641e-15
3855.237479448315	    4.982313e-15
3857.525193214413	    5.075329e-15
3859.812906980511	   5.0178274e-15
3862.100620746609	   5.2861408e-15
3864.388334512707	   5.5284417e-15
3866.676048278805	   5.5783676e-15
3868.963762044903	   5.5569266e-15
3871.251475811001	   5.5436905e-15
3873.539189577099	    5.875581e-15
3875.826903343197	     5.92825e-15
3878.114617109295	    6.019149e-15
3880.402330875393	   6.1847042e-15
3882.690044641491	    6.621397e-15
3884.977758407589	   6.7486147e-15
3887.265472173687	    6.962784e-15
3889.553185939785	    7.318445e-15
3891.840899705883	    7.842724e-15
3894.128613471981	    8.231171e-15
3896.4163272380792	    8.193473e-15
3898.7040410041773	     8.53537e-15
3900.9917547702753	    8.618133e-15
3903.2794685363733	    8.859312e-15
3905.5671823024713	    9.027122e-15
3907.8548960685694	    9.494261e-15
3910.1426098346674	    9.159843e-15
3912.4303236007654	    9.432949e-15
3914.7180373668634	    9.630755e-15
3917.0057511329614	    9.484609e-15
3919.2934648990595	    9.504101e-15
3921.5811786651575	   1.0038536e-14
3923.8688924312555	    1.009033e-14
3926.1566061973535	    9.796157e-15
3928.4443199634516	   1.0439748e-14
3930.732033729549	   1.0309844e-14
3933.019747495647	    9.852522e-15
3935.307461261745	   1.0131672e-14
3937.595175027843	   1.0471349e-14
3939.882888793941	   1.0485962e-14
3942.1706025600392	   1.0718633e-14
3944.4583163261373	   1.0429161e-14
3946.7460300922353	    1.043945e-14
3949.0337438583333	   1.0610442e-14
3951.3214576244313	   1.0576692e-14
3953.6091713905294	   1.0123497e-14
3955.8968851566274	    1.019993e-14
3958.1845989227254	   9.9208675e-15
3960.4723126888234	  1.03323315e-14
3962.7600264549214	   1.0132413e-14
3965.0477402210195	   1.0074875e-14
3967.3354539871175	    9.809289e-15
3969.6231677532155	    9.652236e-15
3971.9108815193135	    9.547848e-15
3974.1985952854116	  1.01044746e-14
3976.4863090515096	   1.0020877e-14
3978.7740228176076	   1.0571298e-14
3981.0617365837056	   1.0522117e-14
3983.3494503498036	   1.0393562e-14
3985.6371641159017	  1.07225045e-14
3987.9248778819997	   1.0936308e-14
3990.2125916480977	   1.0928162e-14
3992.5003054141957	   1.0450718e-14
3994.7880191802938	   1.0296001e-14
3997.075732946392	   1.0780503e-14
3999.36344671249	    1.080162e-14
4001.651160478588	   1.0613876e-14
4003.938874244686	   1.0209537e-14
4006.226588010784	   9.6836025e-15
4008.514301776882	    9.707003e-15
4010.80201554298	      9.6163e-15
4013.089729309078	    9.318727e-15
4015.377443075176	     8.65888e-15
4017.665156841274	    7.781282e-15
4019.952870607372	    7.735866e-15
4022.24058437347	    8.102006e-15
4024.528298139568	    7.725068e-15
4026.816011905666	     8.15187e-15
4029.103725671764	    8.115236e-15
4031.391439437862	   7.5663115e-15
4033.67915320396	    7.484048e-15
4035.966866970058	    7.305889e-15
4038.254580736156	   7.3282775e-15
4040.542294502254	    7.493047e-15
4042.8300082683522	    7.173605e-15
4045.1177220344503	    7.091195e-15
4047.4054358005483	    7.116222e-15
4049.6931495666463	    7.045947e-15
4051.9808633327443	    7.123135e-15
4054.2685770988423	    6.878534e-15
4056.5562908649404	   6.5395484e-15
4058.8440046310384	    6.431883e-15
4061.1317183971364	    6.443104e-15
4063.4194321632344	   6.9578556e-15
4065.7071459293325	   6.8141645e-15
4067.9948596954305	    6.694772e-15
4070.2825734615285	   6.9381002e-15
4072.5702872276265	     7.22139e-15
4074.8580009937245	    7.155029e-15
4077.1457147598226	    7.126466e-15
4079.4334285259206	    7.193433e-15
4081.7211422920186	    7.580359e-15
4084.0088560581166	    7.312906e-15
4086.2965698242147	      7.6521e-15
4088.5842835903127	    7.907007e-15
4090.8719973564107	    8.165923e-15
4093.1597111225087	     8.23201e-15
4095.4474248886067	    8.164246e-15
4097.735138654705	    8.546378e-15
4100.022852420803	    8.652363e-15
4102.310566186901	     8.22793e-15
4104.598279952999	    8.215101e-15
4106.885993719097	    8.283037e-15
4109.173707485195	    7.928118e-15
4111.461421251293	    7.822861e-15
4113.749135017391	    7.610231e-15
4116.036848783489	    7.699351e-15
4118.324562549587	    7.379245e-15
4120.612276315685	    7.057272e-15
4122.8999900817835	     7.20502e-15
4125.187703847881	    6.972082e-15
4127.475417613979	     7.10823e-15
4129.763131380077	   6.9059833e-15
4132.050845146175	   7.0107727e-15
4134.338558912273	    6.804358e-15
4136.626272678371	   6.8750996e-15
4138.913986444469	    7.062317e-15
4141.201700210567	   7.0628923e-15
4143.489413976665	    6.868307e-15
4145.777127742763	   6.9159973e-15
4148.064841508861	   6.6703565e-15
4150.352555274959	   6.9997735e-15
4152.640269041057	    7.316238e-15
4154.927982807155	    6.970248e-15
4157.215696573253	   6.8087113e-15
4159.503410339351	   6.8844386e-15
4161.791124105449	   7.0349606e-15
4164.078837871547	    7.553236e-15
4166.366551637645	    7.349862e-15
4168.654265403743	    6.919194e-15
4170.941979169841	    6.908525e-15
4173.229692935939	   6.8352742e-15
4175.517406702037	   6.9351407e-15
4177.805120468135	   6.5419607e-15
4180.092834234233	    6.421442e-15
4182.380548000331	   6.6025875e-15
4184.668261766429	   6.4255263e-15
4186.955975532527	   6.7903912e-15
4189.243689298625	    6.658905e-15
4191.531403064723	   6.7037427e-15
4193.819116830821	   6.6938037e-15
4196.106830596919	   6.6255087e-15
4198.394544363017	    6.832386e-15
4200.682258129115	     6.98205e-15
4202.969971895213	    6.915687e-15
4205.257685661311	   7.0564557e-15
4207.545399427409	   7.1920195e-15
4209.833113193507	    7.191456e-15
4212.120826959605	    7.614805e-15
4214.4085407257035	     7.28495e-15
4216.6962544918015	   6.9209233e-15
4218.9839682578995	    7.381178e-15
4221.2716820239975	    7.252085e-15
4223.559395790096	    7.173482e-15
4225.847109556194	   6.9093502e-15
4228.134823322292	    6.536967e-15
4230.42253708839	    6.656458e-15
4232.710250854488	   6.6050985e-15
4234.997964620586	   6.8902602e-15
4237.285678386684	   6.9051363e-15
4239.573392152782	   6.7419037e-15
4241.86110591888	   6.5569735e-15
4244.148819684978	   6.7587817e-15
4246.436533451076	    6.544936e-15
4248.724247217174	    6.601081e-15
4251.011960983272	    6.588125e-15
4253.29967474937	   6.4941355e-15
4255.587388515468	   6.4545177e-15
4257.875102281566	    5.974578e-15
4260.162816047664	    6.274563e-15
4262.450529813762	    6.236471e-15
4264.73824357986	   6.2635876e-15
4267.025957345958	   6.0745997e-15
4269.313671112056	   6.1742637e-15
4271.601384878154	    6.284959e-15
4273.889098644252	   6.1473717e-15
4276.17681241035	   5.8469837e-15
4278.464526176448	     6.14032e-15
4280.752239942546	   6.2407405e-15
4283.039953708644	    5.899854e-15
4285.327667474742	   6.0361063e-15
4287.61538124084	     5.91241e-15
4289.903095006938	    5.782283e-15
4292.190808773036	   5.9452243e-15
4294.478522539134	    5.709056e-15
4296.766236305232	   5.5290978e-15
4299.05395007133	     5.70511e-15
4301.341663837428	   5.6837232e-15
4303.629377603526	    5.726708e-15
4305.917091369624	    5.297351e-15
4308.204805135722	   5.3241463e-15
4310.49251890182	   5.3405775e-15
4312.780232667918	    5.494822e-15
4315.067946434016	    5.115653e-15
4317.3556602001145	   5.3095036e-15
4319.6433739662125	    5.185461e-15
4321.9310877323105	   4.9711292e-15
4324.2188014984085	   5.0757945e-15
4326.506515264507	   5.3718126e-15
4328.794229030605	    5.287723e-15
4331.081942796703	   5.1852905e-15
4333.369656562801	    5.302919e-15
4335.657370328899	   5.1023024e-15
4337.945084094997	   4.9935417e-15
4340.232797861095	    5.032717e-15
4342.520511627193	   5.1845167e-15
4344.808225393291	   4.6898033e-15
4347.095939159389	   4.7131293e-15
4349.383652925487	   4.8850647e-15
4351.671366691585	    4.776452e-15
4353.959080457683	   4.6025877e-15
4356.246794223781	     4.90083e-15
4358.534507989879	    4.924037e-15
4360.822221755977	   4.7919402e-15
4363.109935522075	   4.7813926e-15
4365.397649288173	   4.7568816e-15
4367.685363054271	   4.7378475e-15
4369.973076820369	   4.6445523e-15
4372.260790586467	    4.683326e-15
4374.548504352565	   4.4753223e-15
4376.836218118663	   4.5924254e-15
4379.123931884761	   4.6398233e-15
4381.411645650859	    4.892834e-15
4383.699359416957	   4.6353573e-15
4385.987073183055	   4.2580126e-15
4388.274786949153	   4.1052705e-15
4390.562500715251	   4.2940073e-15
4392.850214481349	    4.179529e-15
4395.137928247447	   4.0724938e-15
4397.425642013545	   4.2745014e-15
4399.713355779643	    4.085241e-15
4402.001069545741	    4.023503e-15
4404.288783311839	   3.9367017e-15
4406.576497077937	    4.086011e-15
4408.864210844035	   4.0705545e-15
4411.151924610133	    3.909509e-15
4413.439638376231	    4.097284e-15
4415.727352142329	    4.014243e-15
4418.0150659084275	   4.0328954e-15
4420.3027796745255	   3.8361317e-15
4422.5904934406235	   3.7952057e-15
4424.8782072067215	   4.0108607e-15
4427.16592097282	   3.6299834e-15
4429.453634738918	   3.6683053e-15
4431.741348505016	   3.7346983e-15
4434.029062271114	   4.0050394e-15
4436.316776037212	   3.9490506e-15
4438.60448980331	   3.7978996e-15
4440.892203569408	     3.91702e-15
4443.179917335506	    3.658461e-15
4445.467631101604	   3.6883093e-15
4447.755344867702	   3.8793004e-15
 4450.0430586338	   3.8525434e-15
4452.330772399898	    3.719596e-15
4454.618486165996	   3.8208293e-15
4456.906199932094	   3.9920985e-15
4459.193913698192	   3.7521535e-15
4461.48162746429	   4.1869423e-15
4463.769341230388	    3.890872e-15
4466.057054996486	    4.233395e-15
4468.344768762584	   4.0914643e-15
4470.632482528682	   4.2776545e-15
4472.92019629478	    4.204465e-15
4475.207910060878	   4.4030357e-15
4477.495623826976	   4.5007714e-15
4479.783337593074	   4.5225893e-15
4482.071051359172	   4.7230223e-15
4484.35876512527	    5.055735e-15
4486.646478891368	   4.6331787e-15
4488.934192657466	    4.624061e-15
4491.221906423564	   4.8260803e-15
4493.509620189662	   5.0418997e-15
4495.79733395576	   5.1307297e-15
4498.085047721858	   5.1691973e-15
4500.372761487956	   5.0416197e-15
4502.660475254054	   4.8058803e-15
4504.948189020152	    5.009578e-15
4507.23590278625	   5.2450664e-15
4509.523616552348	   5.1520898e-15
4511.811330318446	    5.326519e-15
4514.099044084544	   5.5333706e-15
4516.386757850642	     5.71421e-15
4518.67447161674	    5.574009e-15
4520.9621853828385	    5.916458e-15
4523.2498991489365	   5.7973565e-15
4525.5376129150345	   5.2906635e-15
4527.8253266811325	    5.566978e-15
4530.113040447231	     5.69486e-15
4532.400754213329	    5.802118e-15
4534.688467979427	   5.7139085e-15
4536.976181745525	     5.67719e-15
4539.263895511623	   5.7948645e-15
4541.551609277721	   6.0655568e-15
4543.839323043819	   6.1416936e-15
4546.127036809917	   6.0203197e-15
4548.414750576015	   6.0254917e-15
4550.702464342113	   6.2785195e-15
4552.990178108211	    6.041616e-15
4555.277891874309	    6.031975e-15
4557.565605640407	    6.358416e-15
4559.853319406505	     6.20266e-15
4562.141033172603	   6.5220643e-15
4564.428746938701	    6.121051e-15
4566.716460704799	    6.590895e-15
4569.004174470897	     7.20976e-15
4571.291888236995	    6.777425e-15
4573.579602003093	   6.9066427e-15
4575.867315769191	    7.115186e-15
4578.155029535289	    7.115793e-15
4580.442743301387	   6.9076846e-15
4582.730457067485	    6.667854e-15
4585.018170833583	    6.875711e-15
4587.305884599681	   7.0549425e-15
4589.593598365779	   6.8886996e-15
4591.881312131877	   6.7584666e-15
4594.169025897975	    7.007641e-15
4596.456739664073	     6.91943e-15
4598.744453430171	   7.0941974e-15
4601.032167196269	   6.8345327e-15
4603.319880962367	    6.731841e-15
4605.607594728465	    6.803601e-15
4607.895308494563	    6.804872e-15
4610.183022260661	    6.707108e-15
4612.470736026759	   6.6076155e-15
4614.758449792857	   6.7927274e-15
4617.046163558955	    6.647952e-15
4619.333877325053	   6.7905352e-15
4621.6215910911515	    6.873802e-15
4623.9093048572495	   6.7430586e-15
4626.1970186233475	    6.815652e-15
4628.4847323894455	   6.8818488e-15
4630.772446155544	   6.4966127e-15
4633.060159921642	     6.41289e-15
4635.34787368774	   6.5268314e-15
4637.635587453838	   6.4249745e-15
4639.923301219936	   6.2797197e-15
4642.211014986034	    6.869693e-15
4644.498728752132	   6.8722494e-15
4646.78644251823	   7.0315733e-15
4649.074156284328	   6.5668923e-15
4651.361870050426	   6.5321538e-15
4653.649583816524	   6.3600024e-15
4655.937297582622	   6.4101776e-15
4658.22501134872	    6.483119e-15
4660.512725114818	   6.3060112e-15
4662.800438880916	    6.659839e-15
4665.088152647014	   6.5783776e-15
4667.375866413112	   6.6191906e-15
4669.66358017921	    6.769516e-15
4671.951293945308	    6.522549e-15
4674.239007711406	   6.3006927e-15
4676.526721477504	    6.196043e-15
4678.814435243602	   6.1130215e-15
 4681.1021490097	    6.138484e-15
4683.389862775798	   6.3886698e-15
4685.677576541896	   6.1826396e-15
4687.965290307994	    6.051312e-15
4690.253004074092	    5.923164e-15
4692.54071784019	    5.523274e-15
4694.828431606288	    5.637976e-15
4697.116145372386	   5.3172176e-15
4699.403859138484	   5.1611628e-15
4701.691572904582	   5.1261617e-15
4703.97928667068	   5.0543786e-15
4706.267000436778	   5.1662094e-15
4708.554714202876	   4.9251315e-15
4710.842427968974	   4.6899194e-15
4713.130141735072	    4.618682e-15
4715.41785550117	   4.7486043e-15
4717.705569267268	    4.954797e-15
4719.993283033366	   4.6788423e-15
4722.280996799464	   4.9277438e-15
4724.5687105655625	   5.0645023e-15
4726.8564243316605	   4.5750435e-15
4729.1441380977585	    4.704653e-15
4731.4318518638565	     4.64047e-15
4733.719565629955	    5.022179e-15
4736.007279396053	    4.949777e-15
4738.294993162151	   4.7823366e-15
4740.582706928249	    4.517312e-15
4742.870420694347	   4.7902386e-15
4745.158134460445	    4.951024e-15
4747.445848226543	    4.392641e-15
4749.733561992641	   4.7574783e-15
4752.021275758739	    4.852597e-15
4754.308989524837	   4.4510823e-15
4756.596703290935	    4.673855e-15
4758.884417057032	   4.3551245e-15
4761.17213082313	    4.389554e-15
4763.459844589228	   4.5005935e-15
4765.747558355326	    4.718503e-15
4768.035272121424	     4.45786e-15
4770.322985887522	   4.5613224e-15
4772.61069965362	    4.219121e-15
4774.898413419718	   4.0655426e-15
4777.186127185816	    4.012694e-15
4779.473840951914	   4.1262367e-15
4781.761554718012	   3.7927103e-15
4784.04926848411	    3.369691e-15
4786.336982250208	    3.337093e-15
4788.624696016306	   3.4148131e-15
4790.912409782404	    3.178236e-15
4793.200123548502	   2.9869348e-15
 4795.4878373146	    2.891678e-15
4797.775551080698	   2.8083305e-15
4800.063264846796	    2.910311e-15
4802.350978612894	    2.949494e-15
4804.638692378992	   3.0607946e-15
4806.92640614509	   2.9983145e-15
4809.214119911188	   2.6922417e-15
4811.501833677286	   2.9880997e-15
4813.789547443384	   3.2388494e-15
4816.0772612094825	   3.3024637e-15
4818.3649749755805	   3.0864362e-15
4820.6526887416785	    3.447046e-15
4822.9404025077765	   3.6887302e-15
4825.228116273875	   3.5863002e-15
4827.515830039973	    3.916195e-15
4829.803543806071	   3.9034438e-15
4832.091257572169	    3.985809e-15
4834.378971338267	    3.991183e-15
4836.666685104365	   4.0399236e-15
4838.954398870463	   3.9222797e-15
4841.242112636561	   3.9485576e-15
4843.529826402659	   3.9332208e-15
4845.817540168757	   3.8028633e-15
4848.105253934855	   4.0930877e-15
4850.392967700953	   3.9639346e-15
4852.680681467051	    4.060726e-15
4854.968395233149	   4.0439343e-15
4857.256108999247	   3.8601413e-15
4859.543822765345	    4.089723e-15
4861.831536531443	    4.343962e-15
4864.119250297541	   3.8510137e-15
4866.406964063639	   3.6756114e-15
4868.694677829737	    3.666326e-15
4870.982391595835	   3.5099078e-15
4873.270105361933	   3.1761501e-15
4875.557819128031	   3.3237094e-15
4877.845532894129	   3.1968635e-15
4880.133246660227	   3.0973714e-15
4882.420960426325	   2.8954792e-15
4884.708674192423	   3.0281597e-15
4886.996387958521	   3.2585095e-15
4889.284101724619	   2.9323334e-15
4891.571815490717	   2.6332802e-15
4893.859529256815	   2.9480018e-15
4896.147243022913	   2.7826824e-15
4898.434956789011	   2.8983466e-15
4900.722670555109	   2.8996951e-15
4903.010384321207	    2.964631e-15
4905.298098087305	   2.8759943e-15
4907.585811853403	    2.818724e-15
4909.873525619501	   2.8645003e-15
4912.161239385599	   2.9083052e-15
4914.448953151697	   2.9106212e-15
4916.736666917795	   3.1210746e-15
4919.0243806838935	   3.0774977e-15
4921.3120944499915	   3.1151454e-15
4923.5998082160895	    3.349483e-15
4925.8875219821875	   3.4051123e-15
4928.175235748286	   3.2074235e-15
4930.462949514384	   3.7592893e-15
4932.750663280482	    3.876534e-15
4935.03837704658	   3.8563682e-15
4937.326090812678	   3.8674847e-15
4939.613804578776	   4.0782773e-15
4941.901518344874	   3.7460744e-15
4944.189232110972	   3.7796177e-15
4946.47694587707	    4.003903e-15
4948.764659643168	   4.1336114e-15
4951.052373409266	   4.2779602e-15
4953.340087175364	    4.230679e-15
4955.627800941462	   4.1632343e-15
4957.91551470756	    4.070471e-15
4960.203228473658	    4.123363e-15
4962.490942239756	   4.1947833e-15
4964.778656005854	   4.0814545e-15
4967.066369771952	    4.046639e-15
4969.35408353805	    4.082397e-15
4971.641797304148	   4.0301146e-15
4973.929511070246	   4.0466296e-15
4976.217224836344	   4.0021413e-15
4978.504938602442	    3.875769e-15
4980.79265236854	   3.9585094e-15
4983.080366134638	   3.9503135e-15
4985.368079900736	    3.983606e-15
4987.655793666834	    3.832248e-15
4989.943507432932	    3.891222e-15
4992.23122119903	     3.85158e-15
4994.518934965128	   3.7446535e-15
4996.806648731226	   3.6015498e-15
4999.094362497324	    3.689087e-15
5001.382076263422	    3.591297e-15
5003.66979002952	   3.4951455e-15
5005.957503795618	   3.6140562e-15
5008.245217561716	   3.6298504e-15
5010.532931327814	   3.5291736e-15
5012.820645093912	   3.5414708e-15
5015.10835886001	   3.3570707e-15
5017.396072626108	   3.0876939e-15
5019.6837863922065	   2.9786136e-15
5021.9715001583045	   3.0695856e-15
5024.2592139244025	    3.173501e-15
5026.5469276905005	     3.22556e-15
5028.834641456599	   3.1761449e-15
5031.122355222697	    3.081394e-15
5033.410068988795	   3.0263606e-15
5035.697782754893	   3.0185861e-15
5037.985496520991	   3.0449337e-15
5040.273210287089	   3.0888522e-15
5042.560924053187	   3.1320547e-15
5044.848637819285	   3.1713034e-15
5047.136351585383	   3.2065436e-15
5049.424065351481	   3.2400067e-15
5051.711779117579	    3.272544e-15
5053.999492883677	   3.2935368e-15
5056.287206649775	   3.3000952e-15
5058.574920415873	   3.3179289e-15
5060.862634181971	   3.3491352e-15
5063.150347948069	   3.3295976e-15
5065.438061714167	   3.2618705e-15
5067.725775480265	   3.2829324e-15
5070.013489246363	   3.4023192e-15
5072.301203012461	    3.430357e-15
5074.588916778559	    3.350976e-15
5076.876630544657	   3.3609884e-15
5079.164344310755	   3.4711611e-15
5081.452058076853	   3.5172747e-15
5083.739771842951	   3.4872188e-15
5086.027485609049	   3.4798936e-15
5088.315199375147	   3.5152344e-15
5090.602913141245	    3.566569e-15
5092.890626907343	   3.6353002e-15
5095.178340673441	   3.7346542e-15
5097.466054439539	   3.8061476e-15
5099.753768205637	    3.769614e-15
5102.041481971735	    3.721188e-15
5104.329195737833	    3.798973e-15
5106.616909503931	   3.8924383e-15
5108.904623270029	   3.8532084e-15
5111.192337036127	   3.7709776e-15
5113.480050802225	    3.763805e-15
5115.767764568323	   3.8385848e-15
5118.055478334421	   3.9695187e-15
5120.343192100519	   4.0416533e-15
5122.6309058666175	   3.9816922e-15
5124.9186196327155	    3.928903e-15
5127.2063333988135	   3.9905835e-15
5129.4940471649115	   4.1183813e-15
5131.78176093101	   4.2505418e-15
5134.069474697108	   4.3055053e-15
5136.357188463206	    4.269594e-15
5138.644902229304	     4.28111e-15
5140.932615995402	    4.386232e-15
 5143.2203297615	   4.4708512e-15
5145.508043527598	   4.4833966e-15
5147.795757293696	   4.4537657e-15
5150.083471059794	   4.4076346e-15
5152.371184825892	   4.3681243e-15
5154.65889859199	   4.3611867e-15
5156.946612358088	    4.415269e-15
5159.234326124186	    4.484463e-15
5161.522039890284	    4.471737e-15
5163.809753656382	   4.3959074e-15
5166.09746742248	   4.3395798e-15
5168.385181188578	    4.347579e-15
5170.672894954676	    4.444741e-15
5172.960608720774	   4.5602174e-15
5175.248322486872	   4.5947446e-15
5177.53603625297	    4.574015e-15
5179.823750019068	   4.5604817e-15
5182.111463785166	   4.6262966e-15
5184.399177551264	   4.8209443e-15
5186.686891317362	    4.992118e-15
5188.97460508346	   4.9932753e-15
5191.262318849558	   4.9489683e-15
5193.550032615656	   4.9821305e-15
5195.837746381754	   5.0112256e-15
5198.125460147852	    4.977754e-15
5200.41317391395	   4.9763105e-15
5202.700887680048	   5.0575922e-15
5204.988601446146	    5.123518e-15
5207.276315212244	   5.1252524e-15
5209.564028978342	   5.1470757e-15
5211.85174274444	    5.214379e-15
5214.139456510538	   5.2304136e-15
5216.427170276636	   5.1930633e-15
5218.714884042734	   5.2475826e-15
5221.002597808832	   5.4031783e-15
5223.2903115749305	   5.5038786e-15
5225.5780253410285	   5.5152234e-15
5227.8657391071265	     5.51583e-15
5230.1534528732245	   5.5452803e-15
5232.441166639323	   5.6215976e-15
5234.728880405421	   5.7006812e-15
5237.016594171519	   5.6943323e-15
5239.304307937617	    5.642628e-15
5241.592021703715	   5.6507618e-15
5243.879735469813	    5.700626e-15
5246.167449235911	   5.7251444e-15
5248.455163002009	   5.7348217e-15
5250.742876768107	    5.761259e-15
5253.030590534205	    5.768847e-15
5255.318304300303	   5.7163285e-15
5257.606018066401	   5.6758284e-15
5259.893731832499	   5.7197518e-15
5262.181445598597	    5.754394e-15
5264.469159364695	   5.6913867e-15
5266.756873130793	    5.615304e-15
5269.044586896891	   5.5998377e-15
5271.332300662989	   5.5884214e-15
5273.620014429087	   5.5373546e-15
5275.907728195185	    5.474148e-15
5278.195441961283	   5.4224474e-15
5280.483155727381	   5.3890608e-15
5282.770869493479	    5.376019e-15
5285.058583259577	   5.3773908e-15
5287.346297025675	    5.376103e-15
5289.634010791773	    5.340338e-15
5291.921724557871	   5.2567034e-15
5294.209438323969	   5.1332378e-15
5296.497152090067	   5.0034698e-15
5298.784865856165	   4.9323546e-15
5301.072579622263	   4.9062147e-15
5303.360293388361	   4.8372967e-15
5305.648007154459	   4.7302644e-15
5307.935720920557	    4.656641e-15
5310.223434686655	   4.6069063e-15
5312.511148452753	   4.5283495e-15
5314.798862218851	   4.4305685e-15
5317.086575984949	   4.3491745e-15
5319.374289751047	   4.2988654e-15
5321.662003517145	   4.2855784e-15
5323.949717283243	   4.2830395e-15
5326.2374310493415	   4.2577856e-15
5328.5251448154395	   4.2410186e-15
5330.8128585815375	   4.2697457e-15
5333.1005723476355	    4.287069e-15
5335.388286113734	   4.2392313e-15
5337.675999879832	   4.1878906e-15
5339.96371364593	   4.1939896e-15
5342.251427412028	    4.241701e-15
5344.539141178126	    4.305723e-15
5346.826854944224	   4.3624175e-15
5349.114568710322	    4.391532e-15
5351.40228247642	    4.378956e-15
5353.689996242518	   4.3403476e-15
5355.977710008616	   4.3641086e-15
5358.265423774714	   4.4646166e-15
5360.553137540812	   4.5070403e-15
5362.84085130691	    4.447658e-15
5365.128565073008	   4.3904174e-15
5367.416278839106	   4.3630294e-15
5369.703992605204	    4.297591e-15
5371.991706371302	   4.2008946e-15
 5374.2794201374	    4.147835e-15
5376.567133903498	    4.155086e-15
5378.854847669596	   4.1969072e-15
5381.142561435694	   4.2353024e-15
5383.430275201792	   4.2224813e-15
5385.71798896789	   4.1815797e-15
5388.005702733988	   4.1730645e-15
5390.293416500086	    4.200115e-15
5392.581130266184	   4.2421223e-15
5394.868844032282	     4.26261e-15
5397.15655779838	   4.2242236e-15
5399.444271564478	     4.18136e-15
5401.731985330576	     4.20281e-15
5404.019699096674	    4.244695e-15
5406.307412862772	     4.24816e-15
5408.59512662887	    4.212122e-15
5410.882840394968	    4.152237e-15
5413.170554161066	   4.1281074e-15
5415.458267927164	   4.1785516e-15
5417.745981693262	    4.233445e-15
5420.03369545936	   4.2341576e-15
5422.321409225458	   4.1935098e-15
5424.609122991556	   4.1357066e-15
5426.8968367576545	   4.1025507e-15
5429.1845505237525	   4.1136142e-15
5431.4722642898505	   4.1408874e-15
5433.7599780559485	    4.149353e-15
5436.0476918220465	   4.0890333e-15
5438.335405588145	    3.977029e-15
5440.623119354243	   3.9289026e-15
5442.910833120341	   3.9654724e-15
5445.198546886439	    3.998497e-15
5447.486260652537	   3.9987337e-15
5449.773974418635	   3.9883207e-15
5452.061688184733	   3.9756635e-15
5454.349401950831	   3.9609653e-15
5456.637115716929	    3.964502e-15
5458.924829483027	    4.016853e-15
5461.212543249125	   4.0750556e-15
5463.500257015223	   4.0631167e-15
5465.787970781321	    4.010863e-15
5468.075684547419	    3.986296e-15
5470.363398313517	    3.961394e-15
5472.651112079615	    3.887452e-15
5474.938825845713	    3.796169e-15
5477.226539611811	     3.73286e-15
5479.514253377909	     3.71045e-15
5481.801967144007	   3.7280656e-15
5484.089680910105	    3.741649e-15
5486.377394676203	   3.7141425e-15
5488.665108442301	   3.6836095e-15
5490.952822208399	   3.6797127e-15
5493.240535974497	     3.66279e-15
5495.528249740595	    3.610251e-15
5497.815963506693	   3.5633854e-15
5500.103677272791	   3.5450243e-15
5502.391391038889	    3.528686e-15
5504.679104804987	   3.4965895e-15
5506.966818571085	    3.451223e-15
5509.254532337183	   3.3913937e-15
5511.542246103281	   3.3070373e-15
5513.829959869379	   3.2181393e-15
5516.117673635477	    3.183655e-15
5518.405387401575	    3.201322e-15
5520.693101167673	   3.2070884e-15
5522.980814933771	   3.1776714e-15
5525.268528699869	    3.121216e-15
5527.556242465967	    3.067795e-15
5529.8439562320655	   3.0652308e-15
5532.1316699981635	   3.1001338e-15
5534.4193837642615	   3.1228932e-15
5536.7070975303595	   3.1573998e-15
5538.994811296458	   3.2554117e-15
5541.282525062556	   3.3569885e-15
5543.570238828654	    3.374173e-15
5545.857952594752	     3.35788e-15
5548.14566636085	   3.3890832e-15
5550.433380126948	    3.454874e-15
5552.721093893046	    3.523885e-15
5555.008807659144	    3.583747e-15
5557.296521425242	   3.6256563e-15
5559.58423519134	   3.6527936e-15
5561.871948957438	    3.671118e-15
5564.159662723536	   3.6830975e-15
5566.447376489634	    3.692249e-15
5568.735090255732	   3.7040835e-15
5571.02280402183	    3.722366e-15
5573.310517787928	   3.7492236e-15
5575.598231554026	    3.779434e-15
5577.885945320124	    3.790175e-15
5580.173659086222	   3.7814164e-15
5582.46137285232	     3.79398e-15
5584.749086618418	   3.8422486e-15
5587.036800384516	   3.9032155e-15
5589.324514150614	   3.9564045e-15
5591.612227916712	   3.9852045e-15
5593.89994168281	    3.978817e-15
5596.187655448908	   3.9329777e-15
5598.475369215006	   3.8682957e-15
5600.763082981104	   3.8240454e-15
5603.050796747202	    3.805736e-15
 5605.3385105133	   3.7967337e-15
5607.626224279398	    3.798709e-15
5609.913938045496	   3.8187494e-15
5612.201651811594	   3.8543108e-15
5614.489365577692	     3.89986e-15
5616.77707934379	   3.9093476e-15
5619.064793109888	    3.834836e-15
5621.352506875986	    3.751941e-15
5623.640220642084	     3.75249e-15
5625.927934408182	     3.78439e-15
5628.21564817428	   3.7797287e-15
5630.503361940378	   3.7827145e-15
5632.7910757064765	    3.827432e-15
5635.0787894725745	   3.8033838e-15
5637.3665032386725	   3.6493957e-15
5639.6542170047705	   3.5494105e-15
5641.941930770869	    3.617569e-15
5644.229644536967	   3.6961756e-15
5646.517358303065	   3.6841723e-15
5648.805072069163	   3.6581515e-15
5651.092785835261	    3.656419e-15
5653.380499601359	   3.6361363e-15
5655.668213367457	    3.588983e-15
5657.955927133555	   3.5544924e-15
5660.243640899653	   3.5510975e-15
5662.531354665751	   3.5766563e-15
5664.819068431849	   3.6019136e-15
5667.106782197947	    3.561581e-15
5669.394495964045	   3.4887144e-15
5671.682209730143	   3.5041368e-15
5673.969923496241	    3.575591e-15
5676.257637262339	     3.56814e-15
5678.545351028437	   3.4907094e-15
5680.833064794535	    3.427962e-15
5683.120778560633	   3.3993679e-15
5685.408492326731	    3.397813e-15
5687.696206092829	   3.4028731e-15
5689.983919858927	   3.3882264e-15
5692.271633625025	   3.3707342e-15
5694.559347391123	   3.3762422e-15
5696.847061157221	   3.3806976e-15
5699.134774923319	   3.3562554e-15
5701.422488689417	   3.3252678e-15
5703.710202455515	   3.3133763e-15
5705.997916221613	   3.3119395e-15
5708.285629987711	   3.3123331e-15
5710.573343753809	    3.332764e-15
5712.861057519907	   3.3775566e-15
5715.148771286005	   3.3931945e-15
5717.436485052103	   3.3567962e-15
5719.724198818201	    3.339381e-15
5722.011912584299	   3.3784138e-15
5724.299626350397	   3.4334002e-15
5726.587340116495	   3.4632617e-15
5728.875053882593	   3.4219688e-15
5731.162767648691	   3.3221854e-15
5733.4504814147895	   3.2708385e-15
5735.7381951808875	   3.2783536e-15
5738.0259089469855	   3.2336338e-15
5740.3136227130835	   3.1430117e-15
5742.601336479182	   3.1225721e-15
5744.88905024528	   3.1759765e-15
5747.176764011378	    3.223746e-15
5749.464477777476	   3.2502471e-15
5751.752191543574	   3.2765576e-15
5754.039905309672	   3.2925528e-15
5756.32761907577	   3.2784988e-15
5758.615332841868	   3.2381345e-15
5760.903046607966	    3.183736e-15
5763.190760374064	   3.1590208e-15
5765.478474140162	   3.2087239e-15
5767.76618790626	   3.2572339e-15
5770.053901672358	   3.2141997e-15
5772.341615438456	    3.145035e-15
5774.629329204554	   3.1311757e-15
5776.917042970652	   3.1422025e-15
5779.20475673675	   3.1407937e-15
5781.492470502848	   3.1369205e-15
5783.780184268946	    3.142505e-15
5786.067898035044	     3.16849e-15
5788.355611801142	   3.2142791e-15
5790.64332556724	   3.2428527e-15
5792.931039333338	   3.2315616e-15
5795.218753099436	   3.1982634e-15
5797.506466865534	     3.15909e-15
5799.794180631632	   3.1211902e-15
5802.08189439773	   3.0924307e-15
5804.369608163828	    3.080224e-15
5806.657321929926	   3.0829617e-15
5808.945035696024	   3.0876206e-15
5811.232749462122	    3.088823e-15
5813.52046322822	    3.091947e-15
5815.808176994318	    3.089217e-15
5818.095890760416	   3.0600107e-15
5820.383604526514	    3.027192e-15
5822.671318292612	   3.0432215e-15
5824.95903205871	    3.093624e-15
5827.246745824808	   3.1265252e-15
5829.534459590906	    3.136698e-15
5831.822173357004	   3.1411978e-15
5834.1098871231015	   3.1319113e-15
 5836.3976008892	   3.0959723e-15
5838.685314655298	   3.0876822e-15
5840.973028421396	   3.1677622e-15
5843.260742187494	   3.2694182e-15
5845.548455953592	   3.3100843e-15
5847.83616971969	   3.3271833e-15
5850.123883485788	   3.3692048e-15
5852.411597251886	   3.4124598e-15
5854.699311017984	   3.4373285e-15
5856.987024784082	   3.4835913e-15
5859.27473855018	   3.5730027e-15
5861.562452316278	   3.6519245e-15
5863.850166082376	    3.681151e-15
5866.137879848474	    3.671597e-15
5868.425593614572	   3.6463138e-15
5870.71330738067	   3.6507963e-15
5873.001021146768	   3.7004388e-15
5875.288734912866	   3.7544426e-15
5877.576448678964	   3.7823083e-15
5879.864162445062	   3.7655104e-15
5882.15187621116	    3.729406e-15
5884.439589977258	   3.7585253e-15
5886.727303743356	    3.841019e-15
5889.015017509454	   3.8715653e-15
5891.302731275552	   3.8262494e-15
5893.59044504165	   3.7427743e-15
5895.878158807748	   3.6633375e-15
5898.165872573846	   3.6352397e-15
5900.453586339944	   3.6589142e-15
5902.741300106042	   3.7056866e-15
5905.02901387214	   3.7707167e-15
5907.316727638238	    3.856406e-15
5909.604441404336	    3.927735e-15
5911.892155170434	    3.944523e-15
5914.179868936532	   3.9293604e-15
5916.46758270263	    3.920066e-15
5918.755296468728	   3.9100756e-15
5921.043010234826	   3.8893614e-15
5923.330724000924	    3.903571e-15
5925.618437767022	   3.9813267e-15
5927.9061515331205	   4.0164113e-15
5930.1938652992185	    3.937437e-15
5932.4815790653165	    3.883207e-15
5934.7692928314145	   3.9438426e-15
5937.057006597513	   3.9923378e-15
5939.344720363611	    3.953418e-15
5941.632434129709	   3.9145962e-15
5943.920147895807	   3.9214292e-15
5946.207861661905	   3.9287336e-15
5948.495575428003	   3.9098948e-15
5950.783289194101	    3.862251e-15
5953.071002960199	    3.806369e-15
5955.358716726297	    3.800432e-15
5957.646430492395	   3.8409234e-15
5959.934144258493	   3.8529077e-15
5962.221858024591	    3.829161e-15
5964.509571790689	   3.8232768e-15
5966.797285556787	    3.827047e-15
5969.084999322885	   3.7907613e-15
5971.372713088983	   3.7280364e-15
5973.660426855081	   3.6860985e-15
5975.948140621179	   3.6640142e-15
5978.235854387277	   3.6412735e-15
5980.523568153375	    3.601891e-15
5982.811281919473	   3.5328001e-15
5985.098995685571	   3.4877609e-15
5987.386709451669	   3.5286567e-15
5989.674423217767	    3.590968e-15
5991.962136983865	   3.5927034e-15
5994.249850749963	    3.545052e-15
5996.537564516061	   3.4807184e-15
5998.825278282159	   3.4566546e-15
6001.112992048257	   3.5098788e-15
6003.400705814355	    3.568822e-15
6005.688419580453	   3.5714704e-15
6007.976133346551	   3.5385646e-15
6010.263847112649	   3.4933538e-15
6012.551560878747	   3.4446208e-15
6014.839274644845	   3.4043432e-15
6017.126988410943	   3.3881335e-15
6019.414702177041	   3.3974708e-15
6021.702415943139	    3.410159e-15
6023.990129709237	   3.4125564e-15
6026.277843475335	   3.4037557e-15
6028.565557241433	   3.3937226e-15
6030.8532710075315	    3.409662e-15
6033.1409847736295	   3.4390488e-15
6035.4286985397275	   3.4273045e-15
6037.7164123058255	   3.3826716e-15
6040.004126071924	   3.3627333e-15
6042.291839838022	    3.371994e-15
6044.57955360412	   3.3829683e-15
6046.867267370218	   3.3756832e-15
6049.154981136316	   3.3338859e-15
6051.442694902414	   3.2795453e-15
6053.730408668512	   3.2493925e-15
6056.01812243461	    3.249231e-15
6058.305836200708	   3.2719098e-15
6060.593549966806	   3.2798359e-15
6062.881263732904	   3.2339894e-15
6065.168977499002	    3.182227e-15
 6067.4566912651	   3.1766753e-15
6069.744405031198	   3.1453414e-15
6072.032118797296	   3.0269046e-15
6074.319832563394	   2.9163842e-15
6076.607546329492	   2.8957731e-15
6078.89526009559	   2.9171486e-15
6081.182973861688	   2.9362929e-15
6083.470687627786	   2.9656743e-15
6085.758401393884	    3.005789e-15
6088.046115159982	     3.02363e-15
6090.33382892608	    3.007192e-15
6092.621542692178	   2.9860052e-15
6094.909256458276	    2.979001e-15
6097.196970224374	    2.985694e-15
6099.484683990472	   2.9986404e-15
6101.77239775657	     3.00082e-15
6104.060111522668	   2.9831058e-15
6106.347825288766	   2.9442044e-15
6108.635539054864	   2.9038377e-15
6110.923252820962	    2.901845e-15
6113.21096658706	     2.93081e-15
6115.498680353158	   2.9466013e-15
6117.786394119256	    2.951106e-15
6120.074107885354	    2.973798e-15
6122.361821651452	   2.9847228e-15
6124.64953541755	   2.9306792e-15
6126.937249183648	   2.8480433e-15
6129.224962949746	   2.8029148e-15
6131.5126767158445	   2.7894307e-15
6133.8003904819425	    2.780212e-15
6136.0881042480405	    2.760592e-15
6138.3758180141385	    2.720252e-15
6140.663531780237	   2.6749004e-15
6142.951245546335	   2.6410184e-15
6145.238959312433	   2.5993785e-15
6147.526673078531	   2.5334703e-15
6149.814386844629	   2.4623777e-15
6152.102100610727	     2.40217e-15
6154.389814376825	   2.3453173e-15
6156.677528142923	   2.2840614e-15
6158.965241909021	   2.2105061e-15
6161.252955675119	   2.1292943e-15
6163.540669441217	   2.0827987e-15
6165.828383207315	   2.0700024e-15
6168.116096973413	    1.999438e-15
6170.403810739511	   1.8563671e-15
6172.691524505609	    1.749488e-15
6174.979238271707	    1.707003e-15
6177.266952037805	   1.6547312e-15
6179.554665803903	   1.5782892e-15
6181.842379570001	   1.5206747e-15
6184.130093336099	   1.4841141e-15
6186.417807102197	   1.4412376e-15
6188.705520868295	   1.3899111e-15
6190.993234634393	   1.3433182e-15
6193.280948400491	   1.3026941e-15
6195.568662166589	   1.2632964e-15
6197.856375932687	   1.2335358e-15
6200.144089698785	   1.2264831e-15
6202.431803464883	   1.2218157e-15
6204.719517230981	   1.1907486e-15
6207.007230997079	   1.1688707e-15
6209.294944763177	    1.200918e-15
6211.582658529275	   1.2320154e-15
6213.870372295373	   1.2027463e-15
6216.158086061471	   1.1807035e-15
6218.445799827569	   1.2316308e-15
6220.733513593667	   1.2984007e-15
6223.021227359764	    1.326748e-15
6225.3089411258625	   1.3365551e-15
6227.5966548919605	   1.3507138e-15
6229.8843686580585	   1.3836684e-15
6232.1720824241565	   1.4393365e-15
6234.459796190255	   1.4880815e-15
6236.747509956353	   1.5199798e-15
6239.035223722451	   1.5763594e-15
6241.322937488549	   1.6627161e-15
6243.610651254647	   1.7176476e-15
6245.898365020745	   1.7326906e-15
6248.186078786843	   1.7755265e-15
6250.473792552941	   1.8582255e-15
6252.761506319039	   1.9300692e-15
6255.049220085137	    1.979163e-15
6257.336933851235	   2.0265253e-15
6259.624647617333	   2.0754412e-15
6261.912361383431	   2.1200083e-15
6264.200075149529	     2.14818e-15
6266.487788915627	   2.1434224e-15
6268.775502681725	    2.132455e-15
6271.063216447823	   2.1605252e-15
6273.350930213921	    2.218923e-15
6275.638643980019	    2.278381e-15
6277.926357746117	    2.316321e-15
6280.214071512215	   2.3159139e-15
6282.501785278313	   2.3191995e-15
6284.789499044411	   2.3736218e-15
6287.077212810509	    2.428514e-15
6289.364926576607	   2.4299505e-15
6291.652640342705	    2.434282e-15
6293.940354108803	   2.4913316e-15
6296.228067874901	   2.5399841e-15
6298.515781640999	   2.5334309e-15
6300.803495407097	    2.519769e-15
6303.091209173195	   2.5372997e-15
6305.378922939293	   2.5742748e-15
6307.666636705391	   2.6197988e-15
6309.954350471489	   2.6718843e-15
6312.242064237587	    2.721045e-15
6314.529778003685	   2.7456908e-15
6316.817491769783	   2.7416608e-15
6319.105205535881	   2.7298351e-15
6321.392919301979	   2.7286645e-15
6323.680633068077	    2.755673e-15
6325.9683468341755	   2.7958016e-15
6328.2560606002735	   2.7972238e-15
6330.5437743663715	   2.7667613e-15
6332.8314881324695	   2.7604016e-15
6335.119201898568	   2.7833168e-15
6337.406915664666	   2.8082914e-15
6339.694629430764	   2.8209939e-15
6341.982343196862	   2.8126214e-15
6344.27005696296	   2.7992876e-15
6346.557770729058	   2.8083727e-15
6348.845484495156	   2.8263994e-15
6351.133198261254	   2.8270205e-15
6353.420912027352	   2.8316222e-15
6355.70862579345	   2.8685012e-15
6357.996339559548	    2.902734e-15
6360.284053325646	   2.8947391e-15
6362.571767091744	    2.869007e-15
6364.859480857842	   2.8555962e-15
6367.14719462394	   2.8496994e-15
6369.434908390038	    2.844603e-15
6371.722622156136	   2.8468932e-15
6374.010335922234	    2.856475e-15
6376.298049688332	   2.8434803e-15
6378.58576345443	    2.802311e-15
6380.873477220528	    2.801264e-15
6383.161190986626	   2.8655466e-15
6385.448904752724	   2.9188347e-15
6387.736618518822	    2.925032e-15
6390.02433228492	   2.9247461e-15
6392.312046051018	   2.9321416e-15
6394.599759817116	   2.9268885e-15
6396.887473583214	   2.8974772e-15
6399.175187349312	   2.8347495e-15
6401.46290111541	   2.7702937e-15
6403.750614881508	   2.7783024e-15
6406.038328647606	   2.8331113e-15
6408.326042413704	   2.8323844e-15
6410.613756179802	    2.783716e-15
 6412.9014699459	   2.7597644e-15
6415.189183711998	   2.7693935e-15
6417.476897478096	   2.7926151e-15
6419.764611244194	    2.807685e-15
6422.052325010292	    2.792466e-15
6424.34003877639	    2.765008e-15
6426.627752542488	   2.7545594e-15
6428.9154663085865	   2.7645042e-15
6431.2031800746845	    2.789318e-15
6433.4908938407825	   2.7955026e-15
6435.7786076068805	   2.7556686e-15
6438.066321372979	   2.7273885e-15
6440.354035139077	   2.7595167e-15
6442.641748905175	   2.7883393e-15
6444.929462671273	   2.7627701e-15
6447.217176437371	   2.7319313e-15
6449.504890203469	   2.7311832e-15
6451.792603969567	   2.7308903e-15
6454.080317735665	   2.7114416e-15
6456.368031501763	   2.6799426e-15
6458.655745267861	   2.6499716e-15
6460.943459033959	   2.6510492e-15
6463.231172800057	   2.6842148e-15
6465.518886566155	   2.7012435e-15
6467.806600332253	   2.6913405e-15
6470.094314098351	    2.694295e-15
6472.382027864449	   2.7169564e-15
6474.669741630547	   2.7336987e-15
6476.957455396645	   2.7310962e-15
6479.245169162743	   2.7047975e-15
6481.532882928841	   2.6622997e-15
6483.820596694939	   2.6192309e-15
6486.108310461037	   2.5920127e-15
6488.396024227135	   2.5970593e-15
6490.683737993233	   2.6091565e-15
6492.971451759331	   2.5854188e-15
6495.259165525429	   2.5542268e-15
6497.546879291527	   2.5655167e-15
6499.834593057625	   2.5908834e-15
6502.122306823723	    2.585929e-15
6504.410020589821	   2.5672732e-15
6506.697734355919	    2.562074e-15
6508.985448122017	   2.5807739e-15
6511.273161888115	   2.6249818e-15
6513.560875654213	   2.6641115e-15
6515.848589420311	   2.6711112e-15
6518.136303186409	   2.6598721e-15
6520.424016952507	   2.6425922e-15
6522.711730718605	   2.6030316e-15
6524.999444484703	    2.540322e-15
6527.287158250801	    2.496366e-15
6529.5748720168995	   2.4952892e-15
6531.8625857829975	   2.5196274e-15
6534.1502995490955	   2.5518096e-15
6536.4380133151935	   2.5800433e-15
6538.725727081292	   2.5889352e-15
6541.01344084739	   2.5574874e-15
6543.301154613488	   2.4993465e-15
6545.588868379586	   2.4685414e-15
6547.876582145684	    2.478966e-15
6550.164295911782	    2.506461e-15
6552.45200967788	    2.530506e-15
6554.739723443978	   2.5309387e-15
6557.027437210076	    2.519392e-15
6559.315150976174	   2.5292137e-15
6561.602864742272	   2.5493322e-15
6563.89057850837	    2.546606e-15
6566.178292274468	   2.5306437e-15
6568.466006040566	   2.5271116e-15
6570.753719806664	   2.5149526e-15
6573.041433572762	   2.4639771e-15
6575.32914733886	   2.4112015e-15
6577.616861104958	   2.4032366e-15
6579.904574871056	   2.4213265e-15
6582.192288637154	    2.436635e-15
6584.480002403252	   2.4489251e-15
6586.76771616935	    2.461054e-15
6589.055429935448	   2.4753767e-15
6591.343143701546	   2.4923252e-15
6593.630857467644	   2.4988677e-15
6595.918571233742	   2.4893407e-15
6598.20628499984	   2.4876976e-15
6600.493998765938	   2.5014732e-15
6602.781712532036	   2.4885915e-15
6605.069426298134	   2.4386722e-15
6607.357140064232	   2.4119604e-15
6609.64485383033	   2.4235974e-15
6611.932567596428	   2.4095347e-15
6614.220281362526	   2.3603238e-15
6616.507995128624	   2.3416196e-15
6618.795708894722	   2.3582598e-15
6621.08342266082	    2.349372e-15
6623.371136426918	    2.317167e-15
6625.658850193016	   2.3164047e-15
6627.946563959114	   2.3466775e-15
6630.234277725212	    2.371094e-15
6632.5219914913105	   2.3784122e-15
6634.8097052574085	    2.370862e-15
6637.0974190235065	    2.351829e-15
6639.3851327896045	   2.3273257e-15
6641.672846555703	    2.298133e-15
6643.960560321801	   2.2626476e-15
6646.248274087899	    2.237102e-15
6648.535987853997	   2.2385133e-15
6650.823701620095	   2.2273348e-15
6653.111415386193	   2.1627642e-15
6655.399129152291	   2.1004852e-15
6657.686842918389	    2.097232e-15
6659.974556684487	   2.1063986e-15
6662.262270450585	   2.0850154e-15
6664.549984216683	   2.0767694e-15
6666.837697982781	   2.1114234e-15
6669.125411748879	   2.1415951e-15
6671.413125514977	   2.1376714e-15
6673.700839281075	   2.1344523e-15
6675.988553047173	   2.1505256e-15
6678.276266813271	   2.1608865e-15
6680.563980579369	    2.155818e-15
6682.851694345467	   2.1547534e-15
6685.139408111565	   2.1614883e-15
6687.427121877663	   2.1571253e-15
6689.714835643761	   2.1363723e-15
6692.002549409859	   2.1092675e-15
6694.290263175957	   2.0822666e-15
6696.577976942055	   2.0597995e-15
6698.865690708153	   2.0371214e-15
6701.153404474251	   2.0013292e-15
6703.441118240349	   1.9590225e-15
6705.728832006447	   1.9295267e-15
6708.016545772545	   1.9121148e-15
6710.304259538643	   1.8950946e-15
6712.591973304741	   1.8886971e-15
6714.879687070839	    1.910341e-15
6717.167400836937	   1.9326763e-15
6719.455114603035	   1.9184957e-15
6721.742828369133	   1.8986858e-15
6724.030542135231	   1.9152387e-15
6726.318255901329	   1.9503596e-15
6728.605969667427	    1.975967e-15
6730.893683433525	    1.971701e-15
6733.1813971996235	    1.929237e-15
6735.4691109657215	    1.899926e-15
6737.7568247318195	   1.9211243e-15
6740.0445384979175	   1.9411221e-15
6742.332252264016	   1.9198878e-15
6744.619966030114	   1.8820636e-15
6746.907679796212	   1.8461341e-15
6749.19539356231	    1.804328e-15
6751.483107328408	    1.757999e-15
6753.770821094506	   1.7248289e-15
6756.058534860604	   1.7144011e-15
6758.346248626702	   1.7258331e-15
 6760.6339623928	   1.7457464e-15
6762.921676158898	   1.7424002e-15
6765.209389924996	   1.7172401e-15
6767.497103691094	   1.7098327e-15
6769.784817457192	   1.7264795e-15
6772.07253122329	   1.7440878e-15
6774.360244989388	   1.7574218e-15
6776.647958755486	   1.7719885e-15
6778.935672521584	    1.788535e-15
6781.223386287682	   1.8069447e-15
6783.51110005378	   1.8124523e-15
6785.798813819878	   1.7846031e-15
6788.086527585976	   1.7457512e-15
6790.374241352074	   1.7322158e-15
6792.661955118172	   1.7266234e-15
6794.94966888427	   1.6985961e-15
6797.237382650368	   1.6701146e-15
6799.525096416466	   1.6681132e-15
6801.812810182564	   1.6557851e-15
6804.100523948662	   1.5986256e-15
6806.38823771476	   1.5410983e-15
6808.675951480858	   1.5254863e-15
6810.963665246956	   1.5327167e-15
6813.251379013054	   1.5422782e-15
6815.539092779152	   1.5571584e-15
6817.82680654525	   1.5742389e-15
6820.114520311348	   1.5667546e-15
6822.402234077446	   1.5328209e-15
6824.689947843544	   1.5315285e-15
6826.977661609642	     1.58117e-15
6829.26537537574	   1.6182035e-15
6831.553089141838	   1.6181836e-15
6833.840802907936	   1.6195715e-15
6836.1285166740345	   1.6299957e-15
6838.4162304401325	   1.6201424e-15
6840.7039442062305	   1.5906848e-15
6842.9916579723285	   1.5688393e-15
6845.279371738427	   1.5654056e-15
6847.567085504525	    1.580754e-15
6849.854799270623	   1.5933941e-15
6852.142513036721	   1.5672948e-15
6854.430226802819	    1.523308e-15
6856.717940568917	   1.5114026e-15
6859.005654335015	   1.5389285e-15
6861.293368101113	   1.5922271e-15
6863.581081867211	   1.6641493e-15
6865.868795633309	   1.7455205e-15
6868.156509399407	    1.787518e-15
6870.444223165505	   1.7433256e-15
6872.731936931603	   1.6445733e-15
6875.019650697701	   1.5416885e-15
6877.307364463799	   1.4705032e-15
6879.595078229897	    1.455719e-15
6881.882791995995	   1.4888009e-15
6884.170505762093	    1.547514e-15
6886.458219528191	   1.5890516e-15
6888.745933294289	   1.5849084e-15
6891.033647060387	   1.5631834e-15
6893.321360826485	   1.5431093e-15
6895.609074592583	   1.5003216e-15
6897.896788358681	   1.4364637e-15
6900.184502124779	   1.4105867e-15
6902.472215890877	   1.4386404e-15
6904.759929656975	   1.4619117e-15
6907.047643423073	   1.4557412e-15
6909.335357189171	    1.444938e-15
6911.623070955269	   1.4359961e-15
6913.910784721367	   1.4145915e-15
6916.198498487465	   1.3950328e-15
6918.486212253563	   1.4178145e-15
6920.773926019661	   1.4642089e-15
6923.061639785759	   1.4710291e-15
6925.349353551857	   1.4524809e-15
6927.637067317955	   1.4684341e-15
6929.924781084053	   1.4973216e-15
6932.212494850151	   1.4818751e-15
6934.500208616249	   1.4477905e-15
6936.7879223823475	   1.4477918e-15
6939.0756361484455	   1.4595377e-15
6941.3633499145435	   1.4425392e-15
6943.6510636806415	    1.409606e-15
6945.93877744674	   1.3830612e-15
6948.226491212838	   1.3546737e-15
6950.514204978936	   1.3156597e-15
6952.801918745034	   1.2826581e-15
6955.089632511132	   1.2708049e-15
6957.37734627723	   1.2762839e-15
6959.665060043328	   1.2912631e-15
6961.952773809426	   1.3041187e-15
6964.240487575524	   1.3061341e-15
6966.528201341622	   1.2969169e-15
6968.81591510772	    1.283203e-15
6971.103628873818	   1.2865414e-15
6973.391342639916	   1.3139586e-15
6975.679056406014	   1.3452668e-15
6977.966770172112	   1.3623027e-15
6980.25448393821	   1.3491853e-15
6982.542197704308	   1.3142303e-15
6984.829911470406	   1.2975558e-15
6987.117625236504	   1.3079206e-15
6989.405339002602	   1.3216159e-15
 6991.6930527687	   1.3244302e-15
6993.980766534798	   1.3099431e-15
6996.268480300896	   1.2756446e-15
6998.556194066994	    1.223438e-15
7000.843907833092	   1.1711717e-15
7003.13162159919	   1.1437223e-15
7005.419335365288	   1.1471307e-15
7007.707049131386	   1.1769165e-15
7009.994762897484	   1.2163963e-15
7012.282476663582	   1.2451031e-15
7014.57019042968	    1.261682e-15
7016.857904195778	     1.27098e-15
7019.145617961876	     1.27397e-15
7021.433331727974	   1.2716784e-15
7023.721045494072	   1.2630654e-15
7026.00875926017	   1.2481706e-15
7028.296473026268	   1.2320052e-15
7030.584186792366	   1.2204211e-15
7032.871900558464	   1.2275234e-15
7035.159614324562	   1.2533052e-15
7037.44732809066	   1.2476702e-15
7039.7350418567585	   1.1862855e-15
7042.0227556228565	   1.1191703e-15
7044.3104693889545	   1.0833826e-15
7046.5981831550525	   1.0805017e-15
7048.885896921151	   1.1038996e-15
7051.173610687249	   1.1330452e-15
7053.461324453347	   1.1549158e-15
7055.749038219445	   1.1700772e-15
7058.036751985543	   1.1813825e-15
7060.324465751641	   1.1954551e-15
7062.612179517739	   1.2116151e-15
7064.899893283837	   1.2203379e-15
7067.187607049935	    1.227333e-15
7069.475320816033	   1.2511748e-15
7071.763034582131	   1.2731244e-15
7074.050748348229	     1.25172e-15
7076.338462114327	   1.2137972e-15
7078.626175880425	   1.2174895e-15
7080.913889646523	   1.2354393e-15
7083.201603412621	    1.210994e-15
7085.489317178719	   1.1599097e-15
7087.777030944817	   1.1184328e-15
7090.064744710915	   1.0864817e-15
7092.352458477013	   1.0576753e-15
7094.640172243111	   1.0507956e-15
7096.927886009209	   1.0799243e-15
7099.215599775307	   1.1116945e-15
7101.503313541405	   1.1149468e-15
7103.791027307503	   1.1002348e-15
7106.078741073601	   1.0846981e-15
7108.366454839699	    1.093117e-15
7110.654168605797	   1.1343733e-15
7112.941882371895	   1.1642384e-15
7115.229596137993	   1.1593341e-15
7117.517309904091	   1.1559516e-15
7119.805023670189	   1.1735814e-15
7122.092737436287	   1.1970893e-15
7124.380451202385	   1.2125955e-15
7126.668164968483	   1.2048205e-15
7128.955878734581	   1.1801488e-15
7131.243592500679	   1.1772685e-15
7133.531306266777	   1.1923217e-15
7135.819020032875	   1.1740708e-15
7138.106733798973	   1.1306951e-15
7140.3944475650715	   1.1199726e-15
7142.6821613311695	   1.1360824e-15
7144.9698750972675	   1.1324582e-15
7147.2575888633655	   1.1024868e-15
7149.545302629464	   1.0598211e-15
7151.833016395562	   1.0247089e-15
7154.12073016166	   1.0201016e-15
7156.408443927758	   1.0291348e-15
7158.696157693856	   1.0221248e-15
7160.983871459954	    1.006794e-15
7163.271585226052	    9.998826e-16
7165.55929899215	   1.0061695e-15
7167.847012758248	   1.0258336e-15
7170.134726524346	   1.0391578e-15
7172.422440290444	   1.0295143e-15
7174.710154056542	   1.0212823e-15
7176.99786782264	   1.0347469e-15
7179.285581588738	    1.044947e-15
7181.573295354836	   1.0347367e-15
7183.861009120934	   1.0322587e-15
7186.148722887032	   1.0487977e-15
7188.43643665313	   1.0394311e-15
7190.724150419228	    9.884662e-16
7193.011864185326	    9.501378e-16
7195.299577951424	    9.456587e-16
7197.587291717522	    9.325046e-16
7199.87500548362	    9.010013e-16
7202.162719249718	    8.903093e-16
7204.450433015816	     9.03239e-16
7206.738146781914	    9.014467e-16
7209.025860548012	   8.8028645e-16
7211.31357431411	   8.6519445e-16
7213.601288080208	    8.675312e-16
7215.889001846306	    8.886061e-16
7218.176715612404	    9.267305e-16
7220.464429378502	     9.75985e-16
 7222.7521431446	   1.0296768e-15
7225.039856910698	   1.0822098e-15
7227.327570676796	   1.1099058e-15
7229.615284442894	   1.0854546e-15
7231.902998208992	   1.0517997e-15
7234.19071197509	   1.0674785e-15
7236.478425741188	   1.0893057e-15
7238.766139507286	   1.0576993e-15
7241.053853273384	    9.972337e-16
7243.3415670394825	    9.450742e-16
7245.6292808055805	    9.155047e-16
7247.9169945716785	      9.1253e-16
7250.2047083377765	    8.932346e-16
7252.492422103875	   8.3346433e-16
7254.780135869973	   8.1883543e-16
7257.067849636071	    8.915896e-16
7259.355563402169	    9.263455e-16
7261.643277168267	   8.6225694e-16
7263.930990934365	     8.22305e-16
7266.218704700463	    8.673011e-16
7268.506418466561	    9.237764e-16
7270.794132232659	    9.517995e-16
7273.081845998757	    9.643267e-16
7275.369559764855	    9.722933e-16
7277.657273530953	    9.886596e-16
7279.944987297051	   1.0159707e-15
7282.232701063149	   1.0434378e-15
7284.520414829247	   1.0616647e-15
7286.808128595345	   1.0647205e-15
7289.095842361443	   1.0409078e-15
7291.383556127541	    9.740542e-16
7293.671269893639	    9.020358e-16
7295.958983659737	    8.914633e-16
7298.246697425835	    9.193312e-16
7300.534411191933	     9.22447e-16
7302.822124958031	    9.111744e-16
7305.109838724129	    9.198544e-16
7307.397552490227	    9.217168e-16
7309.685266256325	   8.8131793e-16
7311.972980022423	    8.486783e-16
7314.260693788521	     8.79521e-16
7316.548407554619	    9.243609e-16
7318.836121320717	    9.294602e-16
7321.123835086815	    9.302815e-16
7323.411548852913	    9.608247e-16
7325.699262619011	    9.956501e-16
7327.986976385109	   1.0148541e-15
7330.274690151207	   1.0403398e-15
7332.562403917305	   1.0779296e-15
7334.850117683403	   1.0793023e-15
7337.137831449501	   1.0283821e-15
7339.425545215599	    9.868836e-16
7341.713258981697	    9.796662e-16
7344.0009727477955	     9.58897e-16
7346.2886865138935	    9.109373e-16
7348.5764002799915	    8.722985e-16
7350.8641140460895	     8.55901e-16
7353.151827812188	   8.4899113e-16
7355.439541578286	    8.456286e-16
7357.727255344384	   8.4322146e-16
7360.014969110482	    8.501857e-16
7362.30268287658	    8.859025e-16
7364.590396642678	    9.326584e-16
7366.878110408776	    9.483468e-16
7369.165824174874	    9.532905e-16
7371.453537940972	    9.981852e-16
7373.74125170707	   1.0540674e-15
7376.028965473168	   1.0634101e-15
7378.316679239266	   1.0447603e-15
7380.604393005364	   1.0385024e-15
7382.892106771462	   1.0353018e-15
7385.17982053756	   1.0169283e-15
7387.467534303658	    9.992217e-16
7389.755248069756	    9.984986e-16
7392.042961835854	    9.960194e-16
7394.330675601952	    9.729656e-16
7396.61838936805	    9.373233e-16
7398.906103134148	    8.986214e-16
7401.193816900246	   8.5619705e-16
7403.481530666344	   8.1291907e-16
7405.769244432442	   7.8454044e-16
7408.05695819854	   7.7726337e-16
7410.344671964638	   7.7050257e-16
7412.632385730736	    7.583123e-16
7414.920099496834	   7.6976697e-16
7417.207813262932	    8.086315e-16
7419.49552702903	    8.353732e-16
7421.783240795128	   8.3915115e-16
7424.070954561226	   8.4831255e-16
7426.358668327324	    8.678737e-16
7428.646382093422	   8.7920347e-16
7430.93409585952	   8.7630185e-16
7433.221809625618	   8.6162584e-16
7435.509523391716	    8.486344e-16
7437.797237157814	   8.5919915e-16
7440.084950923912	    8.831865e-16
7442.37266469001	    8.921989e-16
7444.660378456108	    8.828631e-16
7446.9480922222065	   8.6350747e-16
7449.2358059883045	    8.401659e-16
7451.5235197544025	   8.1851795e-16
7453.8112335205005	   7.9678934e-16
7456.098947286599	   7.7124007e-16
7458.386661052697	    7.416666e-16
7460.674374818795	    7.097048e-16
7462.962088584893	    6.867823e-16
7465.249802350991	   6.8227837e-16
7467.537516117089	   6.8423353e-16
7469.825229883187	    6.809614e-16
7472.112943649285	   6.7662045e-16
7474.400657415383	   6.7658377e-16
7476.688371181481	   6.8725665e-16
7478.976084947579	    7.082001e-16
7481.263798713677	    7.170191e-16
7483.551512479775	    7.052959e-16
7485.839226245873	    7.005932e-16
7488.126940011971	    7.137037e-16
7490.414653778069	   7.1896977e-16
7492.702367544167	    7.161923e-16
7494.990081310265	   7.4689534e-16
7497.277795076363	   8.0502583e-16
7499.565508842461	   8.2607613e-16
7501.853222608559	   8.0154934e-16
7504.140936374657	   7.7800654e-16
7506.428650140755	   7.6815173e-16
7508.716363906853	    7.574535e-16
7511.004077672951	    7.552456e-16
7513.291791439049	   7.8512527e-16
7515.579505205147	   8.1159134e-16
7517.867218971245	    7.720029e-16
7520.154932737343	   6.9418643e-16
7522.442646503441	     6.41947e-16
7524.730360269539	    6.209206e-16
7527.018074035637	    6.167129e-16
7529.305787801735	    6.202031e-16
7531.593501567833	   6.2233517e-16
7533.881215333931	   6.1052854e-16
7536.168929100029	    5.784413e-16
7538.456642866127	    5.666816e-16
7540.744356632225	   6.0733866e-16
7543.032070398323	    6.492463e-16
7545.319784164421	   6.4723725e-16
7547.6074979305195	   6.2033797e-16
7549.8952116966175	    5.929498e-16
7552.1829254627155	   5.8890093e-16
7554.4706392288135	    6.164502e-16
7556.758352994912	   6.4307467e-16
7559.04606676101	    6.444081e-16
7561.333780527108	   6.1549337e-16
7563.621494293206	   5.6953844e-16
7565.909208059304	   5.5289557e-16
7568.196921825402	   5.7114293e-16
 7570.4846355915	   5.7075044e-16
7572.772349357598	   5.3986905e-16
7575.060063123696	     5.12354e-16
7577.347776889794	   5.0306796e-16
7579.635490655892	   5.1166576e-16
7581.92320442199	    5.362445e-16
7584.210918188088	     5.73148e-16
7586.498631954186	    6.122541e-16
7588.786345720284	   6.3796367e-16
7591.07405948638	    6.797537e-16
7593.361773252478	   7.8553306e-16
7595.649487018576	    8.969826e-16
7597.937200784674	    9.216785e-16
7600.224914550772	    8.962354e-16
7602.51262831687	     8.90288e-16
7604.800342082968	   8.6289274e-16
7607.088055849066	   7.6321687e-16
7609.375769615164	    6.420995e-16
7611.663483381262	   5.6110755e-16
7613.95119714736	   5.4360044e-16
7616.238910913458	   5.9249955e-16
7618.526624679556	   6.4787575e-16
7620.814338445654	    6.644862e-16
7623.102052211752	    6.934921e-16
7625.38976597785	    7.609126e-16
7627.677479743948	    7.979009e-16
7629.965193510046	    7.638909e-16
7632.2529072761445	   6.8855875e-16
7634.5406210422425	    6.008892e-16
7636.8283348083405	   5.2293384e-16
7639.1160485744385	   4.6987427e-16
7641.403762340537	    4.429171e-16
7643.691476106635	   4.3688763e-16
7645.979189872733	      4.4038e-16
7648.266903638831	    4.454792e-16
7650.554617404929	    4.477949e-16
7652.842331171027	    4.537987e-16
7655.130044937125	    4.809702e-16
7657.417758703223	    5.133788e-16
7659.705472469321	    5.123086e-16
7661.993186235419	   4.9786045e-16
7664.280900001517	   5.2066004e-16
7666.568613767615	     5.59325e-16
7668.856327533713	    5.641814e-16
7671.144041299811	   5.5990577e-16
7673.431755065909	   5.9143673e-16
7675.719468832007	   6.2837457e-16
7678.007182598105	    6.272018e-16
7680.294896364203	     6.18122e-16
7682.582610130301	    6.374508e-16
7684.870323896399	     6.57411e-16
7687.158037662497	   6.4711935e-16
7689.445751428595	   6.0928864e-16
7691.733465194693	    5.544332e-16
7694.021178960791	   5.0410435e-16
7696.308892726889	    4.761997e-16
7698.596606492987	   4.7173404e-16
7700.884320259085	   4.8491546e-16
7703.172034025183	     4.97513e-16
7705.459747791281	    5.007602e-16
7707.747461557379	    5.099687e-16
7710.035175323477	   5.3051675e-16
7712.322889089575	    5.498321e-16
7714.610602855673	   5.6164976e-16
7716.898316621771	    5.667741e-16
7719.186030387869	   5.7261635e-16
7721.473744153967	    5.947424e-16
7723.761457920065	    6.324652e-16
7726.049171686163	     6.70165e-16
7728.336885452261	    6.980198e-16
7730.624599218359	   7.1013696e-16
7732.9123129844575	   7.0939973e-16
7735.2000267505555	     7.05344e-16
7737.4877405166535	    6.918283e-16
7739.7754542827515	   6.5643624e-16
7742.06316804885	   6.1066544e-16
7744.350881814948	    5.739091e-16
7746.638595581046	   5.5432663e-16
7748.926309347144	    5.543772e-16
7751.214023113242	    5.548468e-16
7753.50173687934	   5.3498696e-16
7755.789450645438	    5.109117e-16
7758.077164411536	   5.0227984e-16
7760.364878177634	    5.059666e-16
7762.652591943732	   5.1448903e-16
7764.94030570983	   5.1170526e-16
7767.228019475928	   4.9036077e-16
7769.515733242026	   4.8245784e-16
7771.803447008124	   5.0708104e-16
7774.091160774222	   5.3675345e-16
7776.37887454032	    5.500738e-16
7778.666588306418	    5.441844e-16
7780.954302072516	    5.268463e-16
7783.242015838614	   5.2600206e-16
7785.529729604712	   5.5322665e-16
7787.81744337081	    5.932945e-16
7790.105157136908	   6.3178885e-16
7792.392870903006	    6.557079e-16
7794.680584669104	    6.623848e-16
7796.968298435202	    6.601091e-16
 7799.2560122013	    6.599463e-16
7801.543725967398	   6.7585283e-16
7803.831439733496	    6.970131e-16
7806.119153499594	    6.959395e-16
7808.406867265692	    6.743291e-16
7810.69458103179	   6.4991695e-16
7812.982294797888	   6.3119535e-16
7815.270008563986	   6.2203934e-16
7817.557722330084	   6.2594136e-16
7819.845436096182	    6.442046e-16
7822.13314986228	    6.524568e-16
7824.420863628378	    6.244894e-16
7826.708577394476	   5.9622713e-16
7828.996291160574	    6.073936e-16
7831.284004926672	   6.1028756e-16
7833.57171869277	   5.6094847e-16
7835.8594324588685	    5.189056e-16
7838.1471462249665	   5.3496896e-16
7840.4348599910645	    5.697016e-16
7842.7225737571625	   5.8672506e-16
7845.010287523261	    5.928384e-16
7847.298001289359	   5.8981165e-16
7849.585715055457	    5.545819e-16
7851.873428821555	   4.9352226e-16
7854.161142587653	    4.800806e-16
7856.448856353751	   5.3047064e-16
7858.736570119849	   5.5184826e-16
7861.024283885947	    5.270706e-16
7863.311997652045	    5.529974e-16
7865.599711418143	    6.381919e-16
7867.887425184241	    6.898252e-16
7870.175138950339	   6.9322685e-16
7872.462852716437	   7.0475005e-16
7874.750566482535	   7.2726646e-16
7877.038280248633	   7.2469444e-16
7879.325994014731	    7.120895e-16
7881.613707780829	   7.3482623e-16
7883.901421546927	      7.5448e-16
7886.189135313025	   6.9546863e-16
7888.476849079123	   6.0660873e-16
7890.764562845221	   5.7970755e-16
7893.052276611319	   5.9166967e-16
7895.339990377417	   5.8742963e-16
7897.627704143515	    5.612103e-16
7899.915417909613	   5.2077544e-16
7902.203131675711	    4.971085e-16
7904.490845441809	    5.181576e-16
7906.778559207907	   5.5558103e-16
7909.066272974005	    5.793927e-16
7911.353986740103	   5.9834286e-16
7913.641700506201	    6.236612e-16
7915.929414272299	   6.6363507e-16
7918.217128038397	   7.1768657e-16
7920.504841804495	    7.550482e-16
7922.792555570593	   7.6157823e-16
7925.080269336691	    7.711051e-16
7927.367983102789	   7.9481236e-16
7929.655696868887	   7.9316954e-16
7931.943410634985	   7.5783736e-16
7934.231124401083	    7.326184e-16
7936.5188381671815	    7.250218e-16
7938.8065519332795	   6.9420105e-16
7941.0942656993775	     6.39834e-16
7943.3819794654755	   6.0337545e-16
7945.669693231574	   5.8937707e-16
7947.957406997672	    5.727261e-16
7950.24512076377	    5.498558e-16
7952.532834529868	      5.3121e-16
7954.820548295966	   5.2036516e-16
7957.108262062064	     5.16166e-16
7959.395975828162	    5.379626e-16
7961.68368959426	   6.1133947e-16
7963.971403360358	    6.880018e-16
7966.259117126456	   6.9946176e-16
7968.546830892554	   6.8569085e-16
7970.834544658652	    7.112051e-16
7973.12225842475	    7.414791e-16
7975.409972190848	     7.31443e-16
7977.697685956946	    7.362809e-16
7979.985399723044	    8.042072e-16
7982.273113489142	   8.5475746e-16
7984.56082725524	   8.1846655e-16
7986.848541021338	   7.3966337e-16
7989.136254787436	    6.670212e-16
7991.423968553534	    6.228609e-16
7993.711682319632	    6.150613e-16
7995.99939608573	   6.1176425e-16
7998.287109851828	   5.9418043e-16
8000.574823617926	    5.846759e-16
8002.862537384024	   5.8659594e-16
8005.150251150122	   5.6699766e-16
8007.43796491622	    5.212288e-16
8009.725678682318	    4.846771e-16
8012.013392448416	   4.7211356e-16
8014.301106214514	     4.73572e-16
8016.588819980612	   4.8526666e-16
8018.87653374671	    5.096542e-16
8021.164247512808	    5.320876e-16
8023.451961278906	    5.244488e-16
8025.739675045004	    5.058315e-16
8028.027388811102	    5.249179e-16
 8030.3151025772	   5.6454275e-16
8032.602816343298	   5.7535216e-16
8034.890530109396	    5.709596e-16
8037.178243875494	    5.876389e-16
8039.4659576415925	     6.07196e-16
8041.7536714076905	    5.989102e-16
8044.0413851737885	    5.755542e-16
8046.3290989398865	    5.591088e-16
8048.616812705985	   5.6422453e-16
8050.904526472083	     5.97354e-16
8053.192240238181	   6.2445334e-16
8055.479954004279	    6.138894e-16
8057.767667770377	   5.8077036e-16
8060.055381536475	    5.434161e-16
8062.343095302573	   5.0372584e-16
8064.630809068671	   4.6604494e-16
8066.918522834769	   4.4530264e-16
8069.206236600867	    4.444527e-16
8071.493950366965	   4.3829341e-16
8073.781664133063	    4.127172e-16
8076.069377899161	   3.7641927e-16
8078.357091665259	   3.4390403e-16
8080.644805431357	   3.4070894e-16
8082.932519197455	    3.648212e-16
8085.220232963553	   3.7516908e-16
8087.507946729651	   3.6463487e-16
8089.795660495749	   3.6346515e-16
8092.083374261847	    3.761233e-16
8094.371088027945	   3.8596054e-16
8096.658801794043	    3.916477e-16
8098.946515560141	   4.0152263e-16
8101.234229326239	   4.1339562e-16
8103.521943092337	    4.198166e-16
8105.809656858435	   4.2567111e-16
8108.097370624533	   4.4012406e-16
8110.385084390631	    4.618002e-16
8112.672798156729	   4.8536105e-16
8114.960511922827	   4.9425844e-16
8117.248225688925	    4.725412e-16
8119.535939455023	    4.446823e-16
8121.823653221121	   4.3955083e-16
8124.111366987219	   4.3951814e-16
8126.399080753317	    4.242652e-16
8128.686794519415	   4.0916017e-16
8130.974508285513	   4.0850432e-16
8133.262222051611	   4.1345785e-16
8135.549935817709	   4.1521563e-16
8137.837649583807	    4.134524e-16
8140.1253633499055	   4.0734532e-16
8142.4130771160035	    3.934829e-16
8144.7007908821015	   3.7165524e-16
8146.9885046481995	   3.4871724e-16
8149.276218414298	   3.2706608e-16
8151.563932180396	   2.9764447e-16
8153.851645946494	   2.6680654e-16
8156.139359712592	    2.662594e-16
8158.42707347869	   2.9290542e-16
8160.714787244788	    3.003057e-16
8163.002501010886	   2.8458568e-16
8165.290214776984	   2.8349407e-16
8167.577928543082	    3.009088e-16
8169.86564230918	   3.1544616e-16
8172.153356075278	    3.248815e-16
8174.441069841376	   3.3763493e-16
8176.728783607474	   3.5323185e-16
8179.016497373572	   3.6733606e-16
8181.30421113967	   3.7935323e-16
8183.591924905768	    3.906031e-16
8185.879638671866	   3.9426004e-16
8188.167352437964	   3.8236425e-16
8190.455066204062	   3.8216856e-16
8192.74277997016	   4.2202887e-16
8195.030493736258	   4.5618876e-16
8197.318207502356	   4.3521625e-16
8199.605921268454	   3.8979599e-16
8201.893635034552	    3.561767e-16
8204.18134880065	   3.2032224e-16
8206.469062566748	    2.742764e-16
8208.756776332846	   2.6101355e-16
8211.044490098944	   2.9939759e-16
8213.332203865042	   3.2194266e-16
8215.61991763114	   2.9071852e-16
8217.907631397238	   2.5626527e-16
8220.195345163336	   2.4993946e-16
8222.483058929434	   2.5784006e-16
8224.770772695532	   2.6827257e-16
8227.05848646163	   2.7313144e-16
8229.346200227728	    2.650598e-16
8231.633913993826	    2.371862e-16
8233.921627759924	   2.0626181e-16
8236.209341526022	   2.1547347e-16
8238.49705529212	   2.6301397e-16
8240.784769058218	   3.0802943e-16
8243.072482824316	   3.3207146e-16
8245.360196590414	   3.3081713e-16
8247.647910356513	   3.2634025e-16
8249.93562412261	    3.568568e-16
8252.223337888709	   4.0226172e-16
8254.511051654807	    4.159965e-16
8256.798765420905	   4.0218938e-16
8259.086479187003	   3.8401173e-16
 8261.3741929531	    3.526322e-16
8263.661906719199	   2.9489963e-16
8265.949620485297	    2.546583e-16
8268.237334251395	    2.758409e-16
8270.525048017493	   3.0351422e-16
8272.81276178359	   2.7936515e-16
8275.100475549689	    2.393897e-16
8277.388189315787	   2.2211843e-16
8279.675903081885	   2.1386551e-16
8281.963616847983	   2.0192765e-16
8284.25133061408	   1.9348174e-16
8286.539044380179	   1.9194799e-16
8288.826758146277	   1.8880405e-16
8291.114471912375	   1.8058789e-16
8293.402185678473	   1.7626291e-16
8295.689899444571	   1.7986918e-16
8297.977613210669	   1.8501749e-16
8300.265326976767	     1.90337e-16
8302.553040742865	   2.0388881e-16
8304.840754508963	   2.1961637e-16
8307.128468275061	   2.1255691e-16
8309.41618204116	   1.8889691e-16
8311.703895807257	   1.8715233e-16
8313.991609573355	    2.051415e-16
8316.279323339453	   2.0688601e-16
8318.567037105551	    2.014205e-16
8320.85475087165	   2.2627257e-16
8323.142464637747	   2.6320993e-16
8325.430178403845	   2.6631018e-16
8327.717892169943	    2.514987e-16
8330.005605936041	   2.5913504e-16
8332.29331970214	   2.6479184e-16
8334.581033468237	   2.2836445e-16
8336.868747234335	   1.8889698e-16
8339.156461000433	   1.9767646e-16
8341.444174766531	   2.3078146e-16
8343.73188853263	   2.5218712e-16
8346.019602298727	    2.554423e-16
8348.307316064825	    2.415356e-16
8350.595029830924	   2.2793807e-16
8352.882743597022	   2.2866295e-16
8355.17045736312	    2.273538e-16
8357.458171129218	   2.1372088e-16
8359.745884895316	   2.0687843e-16
8362.033598661414	   2.1840149e-16
8364.321312427512	   2.3708344e-16
8366.60902619361	   2.5495835e-16
8368.896739959708	   2.7286065e-16
8371.184453725806	    2.903333e-16
8373.472167491904	    3.051808e-16
8375.759881258002	    3.183139e-16
 8378.0475950241	   3.3377855e-16
8380.335308790198	   3.5550465e-16
8382.623022556296	   3.8774238e-16
8384.910736322394	   4.2430427e-16
8387.198450088492	    4.503332e-16
8389.48616385459	   4.6034234e-16
8391.773877620688	    4.543281e-16
8394.061591386786	      4.5067e-16
8396.349305152884	    4.789696e-16
8398.637018918982	    5.119692e-16
8400.92473268508	   4.9758204e-16
8403.212446451178	   4.5348937e-16
8405.500160217276	   4.2194782e-16
8407.787873983374	   4.1060367e-16
8410.075587749472	   4.1559846e-16
8412.36330151557	   4.1237955e-16
8414.651015281668	   3.7636615e-16
8416.938729047766	   3.4107227e-16
8419.226442813864	   3.4036865e-16
8421.514156579962	    3.343006e-16
8423.80187034606	   2.8820315e-16
8426.089584112158	   2.3893166e-16
8428.377297878256	   2.1982398e-16
8430.665011644354	   2.2689172e-16
8432.952725410452	    2.487623e-16
8435.24043917655	   2.5982865e-16
8437.528152942648	   2.4790113e-16
8439.815866708746	   2.3639255e-16
8442.103580474844	    2.407024e-16
8444.391294240942	   2.5626736e-16
8446.67900800704	   2.8282965e-16
8448.966721773138	   3.2984805e-16
8451.254435539237	   3.8135123e-16
8453.542149305335	   3.8660553e-16
8455.829863071433	    3.558103e-16
8458.11757683753	    3.646723e-16
8460.405290603629	   4.0464948e-16
8462.693004369727	    3.974813e-16
8464.980718135825	   3.5503677e-16
8467.268431901923	   3.4655474e-16
8469.55614566802	   3.6724588e-16
8471.843859434119	   3.7540603e-16
8474.131573200217	   3.7091125e-16
8476.419286966315	   3.6944544e-16
8478.707000732413	   3.7418146e-16
8480.99471449851	   3.8438757e-16
8483.282428264609	   4.0065966e-16
8485.570142030707	   4.2159178e-16
8487.857855796805	   4.3280191e-16
8490.145569562903	   4.2065546e-16
8492.433283329001	   3.8122383e-16
8494.720997095099	   3.2094176e-16
8497.008710861197	   2.8728885e-16
8499.296424627295	   3.1482221e-16
8501.584138393393	   3.6789362e-16
8503.871852159491	   4.0993893e-16
8506.159565925589	   4.2878753e-16
8508.447279691687	     4.22577e-16
8510.734993457785	   4.1110906e-16
8513.022707223883	   4.1332563e-16
8515.310420989981	   4.4505716e-16
8517.59813475608	   4.9574075e-16
8519.885848522177	   5.0416555e-16
8522.173562288275	    4.684864e-16
8524.461276054373	   4.7360397e-16
8526.748989820471	   5.3859993e-16
8529.03670358657	   6.1029015e-16
8531.324417352667	   6.5323033e-16
8533.612131118765	    6.436076e-16
8535.899844884863	    6.056937e-16
8538.187558650961	    6.023687e-16
8540.47527241706	   6.3197636e-16
8542.762986183157	     6.53386e-16
8545.050699949255	    6.563183e-16
8547.338413715353	    6.448389e-16
8549.626127481451	     6.18316e-16
8551.91384124755	   5.7748043e-16
8554.201555013648	   5.3558174e-16
8556.489268779746	   5.0754235e-16
8558.776982545844	   5.0522694e-16
8561.064696311942	   5.3338115e-16
8563.35241007804	     5.42096e-16
8565.640123844138	    4.875417e-16
8567.927837610236	   4.3822642e-16
8570.215551376334	    4.548202e-16
8572.503265142432	    4.676499e-16
8574.79097890853	   4.2468448e-16
8577.078692674628	    4.004997e-16
8579.366406440726	    4.386626e-16
8581.654120206824	    4.599593e-16
8583.941833972922	   4.2505834e-16
8586.22954773902	   4.0232035e-16
8588.517261505118	   4.3038157e-16
8590.804975271216	    4.872605e-16
8593.092689037314	    5.526143e-16
8595.380402803412	    6.074386e-16
8597.66811656951	    6.445878e-16
8599.955830335608	   6.7573594e-16
8602.243544101706	    7.044077e-16
8604.531257867804	    7.240891e-16
8606.818971633902	    7.398505e-16
    8609.1066854	   7.6701374e-16
8611.394399166098	    7.892213e-16
8613.682112932196	    7.686097e-16
8615.969826698294	   7.1899444e-16
8618.257540464392	     6.83959e-16
8620.54525423049	    6.459363e-16
8622.832967996588	   5.6267493e-16
8625.120681762686	   4.9190554e-16
8627.408395528784	    5.157322e-16
8629.696109294882	   5.6393373e-16
8631.98382306098	    5.368433e-16
8634.271536827078	    4.781938e-16
8636.559250593176	    4.541384e-16
8638.846964359274	    4.592326e-16
8641.134678125372	    4.765224e-16
8643.42239189147	    4.911583e-16
8645.710105657568	    4.897706e-16
8647.997819423666	    4.658664e-16
8650.285533189764	   4.2563858e-16
8652.573246955862	   4.1364256e-16
8654.86096072196	   4.5187524e-16
8657.148674488059	   4.9182613e-16
8659.436388254157	   5.0762007e-16
8661.724102020255	    5.336998e-16
8664.011815786353	    5.801547e-16
8666.29952955245	    6.133516e-16
8668.587243318549	   6.2140015e-16
8670.874957084647	    6.197905e-16
8673.162670850745	   6.2790653e-16
8675.450384616843	   6.7251616e-16
8677.73809838294	   7.4202087e-16
8680.025812149039	   7.8714343e-16
8682.313525915137	   8.0016407e-16
8684.601239681235	    8.051457e-16
8686.888953447333	    8.077337e-16
8689.17666721343	   8.0357253e-16
8691.464380979529	    7.915969e-16
8693.752094745627	    7.727767e-16
8696.039808511725	   7.3538363e-16
8698.327522277823	   6.6474563e-16
8700.615236043921	   6.0532167e-16
8702.902949810019	     6.12225e-16
8705.190663576117	    6.330739e-16
8707.478377342215	    5.989999e-16
8709.766091108313	    5.527186e-16
8712.053804874411	     5.46207e-16
8714.34151864051	    5.428673e-16
8716.629232406607	   5.0713525e-16
8718.916946172705	   4.6641906e-16
8721.204659938803	   4.4780964e-16
8723.492373704901	   4.5799024e-16
  8725.780087471	    4.902007e-16
8728.067801237097	    4.970881e-16
8730.355515003195	   4.6054526e-16
8732.643228769293	   4.4339946e-16
8734.930942535391	   4.7490554e-16
8737.21865630149	   5.1034005e-16
8739.506370067587	    5.298166e-16
8741.794083833685	   5.5398406e-16
8744.081797599783	   5.9187295e-16
8746.369511365881	    6.385799e-16
8748.65722513198	   6.9407886e-16
8750.944938898077	    7.635398e-16
8753.232652664175	   8.3035286e-16
8755.520366430273	   8.6097553e-16
8757.808080196372	    8.511379e-16
8760.09579396247	     8.16714e-16
8762.383507728568	    7.806267e-16
8764.671221494666	   7.6944505e-16
8766.958935260764	   7.7412665e-16
8769.246649026862	    7.687867e-16
8771.53436279296	   7.5326185e-16
8773.822076559058	   7.3592933e-16
8776.109790325156	   7.1689396e-16
8778.397504091254	    6.948267e-16
8780.685217857352	    6.657438e-16
8782.97293162345	   6.2670877e-16
8785.260645389548	   5.8995146e-16
8787.548359155646	    5.663456e-16
8789.836072921744	   5.3921323e-16
8792.123786687842	   4.9668265e-16
8794.41150045394	   4.6908833e-16
8796.699214220038	    4.741089e-16
8798.986927986136	   4.6873946e-16
8801.274641752234	    4.308493e-16
8803.562355518332	   4.0843045e-16
8805.85006928443	   4.2649067e-16
8808.137783050528	    4.520982e-16
8810.425496816626	   4.6799703e-16
8812.713210582724	    4.878664e-16
8815.000924348822	    5.134539e-16
8817.28863811492	    5.294275e-16
8819.576351881018	   5.3647827e-16
8821.864065647116	   5.5560094e-16
8824.151779413214	    5.818709e-16
8826.439493179312	    5.831559e-16
8828.72720694541	    5.781588e-16
8831.014920711508	   6.2303117e-16
8833.302634477606	    7.100054e-16
8835.590348243704	   7.9384515e-16
8837.878062009802	    8.373777e-16
 8840.1657757759	    8.093359e-16
8842.453489541998	    7.526285e-16
8844.741203308096	   7.3820965e-16
8847.028917074194	    7.575884e-16
8849.316630840292	   7.7591156e-16
8851.60434460639	   7.7243613e-16
8853.892058372488	    7.328488e-16
8856.179772138586	    6.806152e-16
8858.467485904685	    6.433903e-16
8860.755199670783	    5.941795e-16
8863.04291343688	    5.149459e-16
8865.330627202979	   4.8960246e-16
8867.618340969077	    5.685028e-16
8869.906054735175	   6.3250015e-16
8872.193768501273	   5.9357787e-16
8874.48148226737	    5.012327e-16
8876.769196033469	     4.10349e-16
8879.056909799567	   3.6896263e-16
8881.344623565665	   3.9305966e-16
8883.632337331763	   4.2642034e-16
8885.92005109786	    4.407779e-16
8888.207764863959	   4.6312215e-16
8890.495478630057	   4.9393276e-16
8892.783192396155	     4.99453e-16
8895.070906162253	    4.800788e-16
8897.35861992835	    4.700655e-16
8899.646333694449	   4.8508666e-16
8901.934047460547	   5.2627957e-16
8904.221761226645	    5.774278e-16
8906.509474992743	   6.0797055e-16
8908.797188758841	   6.2551403e-16
8911.084902524939	    6.604576e-16
8913.372616291037	   6.9848587e-16
8915.660330057135	   7.0591826e-16
8917.948043823233	    7.052139e-16
8920.235757589331	    7.362359e-16
8922.52347135543	   7.5482505e-16
8924.811185121527	    7.029201e-16
8927.098898887625	    6.538271e-16
8929.386612653723	    6.906429e-16
8931.674326419821	   7.3601493e-16
8933.96204018592	    7.045939e-16
8936.249753952017	    6.312124e-16
8938.537467718115	    5.615629e-16
8940.825181484213	   5.1575053e-16
8943.112895250311	   5.0146595e-16
8945.40060901641	    4.871143e-16
8947.688322782507	    4.484416e-16
8949.976036548605	   3.9354596e-16
8952.263750314703	   3.3581315e-16
8954.551464080801	   2.9624763e-16
 8956.8391778469	   2.8579424e-16
8959.126891612997	    2.958491e-16
8961.414605379096	   3.1411722e-16
8963.702319145194	   3.2304998e-16
8965.990032911292	   3.2177982e-16
8968.27774667739	    3.321535e-16
8970.565460443488	   3.5436277e-16
8972.853174209586	   3.6714368e-16
8975.140887975684	   3.7084124e-16
8977.428601741782	   3.8101583e-16
8979.71631550788	   4.0730945e-16
8982.004029273978	   4.5475023e-16
8984.291743040076	    5.112724e-16
8986.579456806174	   5.5794314e-16
8988.867170572272	    5.642145e-16
8991.15488433837	   5.0005485e-16
8993.442598104468	   4.3136926e-16
8995.730311870566	   4.4636715e-16
8998.018025636664	     5.12177e-16
9000.305739402762	   5.6558725e-16
9002.59345316886	    5.749298e-16
9004.881166934958	   5.2534423e-16
9007.168880701056	    4.725673e-16
9009.456594467154	    4.700128e-16
9011.744308233252	   4.8729726e-16
9014.03202199935	    4.905265e-16
9016.319735765448	    4.794082e-16
9018.607449531546	   4.5545565e-16
9020.895163297644	   4.1360441e-16
9023.182877063742	   3.6492832e-16
9025.47059082984	   3.6428102e-16
9027.758304595938	    4.220116e-16
9030.046018362036	   4.5327295e-16
9032.333732128134	    4.210275e-16
9034.621445894232	   3.7008484e-16
9036.90915966033	    3.350386e-16
9039.196873426428	   3.4224644e-16
9041.484587192526	   3.7236283e-16
9043.772300958624	   3.4724632e-16
9046.060014724722	   2.8198942e-16
9048.34772849082	    2.773325e-16
9050.635442256918	   3.2782356e-16
9052.923156023016	   3.5288782e-16
9055.210869789114	    3.512753e-16
9057.498583555212	    3.652426e-16
9059.78629732131	   3.8950784e-16
9062.074011087409	   3.9903285e-16
9064.361724853507	   4.0818973e-16
9066.649438619605	   4.4338993e-16
9068.937152385703	    4.686075e-16
 9071.2248661518	   4.3764803e-16
9073.512579917899	   4.1461453e-16
9075.800293683997	   4.7220086e-16
9078.088007450095	   5.3612305e-16
9080.375721216193	   5.2620005e-16
9082.66343498229	    4.963651e-16
9084.951148748389	    5.017176e-16
9087.238862514487	   5.0741244e-16
9089.526576280585	    4.892969e-16
9091.814290046683	   5.0226026e-16
9094.10200381278	    5.641492e-16
9096.389717578879	    5.626818e-16
9098.677431344977	    4.610374e-16
9100.965145111075	   4.2278233e-16
9103.252858877173	    4.951993e-16
9105.540572643271	   4.8633307e-16
9107.828286409369	    3.521429e-16
9110.116000175467	   2.8081162e-16
9112.403713941565	    3.197219e-16
9114.691427707663	   3.4542022e-16
9116.979141473761	     3.21681e-16
9119.266855239859	   2.9071492e-16
9121.554569005957	   2.7441975e-16
9123.842282772055	   2.8706704e-16
9126.129996538153	   3.0506045e-16
9128.417710304251	   2.7595785e-16
9130.70542407035	   2.3336187e-16
9132.993137836447	   2.5513985e-16
9135.280851602545	    3.027858e-16
9137.568565368643	   2.9378758e-16
9139.856279134741	   2.5446397e-16
9142.14399290084	   2.4299229e-16
9144.431706666937	   2.6865865e-16
9146.719420433035	    3.247265e-16
9149.007134199133	   3.6402061e-16
9151.29484796523	   3.4305038e-16
9153.582561731328	   3.1609374e-16
9155.870275497426	   3.3829445e-16
9158.157989263524	   3.7281406e-16
9160.445703029622	    3.849425e-16
9162.73341679572	   3.9648426e-16
9165.021130561818	    4.249252e-16
9167.308844327916	    4.648261e-16
9169.596558094014	   5.0463327e-16
9171.884271860112	   5.2164143e-16
9174.17198562621	   5.0021584e-16
9176.459699392308	    4.311655e-16
9178.747413158406	   3.4683217e-16
9181.035126924504	   3.5878577e-16
9183.322840690602	    4.608339e-16
 9185.6105544567	    4.760528e-16
9187.898268222798	   3.7401648e-16
9190.185981988896	    2.896304e-16
9192.473695754994	   2.6900512e-16
9194.761409521092	   2.8379516e-16
9197.04912328719	   3.0893272e-16
9199.336837053288	    3.155223e-16
9201.624550819386	   3.0286505e-16
9203.912264585484	   2.8981807e-16
9206.199978351582	   2.8211226e-16
9208.48769211768	   2.7902517e-16
9210.775405883778	   2.8414964e-16
9213.063119649876	   3.0088678e-16
9215.350833415974	   3.0909116e-16
9217.638547182072	   2.8597463e-16
9219.92626094817	   2.4827364e-16
9222.213974714268	   2.2142282e-16
9224.501688480366	   2.2074833e-16
9226.789402246464	   2.5303172e-16
9229.077116012562	   2.8942518e-16
9231.36482977866	    3.031305e-16
9233.652543544758	   3.0702544e-16
9235.940257310856	   3.1574913e-16
9238.227971076954	   3.2939563e-16
9240.515684843052	    3.500108e-16
9242.80339860915	    3.930112e-16
9245.091112375248	    4.517309e-16
9247.378826141347	    4.636485e-16
9249.666539907445	   4.1264467e-16
9251.954253673543	   3.7383262e-16
9254.24196743964	   3.8556082e-16
9256.529681205739	   4.2785805e-16
9258.817394971837	    4.772613e-16
9261.105108737935	    5.028233e-16
9263.392822504033	     5.00863e-16
9265.68053627013	   4.9774816e-16
9267.968250036229	    5.016535e-16
9270.255963802327	    5.104836e-16
9272.543677568425	   4.9241964e-16
9274.831391334523	    3.919495e-16
9277.11910510062	   2.7522986e-16
9279.406818866719	   2.7314057e-16
9281.694532632817	   3.1890007e-16
9283.982246398915	   2.6583226e-16
9286.269960165013	   1.8431835e-16
9288.557673931111	   2.0664977e-16
9290.845387697209	   2.7265678e-16
9293.133101463307	   2.8266088e-16
9295.420815229405	   2.6520027e-16
9297.708528995503	   2.6826402e-16
9299.996242761601	   2.8557046e-16
9302.283956527699	   3.0459678e-16
9304.571670293797	    3.293395e-16
9306.859384059895	    3.554993e-16
9309.147097825993	   3.3269202e-16
9311.434811592091	   2.3909305e-16
9313.72252535819	   1.5888285e-16
9316.010239124287	   1.4455024e-16
9318.297952890385	   1.4411137e-16
9320.585666656483	   1.2165163e-16
9322.873380422581	    8.050906e-17
9325.16109418868	   4.2424383e-17
9327.448807954777	    6.029159e-17
9329.736521720875	   1.5619756e-16
9332.024235486973	   3.2230827e-16
9334.311949253071	   4.6541464e-16
9336.59966301917	   3.8048228e-16
9338.887376785267	   1.3693415e-16
9341.175090551365	   6.5883023e-17
9343.462804317463	   1.8622538e-16
9345.750518083561	   2.8123463e-16
9348.03823184966	    3.263566e-16
9350.325945615758	    4.061235e-16
9352.613659381856	    4.832069e-16
9354.901373147954	     4.71472e-16
9357.189086914052	   4.3986352e-16
9359.47680068015	   5.0634454e-16
9361.764514446248	    6.021318e-16
9364.052228212346	    6.090494e-16
9366.339941978444	   5.4990057e-16
9368.627655744542	    4.778657e-16
9370.91536951064	     3.32932e-16
9373.203083276738	    7.493181e-17
9375.490797042836	   -7.712611e-17
9377.778510808934	   4.7275433e-17
9380.066224575032	   2.1357594e-16
9382.35393834113	   2.1985037e-16
9384.641652107228	   1.7984426e-16
9386.929365873326	   1.9047668e-16
9389.217079639424	   2.2511992e-16
9391.504793405522	   2.6191484e-16
9393.79250717162	    2.930102e-16
9396.080220937718	   3.0669014e-16
9398.367934703816	    2.868014e-16
9400.655648469914	    2.412272e-16
9402.943362236012	   2.1414901e-16
9405.23107600211	   2.2405753e-16
9407.518789768208	     2.57463e-16
9409.806503534306	    2.904064e-16
9412.094217300404	   2.8481004e-16
9414.381931066502	    2.517066e-16
 9416.6696448326	   2.4753762e-16
9418.957358598698	    2.643781e-16
9421.245072364796	   2.4905625e-16
9423.532786130894	   2.2717447e-16
9425.820499896992	   2.6677247e-16
9428.10821366309	   3.2838552e-16
9430.395927429188	   3.2645357e-16
9432.683641195286	   3.3901596e-16
9434.971354961384	   4.8667056e-16
9437.259068727482	   6.2074915e-16
9439.54678249358	   5.4961766e-16
9441.834496259678	   4.0633423e-16
9444.122210025776	   3.6996276e-16
9446.409923791874	   4.0687606e-16
9448.697637557972	   4.5209245e-16
9450.98535132407	   4.8328434e-16
9453.273065090169	   4.8157714e-16
9455.560778856267	   4.2296482e-16
9457.848492622365	   3.1618795e-16
9460.136206388463	   2.8529997e-16
9462.42392015456	   3.7883032e-16
9464.711633920659	   4.0880206e-16
9466.999347686757	   2.9001124e-16
9469.287061452855	    1.895309e-16
9471.574775218953	    1.918383e-16
9473.86248898505	   2.2839868e-16
9476.150202751149	   2.5162286e-16
9478.437916517247	   2.3639438e-16
9480.725630283345	   1.9050651e-16
9483.013344049443	   1.7160066e-16
9485.30105781554	   1.7577208e-16
9487.588771581639	   1.3312993e-16
9489.876485347737	    7.841931e-17
9492.164199113835	   1.2903617e-16
9494.451912879933	   2.2875493e-16
9496.739626646031	   2.1584594e-16
9499.027340412129	    1.441567e-16
9501.315054178227	   1.6856775e-16
9503.602767944325	   2.6193663e-16
9505.890481710423	   3.2999644e-16
9508.178195476521	   3.6157552e-16
9510.46590924262	    3.692748e-16
9512.753623008717	    3.801645e-16
9515.041336774815	   4.2022972e-16
9517.329050540913	   4.2692292e-16
9519.616764307011	     3.42501e-16
9521.90447807311	   2.5439038e-16
9524.192191839207	   2.4742965e-16
9526.479905605305	   2.8093317e-16
9528.767619371403	   3.1011364e-16
9531.055333137501	    3.288222e-16
 9533.3430469036	    3.437079e-16
9535.630760669697	   4.1830764e-16
9537.918474435795	    5.498686e-16
9540.206188201893	    5.441999e-16
9542.493901967991	    3.543795e-16
9544.78161573409	   2.5404887e-16
9547.069329500187	    3.229286e-16
9549.357043266285	     3.01707e-16
9551.644757032383	   1.5052777e-16
9553.932470798482	   1.1870287e-16
9556.22018456458	   2.4841518e-16
9558.507898330678	   3.7625264e-16
9560.795612096776	   4.1627667e-16
9563.083325862874	    3.377508e-16
9565.371039628972	   2.0187015e-16
9567.65875339507	   1.4016438e-16
9569.946467161168	   1.6317016e-16
9572.234180927266	    2.082211e-16
9574.521894693364	   2.4952357e-16
9576.809608459462	    2.786884e-16
9579.09732222556	   2.4560184e-16
9581.385035991658	   9.9241146e-17
9583.672749757756	  -1.9409724e-17
9585.960463523854	   5.8316445e-17
9588.248177289952	   2.0905394e-16
9590.53589105605	   2.6446237e-16
9592.823604822148	    2.508868e-16
9595.111318588246	   2.2632996e-16
9597.399032354344	    2.446266e-16
9599.686746120442	    3.327813e-16
9601.97445988654	    3.743528e-16
9604.262173652638	   2.9359562e-16
9606.549887418736	   2.0799856e-16
9608.837601184834	    2.082665e-16
9611.125314950932	    2.763987e-16
9613.41302871703	   3.7620277e-16
9615.700742483128	    4.397466e-16
9617.988456249226	   4.3619682e-16
9620.276170015324	   4.1133394e-16
9622.563883781422	   3.9257965e-16
9624.85159754752	   3.7541006e-16
9627.139311313618	    3.632385e-16
9629.427025079716	    3.669483e-16
9631.714738845814	   3.7352353e-16
9634.002452611912	    3.509257e-16
9636.29016637801	   2.8660866e-16
9638.577880144108	   1.8075937e-16
9640.865593910206	    8.703314e-17
9643.153307676304	   8.9778385e-17
9645.441021442402	   1.6927551e-16
 9647.7287352085	     2.52961e-16
9650.016448974598	   2.8750257e-16
9652.304162740696	   2.3276685e-16
9654.591876506795	   1.5453044e-16
9656.879590272893	   1.4827793e-16
9659.16730403899	   1.7971572e-16
9661.455017805089	   1.8634907e-16
9663.742731571187	   1.9546684e-16
9666.030445337285	   2.3860103e-16
9668.318159103383	    2.634626e-16
9670.60587286948	    2.240872e-16
9672.893586635579	   1.5692897e-16
9675.181300401677	  1.03782996e-16
9677.469014167775	    8.726163e-17
9679.756727933873	   1.1332614e-16
9682.04444169997	   1.3716916e-16
9684.332155466069	    1.349698e-16
9686.619869232167	    1.548714e-16
9688.907582998265	   2.0845982e-16
9691.195296764363	   2.2376443e-16
9693.48301053046	   1.8490017e-16
9695.770724296559	   1.6943363e-16
9698.058438062657	   2.0670854e-16
9700.346151828755	    2.641333e-16
9702.633865594853	    3.107527e-16
9704.921579360951	    3.122043e-16
9707.209293127049	    2.795054e-16
9709.497006893147	     2.68905e-16
9711.784720659245	   2.7202813e-16
9714.072434425343	    2.334266e-16
9716.360148191441	   1.7521489e-16
9718.64786195754	   1.6132507e-16
9720.935575723637	   1.7529128e-16
9723.223289489735	    1.672828e-16
9725.511003255833	   1.3619154e-16
9727.798717021931	   9.6773375e-17
9730.08643078803	    9.531223e-17
9732.374144554127	    1.767572e-16
9734.661858320225	   2.3285526e-16
9736.949572086323	   1.4848509e-16
9739.237285852421	    4.870768e-17
9741.52499961852	   6.8138976e-17
9743.812713384617	   1.3267992e-16
9746.100427150715	   1.5748754e-16
9748.388140916813	   1.4071474e-16
9750.675854682911	    9.448003e-17
9752.96356844901	    5.739045e-17
9755.251282215107	    5.581821e-17
9757.538995981206	   6.6741544e-17
9759.826709747304	    7.361867e-17
9762.114423513402	    8.130204e-17
 9764.4021372795	      9.4195e-17
9766.689851045598	    1.222217e-16
9768.977564811696	   1.5142994e-16
9771.265278577794	   1.2566238e-16
9773.552992343892	    5.579378e-17
9775.84070610999	   3.6499748e-17
9778.128419876088	    8.272723e-17
9780.416133642186	   1.3208264e-16
9782.703847408284	   1.5642814e-16
9784.991561174382	   1.5129773e-16
9787.27927494048	   1.3493725e-16
9789.566988706578	    1.435034e-16
9791.854702472676	   1.6976229e-16
9794.142416238774	   1.8213375e-16
9796.430130004872	    1.913956e-16
9798.71784377097	   2.2589082e-16
9801.005557537068	   2.3777155e-16
9803.293271303166	   1.6385184e-16
9805.580985069264	   1.1869158e-16
9807.868698835362	   2.3420874e-16
9810.15641260146	   3.6689973e-16
9812.444126367558	   3.4877815e-16
9814.731840133656	   2.3742005e-16
9817.019553899754	   1.2227065e-16
9819.307267665852	   4.7606124e-17
9821.59498143195	   4.2207344e-17
9823.882695198048	  1.00137784e-16
9826.170408964146	   1.8484006e-16
9828.458122730244	   1.7572352e-16
9830.745836496342	   3.3427067e-17
9833.03355026244	  -5.9273056e-17
9835.321264028538	   -1.738566e-18
9837.608977794636	   1.2072686e-16
9839.896691560734	   2.2528226e-16
9842.184405326832	    2.330628e-16
9844.47211909293	   1.4329001e-16
9846.759832859028	    7.259928e-17
9849.047546625126	    6.095463e-17
9851.335260391224	   5.7995764e-17
9853.622974157322	    5.353065e-17
9855.91068792342	    6.965746e-17
9858.198401689519	    9.484377e-17
9860.486115455617	    9.521501e-17
9862.773829221715	   8.2498666e-17
9865.061542987813	   9.7036425e-17
9867.34925675391	  1.09573704e-16
9869.636970520009	    6.023184e-17
9871.924684286107	    1.973825e-17
9874.212398052205	    9.659652e-17
9876.500111818303	   2.1546878e-16
 9878.7878255844	   2.5638446e-16
9881.075539350499	   2.4128146e-16
9883.363253116597	   2.2181663e-16
9885.650966882695	   2.0222147e-16
9887.938680648793	   1.8143357e-16
9890.22639441489	   1.5471181e-16
9892.514108180989	   1.2117518e-16
9894.801821947087	   1.1386862e-16
9897.089535713185	   1.5012591e-16
9899.377249479283	   1.7955226e-16
9901.664963245381	   1.6825301e-16
9903.952677011479	   1.4121578e-16
9906.240390777577	   1.2816733e-16
9908.528104543675	   1.6519095e-16
9910.815818309773	    2.557115e-16
9913.103532075871	   3.4305605e-16
9915.391245841969	   3.8355007e-16
9917.678959608067	    3.568186e-16
9919.966673374165	     2.71022e-16
9922.254387140263	   1.6916071e-16
9924.542100906361	     8.68905e-17
9926.82981467246	    5.207653e-17
9929.117528438557	    5.124088e-17
9931.405242204655	    3.301413e-17
9933.692955970753	   1.0938181e-17
9935.980669736851	    3.974369e-17
9938.26838350295	   1.1031515e-16
9940.556097269047	   1.8155257e-16
9942.843811035145	   2.1944191e-16
9945.131524801243	   1.9537847e-16
9947.419238567341	   1.3539413e-16
9949.70695233344	    8.536214e-17
9951.994666099537	   2.7771722e-17
9954.282379865635	   -6.428271e-17
9956.570093631733	  -1.2836903e-16
9958.857807397831	  -1.0221559e-16
9961.14552116393	   -4.847308e-17
9963.433234930028	  -3.3544156e-17
9965.720948696126	  -1.7688397e-17
9968.008662462224	   3.4449313e-17
9970.296376228322	    8.178976e-17
9972.58408999442	    9.812878e-17
9974.871803760518	    1.316948e-16
9977.159517526616	   1.9848164e-16
9979.447231292714	   2.1428423e-16
9981.734945058812	   1.4848828e-16
9984.02265882491	    8.960926e-17
9986.310372591008	    8.536272e-17
9988.598086357106	   1.1101671e-16
9990.885800123204	   1.4131007e-16
9993.173513889302	   1.4616799e-16
 9995.4612276554	   1.2592553e-16
9997.748941421498	    1.221632e-16
10000.036655187596	   1.3335977e-16
