3499.8691406249945	    6.089279e-15
3502.1572878360694	    5.998455e-15
3504.445435047144	    5.872773e-15
3506.733582258219	   5.9423194e-15
3509.021729469294	    6.137854e-15
3511.3098766803687	   6.0627565e-15
3513.5980238914435	    6.003961e-15
3515.8861711025183	   6.0331967e-15
3518.174318313593	   6.0161608e-15
3520.462465524668	    5.833739e-15
3522.750612735743	   5.6509896e-15
3525.0387599468177	   5.6795046e-15
3527.3269071578925	   5.5625734e-15
3529.6150543689673	   5.3721265e-15
3531.903201580042	    5.468323e-15
3534.191348791117	   5.2540857e-15
3536.479496002192	   5.2421294e-15
3538.7676432132666	   5.2075543e-15
3541.0557904243415	   4.9272622e-15
3543.3439376354163	   4.9034106e-15
3545.632084846491	    4.983325e-15
3547.920232057566	   4.9886857e-15
3550.208379268641	   4.6588354e-15
3552.4965264797156	   4.6050013e-15
3554.7846736907904	   4.7651588e-15
3557.0728209018653	   4.6834955e-15
3559.36096811294	   4.6147486e-15
3561.649115324015	    4.666795e-15
3563.9372625350898	   4.2540066e-15
3566.2254097461646	   4.3833557e-15
3568.5135569572394	   4.3123968e-15
3570.8017041683142	    4.041702e-15
3573.089851379389	   4.2454337e-15
3575.377998590464	   4.1248184e-15
3577.6661458015387	   3.9749393e-15
3579.9542930126136	    3.877193e-15
3582.2424402236884	    3.871557e-15
3584.530587434763	   3.9456688e-15
3586.818734645838	      3.6552e-15
3589.106881856913	   3.6736255e-15
3591.3950290679877	   3.4482995e-15
3593.6831762790625	   3.3838227e-15
3595.9713234901374	   3.3791168e-15
3598.259470701212	   3.1944062e-15
3600.547617912287	   3.1814579e-15
3602.835765123362	   3.2625043e-15
3605.1239123344367	   2.9239342e-15
3607.4120595455115	   2.7721836e-15
3609.7002067565863	   2.7526815e-15
3611.988353967661	   2.6852024e-15
3614.276501178736	   2.6781098e-15
3616.564648389811	    2.754703e-15
3618.8527956008857	   2.6057715e-15
3621.1409428119605	   2.3516502e-15
3623.4290900230353	   2.2107344e-15
3625.71723723411	   2.2252483e-15
3628.005384445185	   2.2395642e-15
3630.29353165626	   2.1637141e-15
3632.5816788673346	     2.13121e-15
3634.8698260784095	   1.9849736e-15
3637.1579732894843	    1.978546e-15
3639.446120500559	   1.7027249e-15
3641.734267711634	   1.7908502e-15
3644.022414922709	    1.825123e-15
3646.3105621337836	   1.7125281e-15
3648.5987093448584	    1.593863e-15
3650.8868565559333	   1.5473275e-15
3653.175003767008	   1.4857024e-15
3655.463150978083	   1.3816453e-15
3657.7512981891578	   1.2574455e-15
3660.0394454002326	   1.3779782e-15
3662.3275926113074	   1.3399666e-15
3664.6157398223822	   1.4658082e-15
3666.903887033457	   1.4483718e-15
3669.192034244532	   1.4909216e-15
3671.4801814556067	   1.4040347e-15
3673.7683286666816	   1.4013532e-15
3676.0564758777564	   1.4131925e-15
3678.344623088831	   1.3717736e-15
3680.632770299906	   1.4357867e-15
3682.920917510981	   1.3454156e-15
3685.2090647220557	   1.4182718e-15
3687.4972119331305	   1.4098386e-15
3689.7853591442054	   1.3536857e-15
3692.07350635528	   1.4779683e-15
3694.361653566355	   1.5369741e-15
3696.64980077743	    1.452143e-15
3698.9379479885047	   1.5573031e-15
3701.2260951995795	   1.5816066e-15
3703.5142424106543	    1.529181e-15
3705.802389621729	   1.7236999e-15
3708.090536832804	   1.8001174e-15
3710.378684043879	   1.8199748e-15
3712.6668312549536	   1.7687994e-15
3714.9549784660285	   1.7790834e-15
3717.2431256771033	   1.9419226e-15
3719.531272888178	    1.892446e-15
3721.819420099253	    1.800773e-15
3724.107567310328	   1.9714986e-15
3726.3957145214026	   2.1389731e-15
3728.6838617324775	    2.015384e-15
3730.9720089435523	   2.1315923e-15
3733.260156154627	   2.1225248e-15
3735.548303365702	   2.1930943e-15
3737.8364505767768	   2.3248926e-15
3740.1245977878516	   2.2612601e-15
3742.4127449989264	   2.2886248e-15
3744.7008922100013	   2.2896815e-15
3746.989039421076	   2.3452568e-15
3749.277186632151	   2.4096605e-15
3751.5653338432257	   2.5399263e-15
3753.8534810543006	   2.5791651e-15
3756.1416282653754	   2.6987099e-15
3758.4297754764502	   2.8646544e-15
3760.717922687525	   2.9165343e-15
 3763.0060698986	   2.9439608e-15
3765.2942171096747	   3.0345347e-15
3767.5823643207495	   3.1540168e-15
3769.8705115318244	    3.131769e-15
3772.158658742899	   3.2120972e-15
3774.446805953974	   3.3912919e-15
3776.734953165049	   3.4212432e-15
3779.0231003761237	   3.4177815e-15
3781.3112475871985	   3.4485966e-15
3783.5993947982734	    3.554209e-15
3785.887542009348	    3.694812e-15
3788.175689220423	   3.5812765e-15
3790.463836431498	   3.7869873e-15
3792.7519836425727	   3.7556653e-15
3795.0401308536475	   3.8221926e-15
3797.3282780647223	   3.8863862e-15
3799.616425275797	   4.1300437e-15
3801.904572486872	   4.2420363e-15
3804.192719697947	   4.2073456e-15
3806.4808669090216	    4.270721e-15
3808.7690141200965	   4.2725684e-15
3811.0571613311713	   4.4666436e-15
3813.345308542246	    4.743371e-15
3815.633455753321	   4.8736374e-15
3817.921602964396	   4.9711233e-15
3820.2097501754706	    4.876116e-15
3822.4978973865454	    5.152556e-15
3824.7860445976203	   5.4964938e-15
3827.074191808695	    5.582273e-15
3829.36233901977	   5.5457098e-15
3831.6504862308448	   5.7330116e-15
3833.9386334419196	    5.805077e-15
3836.2267806529944	   5.8605884e-15
3838.5149278640693	   5.8791972e-15
3840.803075075144	    6.020987e-15
3843.091222286219	   6.0230383e-15
3845.3793694972937	   6.1402253e-15
3847.6675167083686	    6.273914e-15
3849.9556639194434	    6.074448e-15
3852.243811130518	    6.107738e-15
3854.531958341593	   5.9824124e-15
3856.820105552668	    6.214504e-15
3859.1082527637427	    6.196237e-15
3861.3963999748175	    6.269873e-15
3863.6845471858924	    6.347741e-15
3865.972694396967	   6.3928266e-15
3868.260841608042	    6.361195e-15
3870.548988819117	    6.586099e-15
3872.8371360301917	   6.4437227e-15
3875.1252832412665	    6.504598e-15
3877.4134304523413	   6.5986632e-15
3879.701577663416	   6.7095928e-15
3881.989724874491	    6.506253e-15
3884.277872085566	    6.595243e-15
3886.5660192966407	   6.9508472e-15
3888.8541665077155	   6.9500904e-15
3891.1423137187903	    6.881522e-15
3893.430460929865	   6.9182653e-15
3895.71860814094	    7.046315e-15
3898.006755352015	   6.8583237e-15
3900.2949025630896	    6.771765e-15
3902.5830497741645	   7.0210857e-15
3904.8711969852393	    7.095282e-15
3907.159344196314	   7.2077235e-15
3909.447491407389	   6.9809576e-15
3911.735638618464	    6.956125e-15
3914.0237858295386	   7.1776835e-15
3916.3119330406134	    7.177523e-15
3918.6000802516883	    7.199284e-15
3920.888227462763	    7.158813e-15
3923.176374673838	   6.9288896e-15
3925.4645218849128	    6.929274e-15
3927.7526690959876	    6.816267e-15
3930.0408163070624	   7.0524484e-15
3932.3289635181372	    7.214806e-15
3934.617110729212	    7.283454e-15
3936.905257940287	    7.188813e-15
3939.1934051513617	    7.347968e-15
3941.4815523624366	    7.448446e-15
3943.7696995735114	    7.413139e-15
3946.057846784586	    7.297579e-15
3948.345993995661	    7.356262e-15
3950.634141206736	     7.43584e-15
3952.9222884178107	    7.367042e-15
3955.2104356288855	    7.379319e-15
3957.4985828399604	    7.262524e-15
3959.786730051035	    7.180745e-15
3962.07487726211	   6.9948137e-15
3964.363024473185	   7.0302705e-15
3966.6511716842597	    7.323133e-15
3968.9393188953345	    7.516966e-15
3971.2274661064093	    7.344998e-15
3973.515613317484	    7.265772e-15
3975.803760528559	    7.415526e-15
3978.091907739634	     7.60656e-15
3980.3800549507087	      7.5742e-15
3982.6682021617835	    7.458546e-15
3984.9563493728583	   7.3638774e-15
3987.244496583933	    7.268762e-15
3989.532643795008	   7.2347125e-15
3991.820791006083	   7.1734754e-15
3994.1089382171576	    7.258683e-15
3996.3970854282325	   7.0697495e-15
3998.6852326393073	   7.0538803e-15
4000.973379850382	   6.9170633e-15
4003.261527061457	   6.9148145e-15
4005.549674272532	    6.876342e-15
4007.8378214836066	    7.128766e-15
4010.1259686946814	   7.0531506e-15
4012.4141159057563	   7.1391376e-15
4014.702263116831	    7.087199e-15
4016.990410327906	    7.017507e-15
4019.2785575389807	    7.269447e-15
4021.5667047500556	    7.113568e-15
4023.8548519611304	    7.121379e-15
4026.1429991722052	    7.144464e-15
4028.4311463832805	   6.9667507e-15
4030.7192935943553	    7.128224e-15
4033.00744080543	    7.133141e-15
4035.295588016505	    7.033136e-15
4037.58373522758	   6.9913155e-15
4039.8718824386547	    7.154349e-15
4042.1600296497295	   7.1285835e-15
4044.4481768608043	    7.040496e-15
4046.736324071879	   6.8017144e-15
4049.024471282954	    6.929541e-15
4051.312618494029	   6.9537314e-15
4053.6007657051036	   7.0837403e-15
4055.8889129161785	    7.084202e-15
4058.1770601272533	     7.14192e-15
4060.465207338328	    7.096553e-15
4062.753354549403	   6.9289497e-15
4065.041501760478	   6.9185113e-15
4067.3296489715526	    7.047143e-15
4069.6177961826274	   7.0234862e-15
4071.9059433937023	    7.034741e-15
4074.194090604777	    7.040373e-15
4076.482237815852	    7.117762e-15
4078.7703850269268	   7.1315575e-15
4081.0585322380016	     7.29965e-15
4083.3466794490764	    7.158169e-15
4085.6348266601512	    7.238328e-15
4087.922973871226	    7.206116e-15
4090.211121082301	   7.0091875e-15
4092.4992682933757	     7.22584e-15
4094.7874155044506	    7.229399e-15
4097.075562715525	    7.198412e-15
 4099.3637099266	    7.128135e-15
4101.651857137675	    7.115092e-15
4103.940004348749	     7.18849e-15
4106.228151559824	    7.184823e-15
4108.516298770899	    7.354455e-15
4110.804445981974	    7.320489e-15
4113.092593193049	   7.2132775e-15
4115.380740404124	    7.205665e-15
4117.668887615198	   7.0094954e-15
4119.957034826273	   6.9588123e-15
4122.245182037348	   7.0195124e-15
4124.533329248423	   7.0736895e-15
4126.821476459498	     7.11618e-15
4129.109623670573	   6.9805323e-15
4131.397770881647	    7.006379e-15
4133.685918092722	    6.981294e-15
4135.974065303797	    7.111755e-15
4138.262212514872	   6.9999904e-15
4140.550359725947	   6.9303342e-15
4142.8385069370215	    6.794975e-15
4145.126654148096	     6.95599e-15
4147.414801359171	   7.0973373e-15
4149.702948570246	   6.8285014e-15
4151.991095781321	   6.7441043e-15
4154.279242992396	    6.608657e-15
4156.5673902034705	   6.5197265e-15
4158.855537414545	   6.4153915e-15
4161.14368462562	   6.3952567e-15
4163.431831836695	     6.34658e-15
4165.71997904777	   6.3127074e-15
4168.008126258845	   6.2909785e-15
4170.2962734699195	    6.372341e-15
4172.584420680994	   6.3342627e-15
4174.872567892069	   6.2095435e-15
4177.160715103144	    6.186676e-15
4179.448862314219	   6.3068303e-15
4181.737009525294	    6.104899e-15
4184.025156736368	      6.0276e-15
4186.313303947443	   6.0423997e-15
4188.601451158518	    6.022909e-15
4190.889598369593	   5.9857913e-15
4193.177745580668	   5.8130753e-15
4195.465892791743	    5.762739e-15
4197.754040002817	   5.5405306e-15
4200.042187213892	    5.607861e-15
4202.330334424967	   5.5016255e-15
4204.618481636042	   5.4372235e-15
4206.906628847117	    5.337963e-15
4209.194776058192	   5.3543515e-15
4211.482923269266	   5.1942292e-15
4213.771070480341	    5.289509e-15
4216.059217691416	   5.1455087e-15
4218.347364902491	    5.108003e-15
4220.635512113566	   4.8907394e-15
4222.9236593246405	   4.8351576e-15
4225.211806535715	    4.988371e-15
4227.49995374679	   4.7803753e-15
4229.788100957865	   4.7352725e-15
4232.07624816894	   4.7674123e-15
4234.364395380015	   4.6253534e-15
4236.6525425910895	   4.5722237e-15
4238.940689802164	   4.6166608e-15
4241.228837013239	   4.6170466e-15
4243.516984224314	    4.498947e-15
4245.805131435389	   4.5526136e-15
4248.093278646464	   4.4031907e-15
4250.3814258575385	   4.4432862e-15
4252.669573068613	   4.3971047e-15
4254.957720279688	    4.439491e-15
4257.245867490763	   4.2203772e-15
4259.534014701838	   4.3142785e-15
4261.822161912913	   4.1559604e-15
4264.1103091239875	   4.2309423e-15
4266.398456335062	     4.12062e-15
4268.686603546137	    4.248524e-15
4270.974750757212	   4.0784247e-15
4273.262897968287	   3.9623147e-15
4275.551045179362	   3.9234786e-15
4277.839192390436	   3.9551907e-15
4280.127339601511	    3.942839e-15
4282.415486812586	    3.796805e-15
4284.703634023661	   3.8047517e-15
4286.991781234736	    3.788964e-15
4289.279928445811	    3.776265e-15
4291.568075656885	    3.957816e-15
4293.85622286796	     3.87122e-15
4296.144370079035	    3.749809e-15
4298.43251729011	    3.824682e-15
4300.720664501185	   3.8998583e-15
4303.00881171226	   3.8158745e-15
4305.296958923334	   3.9242698e-15
4307.585106134409	   3.9809786e-15
4309.873253345484	   4.0028473e-15
4312.161400556559	    4.131079e-15
4314.449547767634	   4.1291916e-15
4316.7376949787085	   4.0426663e-15
4319.025842189783	    4.177162e-15
4321.313989400858	   4.1645273e-15
4323.602136611933	    4.132465e-15
4325.890283823008	    4.199545e-15
4328.178431034083	     4.27094e-15
4330.4665782451575	   4.1541253e-15
4332.754725456232	    4.201646e-15
4335.042872667307	    4.219685e-15
4337.331019878382	    4.256519e-15
4339.619167089457	    4.239919e-15
4341.907314300532	   4.1935665e-15
4344.1954615116065	   4.3196677e-15
4346.483608722681	    4.494372e-15
4348.771755933756	    4.342123e-15
4351.059903144831	   4.3684682e-15
4353.348050355906	    4.373776e-15
4355.636197566981	     4.43922e-15
4357.9243447780555	    4.429221e-15
4360.21249198913	   4.5268244e-15
4362.500639200205	   4.5931577e-15
4364.78878641128	   4.6696524e-15
4367.076933622355	    4.681447e-15
4369.36508083343	      4.6837e-15
4371.653228044504	   4.6585097e-15
4373.941375255579	    4.636868e-15
4376.229522466654	   4.7559642e-15
4378.517669677729	    4.705924e-15
4380.805816888804	   4.6761885e-15
4383.093964099879	   4.6526135e-15
4385.382111310953	    4.607251e-15
4387.670258522028	    4.545083e-15
4389.958405733103	   4.6929975e-15
4392.246552944178	     4.62188e-15
4394.534700155253	   4.5901766e-15
4396.822847366328	   4.4643765e-15
4399.110994577402	    4.380341e-15
4401.399141788477	   4.2946197e-15
4403.687288999552	   4.4023297e-15
4405.975436210627	   4.4281057e-15
4408.263583421702	   4.4057695e-15
4410.5517306327765	   4.1840603e-15
4412.839877843851	   4.2453855e-15
4415.128025054926	    4.174944e-15
4417.416172266001	   4.1707085e-15
4419.704319477076	    4.119325e-15
4421.992466688151	    4.120612e-15
4424.2806138992255	    4.186541e-15
 4426.5687611103	   4.2152192e-15
4428.856908321375	   4.2500878e-15
4431.14505553245	   4.3802937e-15
4433.433202743525	   4.3794657e-15
 4435.7213499546	    4.407554e-15
4438.0094971656745	    4.426458e-15
4440.297644376749	    4.587712e-15
4442.585791587824	     4.79769e-15
4444.873938798899	   4.7484083e-15
4447.162086009974	    4.783853e-15
4449.450233221049	    4.929093e-15
4451.738380432123	    5.018037e-15
4454.026527643198	    5.027774e-15
4456.314674854273	   5.0140213e-15
4458.602822065348	   5.0789036e-15
4460.890969276423	   5.2152077e-15
4463.179116487498	   5.1313506e-15
4465.467263698572	    5.127278e-15
4467.755410909647	   5.1572672e-15
4470.043558120722	   5.0605323e-15
4472.331705331797	   5.1348908e-15
4474.619852542872	   5.0571852e-15
4476.907999753947	   5.0028705e-15
4479.196146965021	   5.1122343e-15
4481.484294176096	    4.985312e-15
4483.772441387171	    4.974345e-15
4486.060588598246	   5.0827787e-15
4488.348735809321	   5.0010494e-15
4490.6368830203955	   5.0279554e-15
4492.92503023147	   4.9196635e-15
4495.213177442545	   4.9326303e-15
4497.50132465362	   4.9238584e-15
4499.789471864695	   4.9257486e-15
4502.07761907577	   4.9667717e-15
4504.3657662868445	   4.8729077e-15
4506.653913497919	   4.8934927e-15
4508.942060708994	    4.790858e-15
4511.230207920069	   4.8056626e-15
4513.518355131144	   4.8106122e-15
4515.806502342219	   4.8168655e-15
4518.0946495532935	   4.9375994e-15
4520.382796764368	    5.043581e-15
4522.670943975443	     5.11198e-15
4524.959091186518	    5.031389e-15
4527.247238397593	   5.1339705e-15
4529.535385608668	   5.1272497e-15
4531.8235328197425	   5.0593528e-15
4534.111680030817	   4.9851044e-15
4536.399827241892	    4.993748e-15
4538.687974452967	    5.040286e-15
4540.976121664042	   5.0568667e-15
4543.264268875117	   5.0540533e-15
4545.552416086191	   5.0730374e-15
4547.840563297266	    4.898141e-15
4550.128710508341	    4.957674e-15
4552.416857719416	    5.027727e-15
4554.705004930491	   4.9671185e-15
4556.993152141566	    4.950656e-15
4559.28129935264	   4.9618313e-15
4561.569446563715	   4.8475835e-15
4563.85759377479	   4.9327756e-15
4566.145740985865	   4.8109845e-15
4568.43388819694	    4.882598e-15
4570.722035408015	    4.795726e-15
4573.010182619089	    4.767311e-15
4575.298329830164	   4.8025824e-15
4577.586477041239	    4.787963e-15
4579.874624252314	   4.8153188e-15
4582.162771463389	   4.6260793e-15
4584.4509186744635	     4.63628e-15
4586.739065885538	    4.691904e-15
4589.027213096613	    4.769268e-15
4591.315360307688	    4.614588e-15
4593.603507518763	   4.6068195e-15
4595.891654729838	   4.7286055e-15
4598.1798019409125	    4.580964e-15
4600.467949151987	    4.539953e-15
4602.756096363062	   4.5891224e-15
4605.044243574137	    4.551758e-15
4607.332390785212	   4.6353836e-15
4609.620537996287	   4.6224443e-15
4611.9086852073615	    4.599335e-15
4614.196832418436	   4.5540277e-15
4616.484979629511	   4.5783007e-15
4618.773126840586	   4.5643095e-15
4621.061274051661	    4.477359e-15
4623.349421262736	   4.6375316e-15
4625.6375684738105	    4.540344e-15
4627.925715684885	    4.535569e-15
4630.21386289596	   4.4646603e-15
4632.502010107035	   4.4604717e-15
4634.79015731811	   4.5592095e-15
4637.078304529185	   4.5001963e-15
4639.366451740259	   4.6587668e-15
4641.654598951334	   4.4022932e-15
4643.942746162409	   4.2735006e-15
4646.230893373484	   4.2965386e-15
4648.519040584559	    4.515634e-15
4650.807187795634	   4.2746996e-15
4653.095335006708	   4.1343145e-15
4655.383482217783	   4.1344152e-15
4657.671629428858	   4.1603175e-15
4659.959776639933	   4.1754515e-15
4662.247923851008	    4.032526e-15
4664.536071062083	    3.994561e-15
4666.824218273157	    3.912696e-15
4669.112365484232	   3.8452306e-15
4671.400512695307	   3.7614933e-15
4673.688659906382	     3.76197e-15
4675.976807117457	    3.806321e-15
4678.2649543285315	   3.7325265e-15
4680.553101539606	   3.5712053e-15
4682.841248750681	   3.4796645e-15
4685.129395961756	   3.4738367e-15
4687.417543172831	   3.5070669e-15
4689.705690383906	   3.6189622e-15
4691.9938375949805	   3.4981321e-15
4694.281984806055	   3.5508119e-15
4696.57013201713	   3.5077985e-15
4698.858279228205	   3.4614861e-15
4701.14642643928	   3.4837042e-15
4703.434573650355	   3.4705686e-15
4705.7227208614295	   3.5144344e-15
4708.010868072504	   3.4185428e-15
4710.299015283579	   3.4230943e-15
4712.587162494654	   3.4427932e-15
4714.875309705729	   3.5016158e-15
4717.163456916804	     3.58164e-15
4719.451604127878	   3.4567586e-15
4721.739751338953	   3.4351394e-15
4724.027898550028	    3.502949e-15
4726.316045761103	   3.5315948e-15
4728.604192972178	   3.4841474e-15
4730.892340183253	    3.509871e-15
4733.180487394327	   3.4720548e-15
4735.468634605402	   3.4852566e-15
4737.756781816477	    3.509844e-15
4740.044929027552	   3.5354283e-15
4742.333076238627	    3.662705e-15
4744.621223449702	   3.5598038e-15
4746.909370660776	     3.38678e-15
4749.197517871851	   3.6351613e-15
4751.485665082926	   3.7621045e-15
4753.773812294001	    3.635759e-15
4756.061959505076	   3.5423576e-15
4758.350106716151	   3.7306287e-15
4760.638253927226	   3.7383913e-15
4762.926401138301	    3.638174e-15
4765.214548349376	   3.6064206e-15
4767.502695560451	    3.633067e-15
4769.790842771526	   3.6242054e-15
 4772.0789899826	    3.626716e-15
4774.367137193675	   3.7149095e-15
4776.65528440475	   3.5943606e-15
4778.943431615825	    3.650496e-15
 4781.2315788269	   3.6399305e-15
4783.519726037975	   3.7157773e-15
4785.807873249049	   3.6151633e-15
4788.096020460124	   3.6313556e-15
4790.384167671199	     3.63014e-15
4792.672314882274	   3.6782063e-15
4794.960462093349	   3.5762167e-15
4797.248609304424	    3.596201e-15
4799.536756515498	   3.6092955e-15
4801.824903726573	   3.5032605e-15
4804.113050937648	   3.5836266e-15
4806.401198148723	   3.4577441e-15
4808.689345359798	   3.3991953e-15
4810.9774925708725	   3.4704177e-15
4813.265639781947	    3.427478e-15
4815.553786993022	   3.4171215e-15
4817.841934204097	    3.411983e-15
4820.130081415172	   3.3223495e-15
4822.418228626247	     3.34069e-15
4824.7063758373215	   3.3428447e-15
4826.994523048396	   3.2655197e-15
4829.282670259471	   3.3387726e-15
4831.570817470546	   3.3086248e-15
4833.858964681621	   3.3373939e-15
4836.147111892696	   3.4364523e-15
4838.4352591037705	    3.399396e-15
4840.723406314845	   3.2874867e-15
4843.01155352592	   3.1995767e-15
4845.299700736995	     3.20938e-15
4847.58784794807	   3.1721945e-15
4849.875995159145	   3.1213312e-15
4852.164142370219	   3.0465249e-15
4854.452289581294	   3.1472108e-15
4856.740436792369	   3.0534496e-15
4859.028584003444	   2.9845026e-15
4861.316731214519	   2.9992643e-15
4863.604878425594	   2.8952537e-15
4865.893025636668	   2.9966374e-15
4868.181172847743	   3.0130531e-15
4870.469320058818	   2.8991731e-15
4872.757467269893	   2.8494648e-15
4875.045614480968	   2.9025475e-15
4877.333761692043	   2.9205999e-15
4879.621908903117	    2.919971e-15
4881.910056114192	   2.8515724e-15
4884.198203325267	   2.8907225e-15
4886.486350536342	   2.8574076e-15
4888.774497747417	    2.916493e-15
4891.062644958492	   2.9015262e-15
4893.350792169566	   2.9016983e-15
4895.638939380641	    2.910583e-15
4897.927086591716	    2.899556e-15
4900.215233802791	   2.9128461e-15
4902.503381013866	   2.8906026e-15
4904.7915282249405	   2.9083744e-15
4907.079675436015	     2.86795e-15
4909.36782264709	   2.7272716e-15
4911.655969858165	   2.8411658e-15
4913.94411706924	   2.8598255e-15
4916.232264280315	    2.747901e-15
4918.5204114913895	   2.6810003e-15
4920.808558702464	   2.6912102e-15
4923.096705913539	   2.7251375e-15
4925.384853124614	   2.6769786e-15
4927.673000335689	   2.6646424e-15
4929.961147546764	   2.7192148e-15
4932.2492947578385	   2.7274474e-15
4934.537441968913	   2.7234695e-15
4936.825589179988	      2.7619e-15
4939.113736391063	   2.7791778e-15
4941.401883602138	    2.781464e-15
4943.690030813213	   2.7935178e-15
4945.978178024287	   2.6992132e-15
4948.266325235362	   2.7436964e-15
4950.554472446437	   2.7552084e-15
4952.842619657512	   2.7311756e-15
4955.130766868587	   2.7695508e-15
4957.418914079662	   2.8348134e-15
4959.707061290736	    2.786011e-15
4961.995208501811	   2.8436118e-15
4964.283355712886	   2.8782705e-15
4966.571502923961	    2.874852e-15
4968.859650135036	   2.8496975e-15
4971.147797346111	   2.8736685e-15
4973.435944557185	   2.9111404e-15
4975.72409176826	   2.8796596e-15
4978.012238979335	   2.8958547e-15
4980.30038619041	   2.9262233e-15
4982.588533401485	    2.955576e-15
4984.8766806125595	    2.978988e-15
4987.164827823634	    2.968577e-15
4989.452975034709	   2.9632253e-15
4991.741122245784	   2.9892015e-15
4994.029269456859	   3.0411888e-15
4996.317416667934	   3.0320408e-15
4998.6055638790085	   3.0135577e-15
5000.893711090083	   3.0027166e-15
5003.181858301158	   3.0542051e-15
5005.470005512233	   3.0937618e-15
5007.758152723308	   3.1892688e-15
5010.046299934383	   3.1757582e-15
5012.3344471454575	   3.1869464e-15
5014.622594356532	     3.21809e-15
5016.910741567607	    3.254003e-15
5019.198888778682	   3.2774091e-15
5021.487035989757	   3.2891208e-15
5023.775183200832	   3.3084791e-15
5026.0633304119065	   3.3312175e-15
5028.351477622981	   3.3513714e-15
5030.639624834056	   3.3607381e-15
5032.927772045131	   3.3567236e-15
5035.215919256206	    3.348697e-15
5037.504066467281	   3.3435825e-15
5039.792213678355	   3.3412447e-15
5042.08036088943	    3.345079e-15
5044.368508100505	   3.3650762e-15
5046.65665531158	    3.393522e-15
5048.944802522655	   3.4012714e-15
5051.23294973373	   3.3940574e-15
5053.521096944804	   3.4099702e-15
5055.809244155879	   3.4418117e-15
5058.097391366954	   3.4505693e-15
5060.385538578029	     3.44818e-15
5062.673685789104	    3.472555e-15
5064.961833000179	   3.5084562e-15
5067.249980211253	    3.520835e-15
5069.538127422328	   3.5087937e-15
5071.826274633403	    3.483779e-15
5074.114421844478	    3.467889e-15
5076.402569055553	    3.481922e-15
5078.6907162666275	    3.511785e-15
5080.978863477702	    3.537165e-15
5083.267010688777	    3.546516e-15
5085.555157899852	   3.5369366e-15
5087.843305110927	   3.5390421e-15
5090.131452322002	   3.5747014e-15
5092.4195995330765	    3.625975e-15
5094.707746744151	    3.668163e-15
5096.995893955226	   3.6635378e-15
5099.284041166301	   3.6068823e-15
5101.572188377376	    3.566314e-15
5103.860335588451	   3.5704162e-15
5106.1484827995255	   3.5747107e-15
 5108.4366300106	    3.559916e-15
5110.724777221675	   3.5376778e-15
5113.01292443275	    3.527389e-15
5115.301071643825	   3.5617325e-15
 5117.5892188549	   3.6230094e-15
5119.8773660659745	   3.6499357e-15
5122.165513277049	   3.6388794e-15
5124.453660488124	    3.624579e-15
5126.741807699199	    3.615158e-15
5129.029954910274	   3.6068336e-15
5131.318102121349	    3.598338e-15
5133.606249332423	    3.587461e-15
5135.894396543498	    3.586904e-15
5138.182543754573	    3.611365e-15
5140.470690965648	   3.6215266e-15
5142.758838176723	    3.577152e-15
5145.046985387798	   3.5496157e-15
5147.335132598872	   3.6060323e-15
5149.623279809947	    3.665881e-15
5151.911427021022	   3.6552826e-15
5154.199574232097	    3.614094e-15
5156.487721443172	    3.587487e-15
5158.775868654247	    3.608538e-15
5161.064015865321	   3.6775757e-15
5163.352163076396	    3.702977e-15
5165.640310287471	   3.6497248e-15
5167.928457498546	   3.6143243e-15
5170.216604709621	   3.6312086e-15
5172.5047519206955	    3.625449e-15
5174.79289913177	    3.585705e-15
5177.081046342845	    3.581788e-15
5179.36919355392	   3.6196547e-15
5181.657340764995	    3.643357e-15
5183.94548797607	   3.6408568e-15
5186.2336351871445	    3.633705e-15
5188.521782398219	    3.622963e-15
5190.809929609294	   3.5982442e-15
5193.098076820369	   3.5751228e-15
5195.386224031444	    3.580005e-15
5197.674371242519	    3.589863e-15
5199.9625184535935	    3.566105e-15
5202.250665664668	   3.5265927e-15
5204.538812875743	   3.5034397e-15
5206.826960086818	   3.5056352e-15
5209.115107297893	   3.5322784e-15
5211.403254508968	   3.5476823e-15
5213.691401720042	   3.5210495e-15
5215.979548931117	   3.4868158e-15
5218.267696142192	   3.4765843e-15
5220.555843353267	   3.4698641e-15
5222.843990564342	    3.450781e-15
5225.132137775417	    3.432087e-15
5227.420284986491	   3.4216565e-15
5229.708432197566	    3.413182e-15
5231.996579408641	   3.4038961e-15
5234.284726619716	   3.3966222e-15
5236.572873830791	    3.396147e-15
5238.861021041866	   3.4139487e-15
5241.14916825294	    3.436522e-15
5243.437315464015	   3.4173093e-15
5245.72546267509	   3.3608791e-15
5248.013609886165	   3.3232173e-15
5250.30175709724	   3.3046067e-15
5252.5899043083145	    3.262017e-15
5254.878051519389	    3.212633e-15
5257.166198730464	   3.2077616e-15
5259.454345941539	     3.21847e-15
5261.742493152614	   3.1814414e-15
5264.030640363689	   3.1263956e-15
5266.3187875747635	   3.1127571e-15
5268.606934785838	   3.1083053e-15
5270.895081996913	   3.0637305e-15
5273.183229207988	   3.0287884e-15
5275.471376419063	   3.0578944e-15
5277.759523630138	   3.0904454e-15
5280.0476708412125	   3.0671523e-15
5282.335818052287	   3.0345065e-15
5284.623965263362	   3.0334314e-15
5286.912112474437	   3.0320332e-15
5289.200259685512	   3.0085454e-15
5291.488406896587	   2.9876948e-15
5293.7765541076615	   2.9814052e-15
5296.064701318736	   2.9649929e-15
5298.352848529811	   2.9353097e-15
5300.640995740886	     2.93337e-15
5302.929142951961	   2.9606745e-15
5305.217290163036	   2.9595429e-15
5307.50543737411	   2.9185393e-15
5309.793584585185	   2.8788157e-15
5312.08173179626	   2.8604275e-15
5314.369879007335	   2.8657249e-15
5316.65802621841	    2.886441e-15
5318.946173429485	   2.9052216e-15
5321.234320640559	   2.9112565e-15
5323.522467851634	   2.8986037e-15
5325.810615062709	   2.8792592e-15
5328.098762273784	   2.8733598e-15
5330.386909484859	    2.875001e-15
5332.675056695934	    2.869841e-15
5334.963203907008	   2.8696201e-15
5337.251351118083	   2.8886922e-15
5339.539498329158	   2.9073478e-15
5341.827645540233	   2.9039243e-15
5344.115792751308	    2.883889e-15
5346.4039399623825	   2.8587559e-15
5348.692087173457	   2.8462323e-15
5350.980234384532	   2.8572795e-15
5353.268381595607	   2.8771956e-15
5355.556528806682	   2.8904184e-15
5357.844676017757	   2.8860882e-15
5360.1328232288315	   2.8637547e-15
5362.420970439906	   2.8453205e-15
5364.709117650981	   2.8440588e-15
5366.997264862056	   2.8548119e-15
5369.285412073131	   2.8743906e-15
5371.573559284206	   2.9042132e-15
5373.8617064952805	   2.9326282e-15
5376.149853706355	   2.9334606e-15
5378.43800091743	   2.9119858e-15
5380.726148128505	   2.9019474e-15
5383.01429533958	    2.903454e-15
5385.302442550655	    2.891992e-15
5387.5905897617295	   2.8831667e-15
5389.878736972804	   2.9133074e-15
5392.166884183879	   2.9403228e-15
5394.455031394954	   2.8944026e-15
5396.743178606029	    2.832045e-15
5399.031325817104	   2.8414826e-15
5401.319473028178	   2.8714703e-15
5403.607620239253	   2.8475187e-15
5405.895767450328	     2.80377e-15
5408.183914661403	   2.7856188e-15
5410.472061872478	   2.7775885e-15
5412.760209083553	   2.7638132e-15
5415.048356294627	   2.7656718e-15
5417.336503505702	   2.7934139e-15
5419.624650716777	   2.8146308e-15
5421.912797927852	   2.8032405e-15
5424.200945138927	   2.7506438e-15
5426.489092350002	   2.6743333e-15
5428.777239561076	    2.647518e-15
5431.065386772151	   2.6888366e-15
5433.353533983226	   2.7209407e-15
5435.641681194301	     2.71216e-15
5437.929828405376	   2.6911082e-15
5440.2179756164505	    2.679513e-15
5442.506122827525	   2.6989915e-15
 5444.7942700386	   2.7256798e-15
5447.082417249675	   2.6943623e-15
5449.37056446075	   2.6296923e-15
5451.658711671825	   2.6133588e-15
5453.9468588828995	   2.6438776e-15
5456.235006093974	   2.6781795e-15
5458.523153305049	   2.6977769e-15
5460.811300516124	    2.693737e-15
5463.099447727199	   2.6738643e-15
5465.387594938274	   2.6526988e-15
5467.6757421493485	   2.6345785e-15
5469.963889360423	   2.6207174e-15
5472.252036571498	   2.6073478e-15
5474.540183782573	    2.590574e-15
5476.828330993648	   2.5777597e-15
5479.116478204723	   2.5733318e-15
5481.404625415797	   2.5577936e-15
5483.692772626872	   2.5239028e-15
5485.980919837947	   2.5174253e-15
5488.269067049022	   2.5540364e-15
5490.557214260097	   2.5604946e-15
5492.845361471172	   2.5098897e-15
5495.133508682246	   2.4767688e-15
5497.421655893321	   2.4909325e-15
5499.709803104396	   2.5074574e-15
5501.997950315471	   2.5116763e-15
5504.286097526546	   2.5259291e-15
5506.574244737621	   2.5487952e-15
5508.862391948695	    2.558329e-15
5511.15053915977	   2.5495734e-15
5513.438686370845	    2.530116e-15
5515.72683358192	   2.5075091e-15
5518.014980792995	    2.489472e-15
5520.30312800407	   2.4816977e-15
5522.591275215144	   2.4876663e-15
5524.879422426219	   2.4993755e-15
5527.167569637294	   2.5043702e-15
5529.455716848369	   2.5090425e-15
5531.743864059444	   2.5236957e-15
5534.0320112705185	   2.5234238e-15
5536.320158481593	    2.485075e-15
5538.608305692668	   2.4579081e-15
5540.896452903743	    2.485896e-15
5543.184600114818	    2.517097e-15
5545.472747325893	   2.5067442e-15
5547.7608945369675	   2.4886508e-15
5550.049041748042	    2.491412e-15
5552.337188959117	   2.5122688e-15
5554.625336170192	   2.5372916e-15
5556.913483381267	   2.5220211e-15
5559.201630592342	   2.4624861e-15
5561.4897778034165	   2.4366557e-15
5563.777925014491	   2.4724407e-15
5566.066072225566	   2.5205676e-15
5568.354219436641	    2.549887e-15
5570.642366647716	   2.5494588e-15
5572.930513858791	   2.5257775e-15
5575.218661069865	   2.5039558e-15
5577.50680828094	   2.4994432e-15
5579.794955492015	   2.5205848e-15
5582.08310270309	    2.549487e-15
5584.371249914165	   2.5518947e-15
5586.65939712524	   2.5459856e-15
5588.947544336314	   2.5722817e-15
5591.235691547389	   2.6157989e-15
5593.523838758464	   2.6441933e-15
5595.811985969539	   2.6542557e-15
5598.100133180614	    2.652288e-15
5600.388280391689	   2.6552916e-15
5602.676427602763	   2.6794911e-15
5604.964574813838	    2.723858e-15
5607.252722024913	    2.778799e-15
5609.540869235988	    2.808369e-15
5611.829016447063	   2.7913136e-15
5614.1171636581375	     2.77298e-15
5616.405310869212	    2.786603e-15
5618.693458080287	   2.8092885e-15
5620.981605291362	   2.8266438e-15
5623.269752502437	    2.854261e-15
5625.557899713512	   2.8876475e-15
5627.8460469245865	   2.8832315e-15
5630.134194135661	   2.8422017e-15
5632.422341346736	   2.8311934e-15
5634.710488557811	    2.865167e-15
5636.998635768886	   2.8999782e-15
5639.286782979961	   2.9179599e-15
5641.5749301910355	   2.9243478e-15
5643.86307740211	   2.9164812e-15
5646.151224613185	    2.887954e-15
5648.43937182426	   2.8579493e-15
5650.727519035335	   2.8578926e-15
5653.01566624641	    2.878384e-15
5655.3038134574845	   2.8923403e-15
5657.591960668559	   2.8918897e-15
5659.880107879634	   2.8765974e-15
5662.168255090709	   2.8549464e-15
5664.456402301784	   2.8380203e-15
5666.744549512859	   2.8232402e-15
5669.032696723933	   2.8071235e-15
5671.320843935008	    2.804947e-15
5673.608991146083	   2.8261843e-15
5675.897138357158	   2.8405843e-15
5678.185285568233	   2.8280457e-15
5680.473432779308	     2.82182e-15
5682.761579990382	   2.8426237e-15
5685.049727201457	    2.865481e-15
5687.337874412532	   2.8737408e-15
5689.626021623607	    2.871444e-15
5691.914168834682	   2.8656442e-15
5694.202316045757	   2.8710398e-15
5696.490463256831	    2.884546e-15
5698.778610467906	   2.8761239e-15
5701.066757678981	   2.8457408e-15
5703.354904890056	   2.8254074e-15
5705.643052101131	   2.8245152e-15
5707.9311993122055	   2.8358068e-15
5710.21934652328	   2.8404854e-15
5712.507493734355	   2.8100176e-15
5714.79564094543	   2.7715513e-15
5717.083788156505	   2.7800712e-15
5719.37193536758	   2.8142509e-15
5721.6600825786545	   2.8238687e-15
5723.948229789729	   2.8013364e-15
5726.236377000804	   2.7546051e-15
5728.524524211879	    2.716278e-15
5730.812671422954	   2.7190164e-15
5733.100818634029	   2.7290785e-15
5735.3889658451035	   2.7100042e-15
5737.677113056178	   2.6983977e-15
5739.965260267253	   2.7242602e-15
5742.253407478328	   2.7433263e-15
5744.541554689403	   2.7236872e-15
5746.829701900478	   2.7000452e-15
5749.1178491115525	   2.6939159e-15
5751.405996322627	    2.678988e-15
5753.694143533702	   2.6450438e-15
5755.982290744777	   2.6169417e-15
5758.270437955852	   2.6066067e-15
5760.558585166927	    2.604775e-15
5762.846732378001	   2.6057853e-15
5765.134879589076	   2.6090535e-15
5767.423026800151	    2.609281e-15
5769.711174011226	   2.5954894e-15
5771.999321222301	   2.5778685e-15
5774.287468433376	   2.5855069e-15
5776.57561564445	    2.599929e-15
5778.863762855525	     2.57276e-15
 5781.1519100666	   2.5256521e-15
5783.440057277675	   2.5126407e-15
5785.72820448875	     2.52939e-15
5788.016351699825	   2.5495349e-15
5790.304498910899	   2.5543668e-15
5792.592646121974	   2.5301338e-15
5794.880793333049	   2.5012775e-15
5797.168940544124	   2.4969504e-15
5799.457087755199	   2.5008654e-15
5801.7452349662735	   2.4933677e-15
5804.033382177348	   2.4880206e-15
5806.321529388423	   2.4945588e-15
5808.609676599498	   2.4867998e-15
5810.897823810573	   2.4525403e-15
5813.185971021648	    2.433711e-15
5815.4741182327225	   2.4532986e-15
5817.762265443797	    2.480305e-15
5820.050412654872	   2.4921804e-15
5822.338559865947	   2.4870082e-15
5824.626707077022	   2.4673163e-15
5826.914854288097	   2.4422452e-15
5829.2030014991715	   2.4236423e-15
5831.491148710246	   2.4271824e-15
5833.779295921321	    2.444194e-15
5836.067443132396	   2.4393255e-15
5838.355590343471	   2.4239468e-15
5840.643737554546	   2.4465939e-15
5842.93188476562	   2.4884684e-15
5845.220031976695	     2.49114e-15
5847.50817918777	    2.469729e-15
5849.796326398845	   2.4723337e-15
5852.08447360992	   2.4829284e-15
5854.372620820995	   2.4659763e-15
5856.660768032069	   2.4393312e-15
5858.948915243144	   2.4321355e-15
5861.237062454219	   2.4385733e-15
5863.525209665294	   2.4464556e-15
5865.813356876369	   2.4560805e-15
5868.101504087444	   2.4677869e-15
5870.389651298518	   2.4733796e-15
5872.677798509593	   2.4685863e-15
5874.965945720668	   2.4702708e-15
5877.254092931743	   2.4847898e-15
5879.542240142818	   2.4781668e-15
5881.830387353893	   2.4372395e-15
5884.118534564967	   2.4027337e-15
5886.406681776042	   2.3969988e-15
5888.694828987117	    2.403404e-15
5890.982976198192	   2.4159415e-15
5893.271123409267	    2.445709e-15
5895.5592706203415	    2.485877e-15
5897.847417831416	   2.5095303e-15
5900.135565042491	   2.5138957e-15
5902.423712253566	    2.519925e-15
5904.711859464641	   2.5244119e-15
5907.000006675716	   2.5052196e-15
5909.2881538867905	   2.4851157e-15
5911.576301097865	   2.5119025e-15
5913.86444830894	   2.5472043e-15
5916.152595520015	   2.5175469e-15
5918.44074273109	    2.466877e-15
5920.728889942165	   2.4733786e-15
5923.0170371532395	   2.4974557e-15
5925.305184364314	   2.4771358e-15
5927.593331575389	    2.448102e-15
5929.881478786464	    2.454296e-15
5932.169625997539	   2.4619021e-15
5934.457773208614	   2.4380448e-15
5936.745920419688	   2.4118573e-15
5939.034067630763	   2.4063785e-15
5941.322214841838	    2.394541e-15
5943.610362052913	   2.3624587e-15
5945.898509263988	     2.34617e-15
5948.186656475063	    2.359369e-15
5950.474803686137	   2.3595898e-15
5952.762950897212	   2.3311245e-15
5955.051098108287	   2.3111177e-15
5957.339245319362	    2.304588e-15
5959.627392530437	   2.2681124e-15
5961.915539741512	   2.2074913e-15
5964.203686952586	    2.183305e-15
5966.491834163661	   2.1977013e-15
5968.779981374736	   2.2030948e-15
5971.068128585811	   2.1869971e-15
5973.356275796886	    2.159756e-15
5975.6444230079605	    2.130569e-15
5977.932570219035	   2.1091144e-15
5980.22071743011	   2.0984233e-15
5982.508864641185	    2.097435e-15
5984.79701185226	   2.0920731e-15
5987.085159063335	    2.066067e-15
5989.3733062744095	   2.0347472e-15
5991.661453485484	   2.0188863e-15
5993.949600696559	     2.00554e-15
5996.237747907634	   1.9800407e-15
5998.525895118709	   1.9627905e-15
6000.814042329784	   1.9692104e-15
6003.1021895408585	   1.9699204e-15
6005.390336751933	   1.9435791e-15
6007.678483963008	   1.9133975e-15
6009.966631174083	   1.8956259e-15
6012.254778385158	   1.8778693e-15
6014.542925596233	   1.8543838e-15
6016.8310728073075	   1.8340008e-15
6019.119220018382	    1.822916e-15
6021.407367229457	   1.8266697e-15
6023.695514440532	   1.8330166e-15
6025.983661651607	   1.8022278e-15
6028.271808862682	   1.7443215e-15
6030.559956073756	    1.724013e-15
6032.848103284831	   1.7430344e-15
6035.136250495906	   1.7504509e-15
6037.424397706981	   1.7408271e-15
6039.712544918056	   1.7375689e-15
6042.000692129131	    1.734043e-15
6044.288839340205	   1.7106758e-15
6046.57698655128	   1.6831366e-15
6048.865133762355	   1.6785028e-15
6051.15328097343	   1.6886706e-15
6053.441428184505	    1.695372e-15
6055.72957539558	   1.6896493e-15
6058.017722606654	   1.6675775e-15
6060.305869817729	   1.6502671e-15
6062.594017028804	   1.6571469e-15
6064.882164239879	   1.6668666e-15
6067.170311450954	    1.659705e-15
6069.4584586620285	   1.6476494e-15
6071.746605873103	   1.6428816e-15
6074.034753084178	   1.6506438e-15
6076.322900295253	   1.6686314e-15
6078.611047506328	   1.6758623e-15
6080.899194717403	   1.6609332e-15
6083.1873419284775	   1.6317386e-15
6085.475489139552	   1.6032347e-15
6087.763636350627	   1.6028889e-15
6090.051783561702	   1.6283139e-15
6092.339930772777	   1.6367623e-15
6094.628077983852	   1.6211045e-15
6096.9162251949265	   1.6104036e-15
6099.204372406001	   1.6111668e-15
6101.492519617076	   1.6137951e-15
6103.780666828151	   1.6132584e-15
6106.068814039226	    1.605928e-15
6108.356961250301	   1.5973064e-15
6110.6451084613755	   1.5974724e-15
6112.93325567245	   1.5993999e-15
6115.221402883525	   1.5904844e-15
 6117.5095500946	   1.5755877e-15
6119.797697305675	   1.5642242e-15
6122.08584451675	   1.5548293e-15
6124.373991727824	   1.5447626e-15
6126.662138938899	   1.5416562e-15
6128.950286149974	   1.5518396e-15
6131.238433361049	   1.5707867e-15
6133.526580572124	   1.5910424e-15
6135.814727783199	   1.6000913e-15
6138.102874994273	   1.5912856e-15
6140.391022205348	   1.5754704e-15
6142.679169416423	   1.5639998e-15
6144.967316627498	   1.5666873e-15
6147.255463838573	   1.5826921e-15
6149.543611049648	   1.5895777e-15
6151.831758260722	   1.5803773e-15
6154.119905471797	    1.574641e-15
6156.408052682872	   1.5758144e-15
6158.696199893947	   1.5649744e-15
6160.984347105022	   1.5535213e-15
6163.2724943160965	   1.5837015e-15
6165.560641527171	   1.6335446e-15
6167.848788738246	   1.6329873e-15
6170.136935949321	   1.5968255e-15
6172.425083160396	   1.5882675e-15
6174.713230371471	   1.6085612e-15
6177.0013775825455	   1.6320045e-15
6179.28952479362	   1.6411307e-15
6181.577672004695	   1.6226064e-15
6183.86581921577	   1.6010184e-15
6186.153966426845	   1.6081768e-15
6188.44211363792	   1.6317571e-15
6190.7302608489945	    1.651308e-15
6193.018408060069	   1.6642791e-15
6195.306555271144	   1.6705937e-15
6197.594702482219	   1.6672561e-15
6199.882849693294	    1.655834e-15
6202.170996904369	   1.6516752e-15
6204.459144115443	   1.6655855e-15
6206.747291326518	   1.6937689e-15
6209.035438537593	   1.7272389e-15
6211.323585748668	   1.7459869e-15
6213.611732959743	   1.7473635e-15
6215.899880170818	   1.7636178e-15
6218.188027381892	     1.80159e-15
6220.476174592967	    1.830172e-15
6222.764321804042	   1.8373686e-15
6225.052469015118	   1.8316291e-15
6227.340616226193	   1.8246542e-15
6229.6287634372675	   1.8331633e-15
6231.916910648342	   1.8524719e-15
6234.205057859417	    1.861029e-15
6236.493205070492	   1.8655206e-15
6238.781352281567	   1.8876822e-15
6241.069499492642	    1.916763e-15
6243.3576467037165	   1.9300442e-15
6245.645793914791	   1.9255505e-15
6247.933941125866	   1.9093709e-15
6250.222088336941	   1.9086835e-15
6252.510235548016	    1.949605e-15
6254.798382759091	   1.9960662e-15
6257.086529970165	   2.0077296e-15
6259.37467718124	    2.007572e-15
6261.662824392315	   2.0205933e-15
6263.95097160339	   2.0305902e-15
6266.239118814465	   2.0260323e-15
6268.52726602554	    2.023927e-15
6270.815413236614	   2.0373133e-15
6273.103560447689	   2.0660737e-15
6275.391707658764	   2.1028927e-15
6277.679854869839	   2.1252088e-15
6279.968002080914	   2.1263676e-15
6282.256149291989	   2.1295363e-15
6284.544296503063	   2.1449597e-15
6286.832443714138	    2.162174e-15
6289.120590925213	    2.184536e-15
6291.408738136288	    2.232516e-15
6293.696885347363	   2.2866125e-15
6295.9850325584375	   2.2927956e-15
6298.273179769512	   2.2644297e-15
6300.561326980587	   2.2600815e-15
6302.849474191662	   2.2827534e-15
6305.137621402737	    2.306389e-15
6307.425768613812	    2.326453e-15
6309.7139158248865	   2.3457044e-15
6312.002063035961	   2.3590194e-15
6314.290210247036	   2.3609394e-15
6316.578357458111	   2.3599168e-15
6318.866504669186	   2.3662422e-15
6321.154651880261	   2.3740449e-15
6323.4427990913355	   2.3761083e-15
6325.73094630241	    2.377795e-15
6328.019093513485	    2.383762e-15
6330.30724072456	   2.3885806e-15
6332.595387935635	   2.3878634e-15
6334.88353514671	    2.384443e-15
6337.171682357784	   2.3799921e-15
6339.459829568859	   2.3674698e-15
6341.747976779934	   2.3534298e-15
6344.036123991009	   2.3777852e-15
6346.324271202084	    2.439876e-15
6348.612418413159	    2.468841e-15
6350.900565624233	     2.44708e-15
6353.188712835308	   2.4288191e-15
6355.476860046383	   2.4305397e-15
6357.765007257458	   2.4319578e-15
6360.053154468533	   2.4229852e-15
6362.341301679608	    2.398214e-15
6364.629448890682	   2.3704588e-15
6366.917596101757	    2.365902e-15
6369.205743312832	      2.3728e-15
6371.493890523907	   2.3599776e-15
6373.782037734982	   2.3479592e-15
6376.0701849460565	     2.37405e-15
6378.358332157131	   2.4058779e-15
6380.646479368206	   2.3960345e-15
6382.934626579281	    2.369207e-15
6385.222773790356	    2.361628e-15
6387.510921001431	   2.3612854e-15
6389.7990682125055	   2.3519371e-15
6392.08721542358	   2.3361872e-15
6394.375362634655	    2.320497e-15
6396.66350984573	   2.3216144e-15
6398.951657056805	   2.3476793e-15
6401.23980426788	   2.3778273e-15
6403.5279514789545	   2.3941342e-15
6405.816098690029	   2.3913396e-15
6408.104245901104	   2.3725033e-15
6410.392393112179	   2.3552882e-15
6412.680540323254	   2.3516493e-15
6414.968687534329	   2.3631031e-15
6417.2568347454035	   2.3835365e-15
6419.544981956478	   2.3975882e-15
6421.833129167553	   2.3978804e-15
6424.121276378628	    2.385086e-15
6426.409423589703	   2.3675094e-15
6428.697570800778	   2.3603388e-15
6430.985718011852	   2.3587286e-15
6433.273865222927	    2.345331e-15
6435.562012434002	   2.3265454e-15
6437.850159645077	   2.3187247e-15
6440.138306856152	    2.323235e-15
6442.426454067227	   2.3355957e-15
6444.714601278301	   2.3374084e-15
6447.002748489376	   2.3102783e-15
6449.290895700451	    2.279125e-15
6451.579042911526	    2.273336e-15
6453.867190122601	   2.2779378e-15
6456.155337333676	   2.2746543e-15
6458.44348454475	   2.2727978e-15
6460.731631755825	   2.2789061e-15
 6463.0197789669	   2.2771492e-15
6465.307926177975	    2.257869e-15
6467.59607338905	   2.2327153e-15
6469.8842206001245	   2.2130502e-15
6472.172367811199	   2.2066712e-15
6474.460515022274	   2.2144988e-15
6476.748662233349	   2.2231623e-15
6479.036809444424	   2.2288529e-15
6481.324956655499	   2.2455906e-15
6483.6131038665735	   2.2672573e-15
6485.901251077648	   2.2619939e-15
6488.189398288723	   2.2355383e-15
6490.477545499798	    2.231038e-15
6492.765692710873	   2.2378147e-15
6495.053839921948	    2.204013e-15
6497.3419871330225	   2.1576936e-15
6499.630134344097	   2.1714499e-15
6501.918281555172	    2.209035e-15
6504.206428766247	   2.1890654e-15
6506.494575977322	   2.1395049e-15
6508.782723188397	    2.122409e-15
6511.0708703994715	    2.123893e-15
6513.359017610546	   2.1137269e-15
6515.647164821621	   2.1043996e-15
6517.935312032696	   2.1111354e-15
6520.223459243771	   2.1155552e-15
6522.511606454846	    2.100712e-15
6524.79975366592	   2.0804044e-15
6527.087900876995	   2.0668548e-15
6529.37604808807	    2.052505e-15
6531.664195299145	   2.0316562e-15
6533.95234251022	   2.0051982e-15
6536.240489721295	   1.9791704e-15
6538.528636932369	   1.9716439e-15
6540.816784143444	   1.9881435e-15
6543.104931354519	   2.0116181e-15
6545.393078565594	   2.0294615e-15
6547.681225776669	   2.0365203e-15
6549.969372987744	   2.0322502e-15
6552.257520198818	    2.022236e-15
6554.545667409893	   2.0118267e-15
6556.833814620968	   2.0048577e-15
6559.121961832043	   2.0068688e-15
6561.410109043118	   2.0239914e-15
6563.6982562541925	   2.0449025e-15
6565.986403465267	   2.0498528e-15
6568.274550676342	   2.0349952e-15
6570.562697887417	    2.004797e-15
6572.850845098492	   1.9775962e-15
6575.138992309567	   1.9742087e-15
6577.4271395206415	   1.9895597e-15
6579.715286731716	   2.0105047e-15
6582.003433942791	   2.0249413e-15
6584.291581153866	   2.0237286e-15
6586.579728364941	    2.014252e-15
6588.867875576016	   2.0061653e-15
6591.1560227870905	   2.0047722e-15
6593.444169998165	   2.0111338e-15
6595.73231720924	   2.0106229e-15
6598.020464420315	    1.997231e-15
6600.30861163139	   1.9945305e-15
6602.596758842465	     2.01137e-15
6604.884906053539	   2.0222715e-15
6607.173053264614	   2.0137042e-15
6609.461200475689	   1.9933737e-15
6611.749347686764	    1.969072e-15
6614.037494897839	     1.94847e-15
6616.325642108914	   1.9380398e-15
6618.613789319988	   1.9424562e-15
6620.901936531063	    1.955285e-15
6623.190083742138	   1.9605687e-15
6625.478230953213	   1.9582375e-15
6627.766378164288	   1.9586534e-15
6630.054525375363	   1.9649943e-15
6632.342672586437	   1.9769573e-15
6634.630819797512	   1.9860826e-15
6636.918967008587	    1.981316e-15
6639.207114219662	   1.9679133e-15
6641.495261430737	    1.956095e-15
6643.783408641812	   1.9487443e-15
6646.071555852886	   1.9461541e-15
6648.359703063961	   1.9425502e-15
6650.647850275036	   1.9325357e-15
6652.935997486111	   1.9184604e-15
6655.224144697186	   1.9054618e-15
6657.5122919082605	   1.9080042e-15
6659.800439119335	   1.9315979e-15
6662.08858633041	   1.9484299e-15
6664.376733541485	   1.9425769e-15
6666.66488075256	    1.937646e-15
6668.953027963635	   1.9436628e-15
6671.2411751747095	   1.9375904e-15
6673.529322385784	   1.9150972e-15
6675.817469596859	   1.9030692e-15
6678.105616807934	   1.9069395e-15
6680.393764019009	    1.904801e-15
6682.681911230084	   1.8912363e-15
6684.9700584411585	   1.8765015e-15
6687.258205652233	   1.8680304e-15
6689.546352863308	   1.8709668e-15
6691.834500074383	    1.887242e-15
6694.122647285458	   1.9166333e-15
6696.410794496533	   1.9407746e-15
6698.698941707607	   1.9335312e-15
6700.987088918682	   1.9124776e-15
6703.275236129757	   1.9111103e-15
6705.563383340832	   1.9138974e-15
6707.851530551907	   1.8945677e-15
6710.139677762982	   1.8798016e-15
6712.427824974056	   1.8999976e-15
6714.715972185131	   1.9256563e-15
6717.004119396206	    1.925271e-15
6719.292266607281	   1.9175638e-15
6721.580413818356	   1.9196363e-15
6723.868561029431	    1.911253e-15
6726.156708240505	   1.8827514e-15
6728.44485545158	     1.86592e-15
6730.733002662655	   1.8786134e-15
6733.02114987373	    1.901806e-15
6735.309297084805	   1.9164199e-15
6737.5974442958795	   1.9032606e-15
6739.885591506954	   1.8673254e-15
6742.173738718029	   1.8541562e-15
6744.461885929104	    1.871621e-15
6746.750033140179	   1.8788123e-15
6749.038180351254	   1.8687326e-15
6751.3263275623285	   1.8668293e-15
6753.614474773403	   1.8717721e-15
6755.902621984478	   1.8636756e-15
6758.190769195553	   1.8455277e-15
6760.478916406628	   1.8331307e-15
6762.767063617703	   1.8281027e-15
6765.0552108287775	    1.825246e-15
6767.343358039852	   1.8299192e-15
6769.631505250927	   1.8493878e-15
6771.919652462002	   1.8644675e-15
6774.207799673077	   1.8527859e-15
6776.495946884152	   1.8328783e-15
6778.7840940952265	    1.828291e-15
6781.072241306301	   1.8323665e-15
6783.360388517376	   1.8341878e-15
6785.648535728451	   1.8288695e-15
6787.936682939526	      1.8128e-15
6790.224830150601	   1.7813704e-15
6792.512977361675	   1.7398777e-15
6794.80112457275	    1.724292e-15
6797.089271783825	   1.7469288e-15
 6799.3774189949	    1.759076e-15
6801.665566205975	   1.7399281e-15
6803.95371341705	   1.7270912e-15
6806.241860628124	   1.7311697e-15
6808.530007839199	    1.721275e-15
6810.818155050274	   1.6968943e-15
6813.106302261349	   1.6908777e-15
6815.394449472424	   1.7102052e-15
6817.682596683499	   1.7404009e-15
6819.970743894573	   1.7646048e-15
6822.258891105648	    1.762917e-15
6824.547038316723	   1.7461649e-15
6826.835185527798	   1.7432886e-15
6829.123332738873	   1.7476126e-15
6831.4114799499475	   1.7377637e-15
6833.699627161022	    1.715087e-15
6835.987774372097	   1.6885864e-15
6838.275921583172	    1.665761e-15
6840.564068794247	   1.6529691e-15
6842.852216005322	   1.6496145e-15
6845.1403632163965	   1.6522108e-15
6847.428510427471	   1.6514998e-15
6849.716657638546	   1.6407291e-15
6852.004804849621	   1.6374973e-15
6854.292952060696	   1.6486219e-15
6856.581099271771	   1.6246634e-15
6858.8692464828455	   1.5445977e-15
6861.15739369392	   1.4784854e-15
6863.445540904995	   1.4676544e-15
6865.73368811607	   1.4751463e-15
6868.021835327145	   1.4870971e-15
6870.30998253822	   1.5375924e-15
6872.5981297492945	   1.6181204e-15
6874.886276960369	   1.6632321e-15
6877.174424171444	   1.6553668e-15
6879.462571382519	   1.6287719e-15
6881.750718593594	   1.6048783e-15
6884.038865804669	   1.5962559e-15
6886.327013015743	   1.5979251e-15
6888.615160226818	   1.5900124e-15
6890.903307437893	   1.5797888e-15
6893.191454648968	   1.5887363e-15
6895.479601860043	   1.6062567e-15
6897.767749071118	   1.6096152e-15
6900.055896282192	   1.6071178e-15
6902.344043493267	   1.6153555e-15
6904.632190704342	   1.6241516e-15
6906.920337915417	   1.6194614e-15
6909.208485126492	   1.6102098e-15
6911.496632337567	   1.6069693e-15
6913.784779548641	   1.6042231e-15
6916.072926759716	   1.5958695e-15
6918.361073970791	   1.5780769e-15
6920.649221181866	   1.5541078e-15
6922.937368392941	   1.5562509e-15
6925.2255156040155	   1.5944618e-15
6927.51366281509	   1.6105601e-15
6929.801810026165	   1.5802861e-15
6932.08995723724	   1.5591978e-15
6934.378104448315	   1.5723071e-15
6936.66625165939	   1.5906127e-15
6938.9543988704645	    1.599996e-15
6941.242546081539	   1.6052106e-15
6943.530693292614	    1.605341e-15
6945.818840503689	   1.5945034e-15
6948.106987714764	   1.5805901e-15
6950.395134925839	    1.582923e-15
6952.6832821369135	   1.5935422e-15
6954.971429347988	   1.5865939e-15
6957.259576559063	   1.5674094e-15
6959.547723770138	   1.5572144e-15
6961.835870981213	   1.5483526e-15
6964.124018192288	   1.5232743e-15
6966.412165403362	   1.5023181e-15
6968.700312614437	   1.5127053e-15
6970.988459825512	    1.526794e-15
6973.276607036587	   1.5108652e-15
6975.564754247662	   1.4846189e-15
6977.852901458737	    1.473884e-15
6980.141048669811	   1.4850207e-15
6982.429195880886	   1.5165584e-15
6984.717343091961	   1.5442601e-15
6987.005490303036	   1.5513964e-15
6989.293637514111	   1.5597853e-15
6991.581784725186	   1.5784084e-15
6993.86993193626	   1.5734081e-15
6996.158079147335	   1.5351918e-15
6998.44622635841	   1.5053372e-15
7000.734373569485	   1.5010191e-15
7003.02252078056	   1.4982214e-15
7005.310667991635	   1.4898796e-15
7007.598815202709	    1.490615e-15
7009.886962413784	   1.4979312e-15
7012.175109624859	   1.4930325e-15
7014.463256835934	    1.479456e-15
7016.751404047009	    1.477845e-15
7019.0395512580835	   1.4856033e-15
7021.327698469158	    1.486412e-15
7023.615845680233	   1.4792356e-15
7025.903992891308	   1.4702536e-15
7028.192140102383	   1.4608171e-15
7030.480287313458	   1.4510794e-15
7032.7684345245325	   1.4466167e-15
7035.056581735607	   1.4530227e-15
7037.344728946682	   1.4636343e-15
7039.632876157757	   1.4699646e-15
7041.921023368832	   1.4778459e-15
7044.209170579907	   1.4916298e-15
7046.4973177909815	   1.4906791e-15
7048.785465002056	   1.4625893e-15
7051.073612213131	   1.4380051e-15
7053.361759424206	   1.4393893e-15
7055.649906635281	   1.4518412e-15
7057.938053846356	   1.4624747e-15
7060.22620105743	   1.4687801e-15
7062.514348268505	   1.4708239e-15
7064.80249547958	   1.4755071e-15
7067.090642690655	   1.4835767e-15
7069.37878990173	   1.4843322e-15
7071.666937112805	    1.479336e-15
7073.955084323879	   1.4852068e-15
7076.243231534954	   1.5006436e-15
7078.531378746029	   1.5085292e-15
7080.819525957104	   1.4997583e-15
7083.107673168179	   1.4710234e-15
7085.395820379254	   1.4335525e-15
7087.683967590328	   1.4069967e-15
7089.972114801403	   1.3971056e-15
7092.260262012478	   1.4022834e-15
7094.548409223553	    1.409609e-15
7096.836556434628	   1.4032138e-15
7099.1247036457025	     1.39596e-15
7101.412850856777	   1.4067009e-15
7103.700998067852	   1.4235438e-15
7105.989145278927	   1.4318251e-15
7108.277292490002	   1.4533282e-15
7110.565439701077	   1.5030279e-15
7112.8535869121515	   1.5316197e-15
7115.141734123226	   1.5049384e-15
7117.429881334301	   1.4739486e-15
7119.718028545376	   1.4747657e-15
7122.006175756451	   1.4763643e-15
7124.294322967526	   1.4609148e-15
7126.5824701786005	   1.4475142e-15
7128.870617389675	   1.4458112e-15
7131.15876460075	   1.4490848e-15
7133.446911811825	   1.4527962e-15
 7135.7350590229	   1.4549796e-15
7138.023206233975	   1.4542278e-15
7140.3113534450495	   1.4502896e-15
7142.599500656124	   1.4455058e-15
7144.887647867199	   1.4447566e-15
7147.175795078274	   1.4481736e-15
7149.463942289349	   1.4515098e-15
7151.752089500424	   1.4613981e-15
7154.040236711498	   1.4898888e-15
7156.328383922573	   1.5215898e-15
7158.616531133648	   1.5307856e-15
7160.904678344723	   1.5226505e-15
7163.192825555798	   1.5125332e-15
7165.480972766873	   1.5065089e-15
7167.769119977947	   1.5072561e-15
7170.057267189022	   1.4995121e-15
7172.345414400097	    1.470082e-15
7174.633561611172	   1.4469415e-15
7176.921708822247	    1.454057e-15
7179.209856033322	   1.4638252e-15
7181.498003244396	   1.4559575e-15
7183.786150455471	   1.4609868e-15
7186.074297666546	   1.4939229e-15
7188.362444877621	   1.5163123e-15
7190.650592088696	   1.5099202e-15
7192.9387392997705	   1.5064713e-15
7195.226886510845	   1.5182094e-15
7197.51503372192	   1.5212913e-15
7199.803180932995	   1.5102226e-15
7202.09132814407	    1.502664e-15
7204.379475355145	   1.5074026e-15
7206.6676225662195	   1.5269649e-15
7208.955769777294	   1.5432211e-15
7211.243916988369	   1.5188565e-15
7213.532064199444	   1.4679517e-15
7215.820211410519	   1.4395134e-15
7218.108358621594	   1.4337445e-15
7220.3965058326685	   1.4256174e-15
7222.684653043743	   1.4154438e-15
7224.972800254818	     1.41209e-15
7227.260947465893	   1.4166063e-15
7229.549094676968	   1.4275809e-15
7231.837241888043	   1.4388918e-15
7234.1253890991175	   1.4440587e-15
7236.413536310192	   1.4431603e-15
7238.701683521267	   1.4384899e-15
7240.989830732342	   1.4357184e-15
7243.277977943417	   1.4388446e-15
7245.566125154492	   1.4444524e-15
7247.854272365566	   1.4464154e-15
7250.142419576641	   1.4298677e-15
7252.430566787716	   1.3926458e-15
7254.718713998791	   1.3671815e-15
7257.006861209866	   1.3699921e-15
7259.295008420941	   1.3837147e-15
7261.583155632015	   1.3886922e-15
7263.87130284309	   1.3584749e-15
7266.159450054165	   1.3056653e-15
7268.44759726524	   1.2988829e-15
7270.735744476315	   1.3377977e-15
7273.02389168739	   1.3481517e-15
7275.312038898464	    1.329201e-15
7277.600186109539	   1.3383232e-15
7279.888333320614	   1.3741197e-15
7282.176480531689	   1.3995917e-15
7284.464627742764	     1.41324e-15
7286.7527749538385	   1.4300813e-15
7289.040922164913	   1.4335396e-15
7291.329069375988	   1.3991932e-15
7293.617216587063	   1.3524412e-15
7295.905363798138	   1.3302408e-15
7298.193511009213	    1.326835e-15
7300.4816582202875	   1.3272894e-15
7302.769805431362	   1.3264682e-15
7305.057952642437	   1.3228114e-15
7307.346099853512	   1.3342872e-15
7309.634247064587	   1.3716811e-15
7311.922394275662	   1.4062532e-15
7314.2105414867365	   1.4146442e-15
7316.498688697811	   1.4023663e-15
7318.786835908886	   1.3782483e-15
7321.074983119961	   1.3509891e-15
7323.363130331036	   1.3325047e-15
7325.651277542111	   1.3411456e-15
7327.939424753185	   1.3723736e-15
7330.22757196426	   1.3864066e-15
7332.515719175335	   1.3696401e-15
7334.80386638641	   1.3399485e-15
7337.092013597485	    1.317421e-15
7339.38016080856	   1.3276111e-15
7341.668308019634	   1.3516805e-15
7343.956455230709	    1.335238e-15
7346.244602441784	   1.2876811e-15
7348.532749652859	    1.256329e-15
7350.820896863934	   1.2499441e-15
7353.109044075009	    1.259252e-15
7355.397191286083	   1.2726455e-15
7357.685338497158	   1.2773651e-15
7359.973485708233	   1.2738095e-15
7362.261632919308	   1.2675454e-15
7364.549780130383	   1.2709897e-15
7366.8379273414575	   1.2940365e-15
7369.126074552532	   1.3235868e-15
7371.414221763607	   1.3430515e-15
7373.702368974682	   1.3354929e-15
7375.990516185757	   1.2963305e-15
7378.278663396832	   1.2718697e-15
7380.5668106079065	   1.2869632e-15
7382.854957818981	   1.2813693e-15
7385.143105030056	   1.2277449e-15
7387.431252241131	   1.1908395e-15
7389.719399452206	     1.19857e-15
7392.007546663281	   1.2045735e-15
7394.2956938743555	   1.1907228e-15
7396.58384108543	   1.1809847e-15
7398.871988296505	   1.1824881e-15
7401.16013550758	   1.1847059e-15
7403.448282718655	    1.185302e-15
7405.73642992973	   1.1879157e-15
7408.0245771408045	   1.1937183e-15
7410.312724351879	   1.2028279e-15
7412.600871562954	   1.2116536e-15
7414.889018774029	    1.214395e-15
7417.177165985104	   1.2149056e-15
7419.465313196179	   1.2209368e-15
7421.753460407253	   1.2300108e-15
7424.041607618328	   1.2361823e-15
7426.329754829403	   1.2364274e-15
7428.617902040478	    1.229291e-15
7430.906049251553	   1.2152808e-15
7433.194196462628	    1.196981e-15
7435.482343673702	   1.1867096e-15
7437.770490884777	   1.1929966e-15
7440.058638095852	   1.2042237e-15
7442.346785306927	   1.2062493e-15
7444.634932518002	   1.1784505e-15
7446.923079729077	   1.1218062e-15
7449.211226940151	   1.1048661e-15
7451.499374151226	   1.1524889e-15
7453.787521362301	   1.1797244e-15
7456.075668573376	   1.1512957e-15
7458.363815784451	   1.1277871e-15
7460.6519629955255	   1.1338798e-15
 7462.9401102066	   1.1435613e-15
7465.228257417675	   1.1494367e-15
7467.51640462875	   1.1620026e-15
7469.804551839825	   1.1803178e-15
 7472.0926990509	   1.1951803e-15
7474.3808462619745	   1.2047022e-15
7476.668993473049	   1.2116051e-15
7478.957140684124	   1.2168881e-15
7481.245287895199	   1.2210025e-15
7483.533435106274	   1.2210375e-15
7485.821582317349	   1.2126743e-15
7488.1097295284235	   1.2008627e-15
7490.397876739498	   1.1930877e-15
7492.686023950573	   1.1780325e-15
7494.974171161648	    1.143605e-15
7497.262318372723	   1.1138792e-15
7499.550465583798	   1.1128796e-15
7501.8386127948725	   1.1208583e-15
7504.126760005947	   1.1174057e-15
7506.414907217022	   1.1119789e-15
7508.703054428097	   1.1127491e-15
7510.991201639172	   1.1135206e-15
7513.279348850247	   1.1101304e-15
7515.567496061321	   1.1033315e-15
7517.855643272396	   1.0978502e-15
7520.143790483471	   1.1077074e-15
7522.431937694546	   1.1345456e-15
7524.720084905621	   1.1583772e-15
7527.008232116696	   1.1698219e-15
7529.29637932777	   1.1760633e-15
7531.584526538845	   1.1730678e-15
7533.87267374992	   1.1439492e-15
7536.160820960995	   1.1017738e-15
7538.44896817207	   1.0838883e-15
7540.737115383145	   1.0886044e-15
7543.025262594219	   1.0895038e-15
7545.313409805294	   1.0746744e-15
7547.601557016369	   1.0396536e-15
7549.889704227444	   1.0048949e-15
7552.177851438519	    9.997365e-16
7554.4659986495935	   1.0142194e-15
7556.754145860668	   1.0266088e-15
7559.042293071743	   1.0350712e-15
7561.330440282818	   1.0424131e-15
7563.618587493893	    1.055085e-15
7565.906734704968	   1.0777385e-15
7568.1948819160425	   1.0960023e-15
7570.483029127117	   1.0984069e-15
7572.771176338192	   1.0989761e-15
7575.059323549267	   1.1071391e-15
7577.347470760342	    1.113037e-15
7579.635617971417	   1.1019503e-15
7581.9237651824915	   1.0455367e-15
7584.211912393566	    9.427417e-16
7586.500059604641	   8.5108965e-16
7588.788206815716	   7.9118754e-16
7591.076354026791	   7.1760097e-16
7593.364501237866	   6.2945904e-16
7595.65264844894	   5.8149177e-16
7597.940795660015	   5.9762357e-16
7600.22894287109	   6.6914406e-16
7602.517090082165	    7.966088e-16
7604.80523729324	    9.859298e-16
7607.093384504315	    1.187266e-15
7609.381531715389	   1.3203574e-15
7611.669678926464	   1.3599704e-15
7613.957826137539	   1.3148168e-15
7616.245973348614	   1.2128006e-15
7618.534120559689	   1.0933193e-15
7620.822267770764	    9.964269e-16
7623.110414981838	    9.544522e-16
7625.398562192913	    9.656811e-16
7627.686709403988	    1.012767e-15
7629.974856615063	   1.0552995e-15
7632.263003826138	   1.0591387e-15
7634.551151037213	   1.0484171e-15
7636.839298248287	   1.0493184e-15
7639.127445459362	   1.0568033e-15
7641.415592670437	   1.0644676e-15
7643.703739881512	    1.067351e-15
7645.991887092587	   1.0633312e-15
7648.2800343036615	   1.0604666e-15
7650.568181514736	   1.0603418e-15
7652.856328725811	   1.0486798e-15
7655.144475936886	   1.0283082e-15
7657.432623147961	   1.0293516e-15
7659.720770359036	   1.0561501e-15
7662.0089175701105	   1.0809801e-15
7664.297064781185	    1.095949e-15
7666.58521199226	   1.1131598e-15
7668.873359203335	   1.1247892e-15
7671.16150641441	   1.1083668e-15
7673.449653625485	   1.0813624e-15
7675.7378008365595	   1.0841201e-15
7678.025948047634	   1.1021609e-15
7680.314095258709	    1.096854e-15
7682.602242469784	   1.0787349e-15
7684.890389680859	   1.0736838e-15
7687.178536891934	   1.0774726e-15
7689.466684103008	   1.0782888e-15
7691.754831314083	   1.0704901e-15
7694.042978525158	   1.0507385e-15
7696.331125736233	   1.0182787e-15
7698.619272947308	    9.773189e-16
7700.907420158383	      9.4979e-16
7703.195567369457	    9.517167e-16
7705.483714580532	    9.710042e-16
7707.771861791607	    9.937199e-16
7710.060009002682	   1.0124191e-15
7712.348156213757	    1.020548e-15
7714.636303424832	    1.010975e-15
7716.924450635906	    9.916369e-16
7719.212597846981	    9.984288e-16
7721.500745058056	   1.0372837e-15
7723.788892269131	   1.0675203e-15
7726.077039480206	   1.0790242e-15
7728.3651866912805	   1.0996675e-15
7730.653333902355	   1.1211106e-15
7732.94148111343	   1.1029083e-15
7735.229628324505	   1.0561905e-15
7737.51777553558	   1.0277027e-15
7739.805922746655	   1.0200363e-15
7742.0940699577295	   1.0115874e-15
7744.382217168804	    9.981265e-16
7746.670364379879	    9.819081e-16
7748.958511590954	    9.655719e-16
7751.246658802029	    9.527832e-16
7753.534806013104	    9.408053e-16
7755.8229532241785	    9.263337e-16
7758.111100435253	    9.245767e-16
7760.399247646328	    9.482562e-16
7762.687394857403	    9.679255e-16
7764.975542068478	    9.593811e-16
7767.263689279553	    9.577346e-16
7769.5518364906275	    9.886084e-16
7771.839983701702	   1.0190571e-15
7774.128130912777	    1.025283e-15
7776.416278123852	   1.0203501e-15
7778.704425334927	   1.0154009e-15
7780.992572546002	   1.0156141e-15
7783.280719757076	   1.0191563e-15
7785.568866968151	   1.0095924e-15
7787.857014179226	    9.840682e-16
7790.145161390301	    9.603761e-16
7792.433308601376	    9.409919e-16
7794.721455812451	    9.110246e-16
7797.009603023525	     8.74764e-16
 7799.2977502346	    8.518601e-16
7801.585897445675	   8.4577383e-16
7803.87404465675	    8.493999e-16
7806.162191867825	    8.539333e-16
 7808.4503390789	    8.497493e-16
7810.738486289974	   8.3910917e-16
7813.026633501049	    8.298328e-16
7815.314780712124	    8.268261e-16
7817.602927923199	    8.331843e-16
7819.891075134274	   8.4657264e-16
7822.1792223453485	   8.6219293e-16
7824.467369556423	   8.7365546e-16
7826.755516767498	   8.7525365e-16
7829.043663978573	   8.6407266e-16
7831.331811189648	   8.4097454e-16
7833.619958400723	   8.1868794e-16
7835.9081056117975	    8.063997e-16
7838.196252822872	   7.9479875e-16
7840.484400033947	    7.788759e-16
7842.772547245022	   7.7093344e-16
7845.060694456097	    7.733568e-16
7847.348841667172	    7.678905e-16
7849.6369888782465	   7.4441353e-16
7851.925136089321	   7.0558294e-16
7854.213283300396	    6.619383e-16
7856.501430511471	   6.3390193e-16
7858.789577722546	    6.294885e-16
7861.077724933621	   6.4325784e-16
7863.3658721446955	     6.63759e-16
7865.65401935577	    6.748607e-16
7867.942166566845	   6.7164366e-16
7870.23031377792	    6.572664e-16
7872.518460988995	   6.4176394e-16
7874.80660820007	   6.3850233e-16
7877.094755411144	    6.426213e-16
7879.382902622219	   6.4183403e-16
7881.671049833294	    6.379884e-16
7883.959197044369	   6.3638305e-16
7886.247344255444	   6.3120387e-16
7888.535491466519	    6.160799e-16
7890.823638677593	    5.975612e-16
7893.111785888668	   5.8289583e-16
7895.399933099743	    5.684883e-16
7897.688080310818	   5.5123374e-16
7899.976227521893	   5.3698363e-16
7902.264374732968	    5.289268e-16
7904.552521944042	   5.1998813e-16
7906.840669155117	    5.054475e-16
7909.128816366192	   4.8635187e-16
7911.416963577267	   4.6855237e-16
7913.705110788342	    4.684693e-16
7915.9932579994165	    4.865533e-16
7918.281405210491	   4.9713126e-16
7920.569552421566	   4.9165884e-16
7922.857699632641	    4.834404e-16
7925.145846843716	   4.7911646e-16
7927.433994054791	    4.798026e-16
7929.7221412658655	   4.8364496e-16
7932.01028847694	   4.8543617e-16
7934.298435688015	   4.8723797e-16
7936.58658289909	   4.9521035e-16
7938.874730110165	   5.0942753e-16
7941.16287732124	    5.269086e-16
7943.4510245323145	   5.4004793e-16
7945.739171743389	   5.4030363e-16
7948.027318954464	   5.3109665e-16
7950.315466165539	   5.1966525e-16
7952.603613376614	    5.035451e-16
7954.891760587689	    4.804872e-16
7957.179907798763	    4.672631e-16
7959.468055009838	   4.7678796e-16
7961.756202220913	    4.876244e-16
7964.044349431988	   4.8110307e-16
7966.332496643063	   4.6837195e-16
7968.620643854138	    4.592541e-16
7970.908791065212	    4.522637e-16
7973.196938276287	   4.4415295e-16
7975.485085487362	    4.237275e-16
7977.773232698437	   3.9640417e-16
7980.061379909512	    4.031054e-16
7982.349527120587	     4.47016e-16
7984.637674331661	   4.7296996e-16
7986.925821542736	    4.645307e-16
7989.213968753811	    4.512314e-16
7991.502115964886	   4.4767105e-16
7993.790263175961	    4.567504e-16
7996.078410387036	    4.732371e-16
7998.36655759811	   4.8345004e-16
8000.654704809185	    4.903638e-16
8002.94285202026	   5.0685705e-16
8005.230999231335	    5.226487e-16
8007.51914644241	    5.189722e-16
8009.8072936534845	   4.9888065e-16
8012.095440864559	   4.7332434e-16
8014.383588075634	    4.612701e-16
8016.671735286709	   4.7912906e-16
8018.959882497784	     4.97996e-16
8021.248029708859	    4.863047e-16
8023.5361769199335	    4.610806e-16
8025.824324131008	    4.448097e-16
8028.112471342083	    4.489113e-16
8030.400618553158	    4.751848e-16
8032.688765764233	   4.9314893e-16
8034.976912975308	    4.829659e-16
8037.2650601863825	    4.651318e-16
8039.553207397457	   4.5603216e-16
8041.841354608532	    4.555789e-16
8044.129501819607	   4.6576124e-16
8046.417649030682	    4.936212e-16
8048.705796241757	   5.3131153e-16
8050.993943452831	    5.504235e-16
8053.282090663906	   5.4524675e-16
8055.570237874981	   5.3597016e-16
8057.858385086056	   5.3279574e-16
8060.146532297131	    5.374431e-16
8062.434679508206	   5.4748075e-16
8064.72282671928	   5.5701877e-16
8067.010973930355	   5.6050997e-16
8069.29912114143	    5.523577e-16
8071.587268352505	   5.4676035e-16
8073.87541556358	    5.652203e-16
8076.163562774655	    5.833883e-16
8078.451709985729	    5.656751e-16
8080.739857196804	    5.333546e-16
8083.028004407879	    5.188276e-16
8085.316151618954	   5.1883923e-16
8087.604298830029	   5.2326175e-16
8089.8924460411035	   5.2145286e-16
8092.180593252178	    5.072883e-16
8094.468740463253	    4.986988e-16
8096.756887674328	     5.10328e-16
8099.045034885403	    5.373405e-16
8101.333182096478	    5.696654e-16
8103.6213293075525	   5.8548527e-16
8105.909476518627	    5.794827e-16
8108.197623729702	   5.8515805e-16
8110.485770940777	   6.1514296e-16
8112.773918151852	    6.446516e-16
8115.062065362927	    6.589038e-16
8117.3502125740015	   6.5470596e-16
8119.638359785076	    6.437557e-16
8121.926506996151	    6.555625e-16
8124.214654207226	   6.8900106e-16
8126.502801418301	   7.1724384e-16
8128.790948629376	    7.270028e-16
8131.0790958404505	    7.138329e-16
8133.367243051525	   6.9065124e-16
 8135.6553902626	    6.796503e-16
8137.943537473675	    6.835439e-16
8140.23168468475	    6.960062e-16
8142.519831895825	    7.044215e-16
8144.807979106899	    6.956285e-16
8147.096126317974	   6.7977946e-16
8149.384273529049	    6.715095e-16
8151.672420740124	    6.662151e-16
8153.960567951199	    6.577796e-16
8156.248715162274	   6.5313874e-16
8158.536862373348	    6.576914e-16
8160.825009584423	     6.64837e-16
8163.113156795498	   6.6870705e-16
8165.401304006573	   6.6802164e-16
8167.689451217648	   6.6610057e-16
8169.977598428723	   6.7888897e-16
8172.265745639797	   7.1010944e-16
8174.553892850872	   7.3657546e-16
8176.842040061947	   7.4849416e-16
8179.130187273022	    7.593561e-16
8181.418334484097	    7.745362e-16
8183.7064816951715	    7.896385e-16
8185.994628906246	    8.011264e-16
8188.282776117321	   8.0512695e-16
8190.570923328396	   8.0413353e-16
8192.85907053947	    8.060461e-16
8195.147217750546	   8.1035997e-16
8197.43536496162	   8.1174317e-16
8199.723512172695	   8.0650454e-16
8202.01165938377	    7.911596e-16
8204.299806594845	    7.793278e-16
8206.58795380592	   7.8969776e-16
8208.876101016995	   7.9327764e-16
8211.16424822807	    7.530643e-16
8213.452395439144	   7.0627767e-16
8215.74054265022	   6.9891214e-16
8218.028689861294	    7.051929e-16
8220.316837072369	   6.9507677e-16
8222.604984283444	   6.9073366e-16
8224.893131494518	    7.095657e-16
8227.181278705593	    7.242721e-16
8229.469425916668	   7.1668945e-16
8231.757573127743	    7.065564e-16
8234.045720338818	   7.1083174e-16
8236.333867549893	      7.3698e-16
8238.622014760967	     7.78208e-16
8240.910161972042	   7.9842374e-16
8243.198309183117	   7.8760644e-16
8245.486456394192	    7.789968e-16
8247.774603605267	    7.844309e-16
8250.062750816342	    7.882103e-16
8252.350898027416	    7.908498e-16
8254.639045238491	   8.0747783e-16
8256.927192449566	    8.332767e-16
8259.21533966064	    8.488804e-16
8261.503486871716	    8.549243e-16
8263.79163408279	    8.638792e-16
8266.079781293865	    8.722907e-16
8268.36792850494	    8.703978e-16
8270.656075716015	    8.610592e-16
8272.94422292709	   8.5098917e-16
8275.232370138165	    8.465336e-16
8277.52051734924	    8.521225e-16
8279.808664560314	    8.480469e-16
8282.09681177139	    8.157328e-16
8284.384958982464	    7.828433e-16
8286.673106193539	    7.765859e-16
8288.961253404614	     7.79789e-16
8291.249400615689	    7.757773e-16
8293.537547826763	   7.7387884e-16
8295.825695037838	    7.789676e-16
8298.113842248913	   7.7622353e-16
8300.401989459988	   7.6121543e-16
8302.690136671063	   7.5791677e-16
8304.978283882137	   7.7045063e-16
8307.266431093212	   7.6130675e-16
8309.554578304287	   7.2829545e-16
8311.842725515362	     7.22643e-16
8314.130872726437	    7.558655e-16
8316.419019937512	    7.938274e-16
8318.707167148586	    8.206113e-16
8320.995314359661	   8.3585354e-16
8323.283461570736	   8.4130547e-16
8325.571608781811	    8.414318e-16
8327.859755992886	    8.458742e-16
8330.14790320396	   8.6669883e-16
8332.436050415035	    8.898597e-16
8334.72419762611	      8.9036e-16
8337.012344837185	   8.8141073e-16
8339.30049204826	    8.873904e-16
8341.588639259335	    8.953235e-16
8343.87678647041	   8.8527675e-16
8346.164933681484	    8.650967e-16
8348.45308089256	   8.4632864e-16
8350.741228103634	    8.260527e-16
8353.029375314709	     8.01188e-16
8355.317522525784	   7.7844594e-16
8357.605669736859	    7.614608e-16
8359.893816947933	   7.3698156e-16
8362.181964159008	   7.0111813e-16
8364.470111370083	    6.798502e-16
8366.758258581158	    6.877187e-16
8369.046405792233	    7.108218e-16
8371.334553003308	    7.386409e-16
8373.622700214382	   7.6992087e-16
8375.910847425457	   7.9712725e-16
8378.198994636532	    8.053634e-16
8380.487141847607	    7.941424e-16
8382.775289058682	   7.7670205e-16
8385.063436269756	   7.7208747e-16
8387.351583480831	    8.048296e-16
8389.639730691906	    8.612793e-16
8391.927877902981	    9.003156e-16
8394.216025114056	    9.200748e-16
8396.50417232513	    9.403298e-16
8398.792319536205	     9.51489e-16
8401.08046674728	    9.346774e-16
8403.368613958355	     9.02616e-16
8405.65676116943	   8.7688784e-16
8407.944908380505	    8.573664e-16
8410.23305559158	   8.3878327e-16
8412.521202802654	    8.242454e-16
8414.80935001373	    8.160665e-16
8417.097497224804	   8.0700365e-16
8419.385644435879	   7.9096773e-16
8421.673791646954	   7.7149704e-16
8423.961938858029	    7.538363e-16
8426.250086069103	    7.428127e-16
8428.538233280178	   7.4357724e-16
8430.826380491253	   7.6642426e-16
8433.114527702328	   8.0436546e-16
8435.402674913403	     8.12896e-16
8437.690822124478	    7.800901e-16
8439.978969335552	   7.4746756e-16
8442.267116546627	   7.4632004e-16
8444.555263757702	     7.98178e-16
8446.843410968777	   8.7606267e-16
8449.131558179852	    8.964121e-16
8451.419705390927	   8.6882006e-16
8453.707852602001	    8.816422e-16
8455.995999813076	    9.329589e-16
8458.284147024151	     9.64586e-16
8460.572294235226	     9.64461e-16
 8462.8604414463	    9.421551e-16
8465.148588657376	    9.130826e-16
8467.43673586845	    8.961167e-16
8469.724883079525	    8.792985e-16
 8472.0130302906	    8.431029e-16
8474.301177501675	   8.0910985e-16
8476.58932471275	    8.028813e-16
8478.877471923824	    8.000406e-16
 8481.1656191349	   7.7594015e-16
8483.453766345974	    7.615704e-16
8485.741913557049	    7.814836e-16
8488.030060768124	    8.016773e-16
8490.318207979199	    7.967423e-16
8492.606355190273	   7.8350103e-16
8494.894502401348	    7.814353e-16
8497.182649612423	     8.14028e-16
8499.470796823498	   8.8015516e-16
8501.758944034573	    9.268456e-16
8504.047091245648	    9.327351e-16
8506.335238456722	    9.305145e-16
8508.623385667797	     9.36018e-16
8510.911532878872	    9.430785e-16
8513.199680089947	    9.531832e-16
8515.487827301022	    9.741989e-16
8517.775974512097	    9.962962e-16
8520.064121723171	    9.964875e-16
8522.352268934246	    9.779017e-16
8524.640416145321	    9.596832e-16
8526.928563356396	    9.464289e-16
8529.21671056747	     9.35638e-16
8531.504857778546	    9.221523e-16
8533.79300498962	     9.00226e-16
8536.081152200695	   8.6515326e-16
8538.36929941177	    8.154863e-16
8540.657446622845	   7.7694266e-16
8542.94559383392	    7.748567e-16
8545.233741044995	    7.879443e-16
8547.52188825607	    7.915924e-16
8549.810035467144	   7.9266767e-16
8552.098182678219	    7.995734e-16
8554.386329889294	    8.101343e-16
8556.674477100369	   8.2405194e-16
8558.962624311444	    8.515467e-16
8561.250771522518	    8.898132e-16
8563.538918733593	    9.008081e-16
8565.827065944668	   8.7588485e-16
8568.115213155743	    8.655798e-16
8570.403360366818	    8.899231e-16
8572.691507577892	    9.206433e-16
8574.979654788967	    9.436795e-16
8577.267802000042	    9.616814e-16
8579.555949211117	    9.717246e-16
8581.844096422192	    9.667587e-16
8584.132243633267	    9.539377e-16
8586.420390844341	    9.511764e-16
8588.708538055416	    9.502126e-16
8590.996685266491	     9.27995e-16
8593.284832477566	    8.913707e-16
8595.57297968864	    8.599951e-16
8597.861126899716	    8.393247e-16
8600.14927411079	    8.296176e-16
8602.437421321865	    8.155212e-16
8604.72556853294	    7.807357e-16
8607.013715744015	    7.586188e-16
8609.30186295509	    7.823966e-16
8611.590010166165	    8.033243e-16
8613.87815737724	    7.779746e-16
8616.166304588314	    7.629362e-16
8618.454451799389	    8.007867e-16
8620.742599010464	    8.340601e-16
8623.030746221539	   8.2481437e-16
8625.318893432614	     8.14769e-16
8627.607040643688	    8.308315e-16
8629.895187854763	    8.600934e-16
8632.183335065838	   8.8749486e-16
8634.471482276913	    8.922246e-16
8636.759629487988	   8.7485406e-16
8639.047776699063	   8.6846696e-16
8641.335923910137	    8.858803e-16
8643.624071121212	      9.1706e-16
8645.912218332287	    9.475167e-16
8648.200365543362	    9.573402e-16
8650.488512754437	    9.479314e-16
8652.776659965511	    9.374202e-16
8655.064807176586	    9.261305e-16
8657.352954387661	     9.04306e-16
8659.641101598736	     8.81782e-16
8661.92924880981	    8.754956e-16
8664.217396020886	    8.655661e-16
8666.50554323196	   8.2356553e-16
8668.793690443035	   7.7535935e-16
8671.08183765411	   7.5608617e-16
8673.369984865185	    7.522707e-16
8675.65813207626	   7.4407075e-16
8677.946279287335	   7.3385023e-16
8680.23442649841	   7.2755265e-16
8682.522573709484	   7.3695376e-16
8684.81072092056	   7.6775384e-16
8687.098868131634	   8.0220733e-16
8689.387015342709	   8.2538564e-16
8691.675162553784	   8.3622195e-16
8693.963309764858	     8.37067e-16
8696.251456975933	   8.3481084e-16
8698.539604187008	     8.37101e-16
8700.827751398083	   8.5217544e-16
8703.115898609158	    8.774951e-16
8705.404045820233	    8.944965e-16
8707.692193031307	    9.013272e-16
8709.980340242382	    9.161623e-16
8712.268487453457	    9.330081e-16
8714.556634664532	    9.257253e-16
8716.844781875607	     8.97987e-16
8719.132929086682	    8.726879e-16
8721.421076297756	   8.5597317e-16
8723.709223508831	    8.456329e-16
8725.997370719906	    8.340794e-16
8728.28551793098	    8.114303e-16
8730.573665142056	   7.8792455e-16
8732.86181235313	   7.7877104e-16
8735.149959564205	    7.742893e-16
8737.43810677528	    7.607167e-16
8739.726253986355	    7.470122e-16
8742.01440119743	   7.4285875e-16
8744.302548408505	    7.306331e-16
8746.59069561958	    6.995344e-16
8748.878842830654	     6.88411e-16
8751.16699004173	   7.2021295e-16
8753.455137252804	   7.4765555e-16
8755.743284463879	    7.403068e-16
8758.031431674954	   7.2323056e-16
8760.319578886028	    7.190042e-16
8762.607726097103	    7.434304e-16
8764.895873308178	   7.9167855e-16
8767.184020519253	   8.2168745e-16
8769.472167730328	    8.230541e-16
8771.760314941403	   8.2929454e-16
8774.048462152477	    8.492503e-16
8776.336609363552	   8.6601887e-16
8778.624756574627	   8.8033087e-16
8780.912903785702	    9.067289e-16
8783.201050996777	    9.311962e-16
8785.489198207852	    9.229623e-16
8787.777345418926	    8.932588e-16
8790.065492630001	    8.733506e-16
8792.353639841076	   8.6913966e-16
8794.64178705215	    8.757107e-16
8796.929934263226	   8.7991514e-16
 8799.2180814743	   8.6704505e-16
8801.506228685375	    8.380504e-16
8803.79437589645	     7.99615e-16
8806.082523107525	   7.6468133e-16
 8808.3706703186	   7.4439865e-16
8810.658817529675	    7.329089e-16
8812.94696474075	    7.225839e-16
8815.235111951824	   7.1161414e-16
 8817.5232591629	    6.992837e-16
8819.811406373974	   6.8489644e-16
8822.099553585049	    6.733502e-16
8824.387700796124	   6.8564824e-16
8826.675848007199	    7.224555e-16
8828.963995218273	    7.431016e-16
8831.252142429348	   7.3168935e-16
8833.540289640423	    7.106943e-16
8835.828436851498	   7.0176907e-16
8838.116584062573	   7.2695756e-16
8840.404731273647	     7.78754e-16
8842.692878484722	    8.201561e-16
8844.981025695797	     8.35082e-16
8847.269172906872	    8.227889e-16
8849.557320117947	   8.0581484e-16
8851.845467329022	   8.2180704e-16
8854.133614540096	    8.536535e-16
8856.421761751171	    8.587179e-16
8858.709908962246	   8.4557393e-16
8860.998056173321	    8.399113e-16
8863.286203384396	    8.423211e-16
8865.57435059547	   8.4612556e-16
8867.862497806545	   8.4040703e-16
8870.15064501762	    8.154593e-16
8872.438792228695	   7.7094684e-16
8874.72693943977	    7.137705e-16
8877.015086650845	    6.795546e-16
8879.30323386192	    6.899641e-16
8881.591381072994	    6.968997e-16
8883.87952828407	    6.680366e-16
8886.167675495144	    6.422313e-16
8888.455822706219	   6.4176743e-16
8890.743969917294	     6.37786e-16
8893.032117128369	    6.222406e-16
8895.320264339443	   6.2843217e-16
8897.608411550518	    6.632985e-16
8899.896558761593	   6.9607564e-16
8902.184705972668	     7.10816e-16
8904.472853183743	   7.0632066e-16
8906.761000394818	   6.9756705e-16
8909.049147605892	    7.177839e-16
8911.337294816967	   7.5209633e-16
8913.625442028042	   7.4998955e-16
8915.913589239117	   7.1800087e-16
8918.201736450192	    6.951677e-16
8920.489883661267	   6.8797625e-16
8922.778030872341	    6.884767e-16
8925.066178083416	   7.0282066e-16
8927.354325294491	    7.384938e-16
8929.642472505566	    7.739955e-16
8931.93061971664	    7.837954e-16
8934.218766927715	   7.8398527e-16
8936.50691413879	     7.94341e-16
8938.795061349865	    7.893142e-16
8941.08320856094	    7.484433e-16
8943.371355772015	   7.1050214e-16
8945.65950298309	   7.0362455e-16
8947.947650194164	    6.883747e-16
8950.23579740524	    6.419129e-16
8952.523944616314	   6.0308243e-16
8954.812091827389	   5.9757184e-16
8957.100239038464	   6.1838736e-16
8959.388386249539	   6.5024364e-16
8961.676533460613	    6.639841e-16
8963.964680671688	    6.487851e-16
8966.252827882763	    6.218407e-16
8968.540975093838	   5.9633666e-16
8970.829122304913	   5.7926037e-16
8973.117269515988	     5.78675e-16
8975.405416727062	   6.0346164e-16
8977.693563938137	    6.347314e-16
8979.981711149212	   6.3455616e-16
8982.269858360287	    6.119377e-16
8984.558005571362	    6.018768e-16
8986.846152782437	    6.038024e-16
8989.134299993511	    6.028439e-16
8991.422447204586	   6.0542146e-16
8993.710594415661	   6.2225195e-16
8995.998741626736	    6.461306e-16
8998.28688883781	    6.664325e-16
9000.575036048886	   6.7548823e-16
9002.86318325996	   6.7038814e-16
9005.151330471035	    6.814817e-16
9007.43947768211	   7.2834177e-16
9009.727624893185	    7.504814e-16
9012.01577210426	    7.104282e-16
9014.303919315334	     6.84769e-16
9016.59206652641	   7.1957826e-16
9018.880213737484	   7.5269497e-16
9021.168360948559	   7.5015244e-16
9023.456508159634	   7.5084293e-16
9025.744655370709	    7.650061e-16
9028.032802581783	   7.5312844e-16
9030.320949792858	    7.081607e-16
9032.609097003933	    6.645612e-16
9034.897244215008	    6.380003e-16
9037.185391426083	   6.2546655e-16
9039.473538637158	   6.2052787e-16
9041.761685848232	   6.1187373e-16
9044.049833059307	   6.0053704e-16
9046.337980270382	    5.963524e-16
9048.626127481457	     5.95788e-16
9050.914274692532	    5.896738e-16
9053.202421903607	    5.750195e-16
9055.490569114681	   5.5156726e-16
9057.778716325756	    5.402486e-16
9060.066863536831	    5.644466e-16
9062.355010747906	   5.9267165e-16
9064.64315795898	    5.872132e-16
9066.931305170056	   5.7537175e-16
9069.21945238113	   5.8873194e-16
9071.507599592205	   6.0953825e-16
9073.79574680328	    6.199636e-16
9076.083894014355	   6.3404604e-16
9078.37204122543	    6.582729e-16
9080.660188436505	   6.6133495e-16
9082.94833564758	    6.335104e-16
9085.236482858654	   6.2984094e-16
9087.524630069729	    6.683858e-16
9089.812777280804	    6.827019e-16
9092.100924491879	   6.5513737e-16
9094.389071702954	   6.5095615e-16
9096.677218914028	   6.8662153e-16
9098.965366125103	   7.1647076e-16
9101.253513336178	    7.268461e-16
9103.541660547253	    7.350119e-16
9105.829807758328	    7.392838e-16
9108.117954969402	    7.252016e-16
9110.406102180477	   6.9931273e-16
9112.694249391552	    6.798509e-16
9114.982396602627	   6.7176357e-16
9117.270543813702	   6.7333217e-16
9119.558691024777	   6.7332645e-16
9121.846838235851	    6.576594e-16
9124.134985446926	   6.3774503e-16
9126.423132658001	    6.307733e-16
9128.711279869076	   6.2947846e-16
9130.99942708015	    6.224169e-16
9133.287574291226	   6.0663203e-16
 9135.5757215023	   5.8291966e-16
9137.863868713375	   5.6743425e-16
9140.15201592445	    5.705849e-16
9142.440163135525	    5.673763e-16
 9144.7283103466	    5.435335e-16
9147.016457557675	    5.293771e-16
9149.30460476875	   5.4332987e-16
9151.592751979824	    5.688007e-16
9153.880899190899	   5.9342594e-16
9156.169046401974	    6.162253e-16
9158.457193613049	    6.332587e-16
9160.745340824124	    6.353492e-16
9163.033488035198	   6.2830966e-16
9165.321635246273	   6.3971285e-16
9167.609782457348	    6.556254e-16
9169.897929668423	    6.180314e-16
9172.186076879498	   5.5597856e-16
9174.474224090573	    5.646428e-16
9176.762371301647	   6.2155034e-16
9179.050518512722	    6.366085e-16
9181.338665723797	    6.156476e-16
9183.626812934872	   6.0554253e-16
9185.914960145947	   6.2394713e-16
9188.203107357022	    6.767658e-16
9190.491254568096	    7.184408e-16
9192.779401779171	    6.968369e-16
9195.067548990246	   6.5410367e-16
9197.35569620132	   6.4395405e-16
9199.643843412396	   6.4443643e-16
9201.93199062347	   6.2843815e-16
9204.220137834545	     6.03779e-16
9206.50828504562	   5.8055686e-16
9208.796432256695	    5.656987e-16
9211.08457946777	    5.630221e-16
9213.372726678845	    5.681871e-16
9215.66087388992	   5.7347487e-16
9217.949021100994	   5.6500417e-16
9220.23716831207	   5.4025514e-16
9222.525315523144	   5.1509466e-16
9224.813462734219	   5.0724896e-16
9227.101609945294	    5.424894e-16
9229.389757156368	    5.952311e-16
9231.677904367443	   5.7353093e-16
9233.966051578518	    5.002154e-16
9236.254198789593	    5.047026e-16
9238.542346000668	    5.815251e-16
9240.830493211743	    6.316729e-16
9243.118640422817	     6.34267e-16
9245.406787633892	   6.0858216e-16
9247.694934844967	   5.9195925e-16
9249.983082056042	    6.299255e-16
9252.271229267117	    6.783072e-16
9254.559376478192	   6.6717037e-16
9256.847523689266	    6.312395e-16
9259.135670900341	    6.264814e-16
9261.423818111416	   6.3292557e-16
9263.71196532249	   6.2271956e-16
9266.000112533566	    6.161375e-16
9268.28825974464	   6.3171484e-16
9270.576406955715	   6.5279193e-16
9272.86455416679	    6.631279e-16
9275.152701377865	    6.589725e-16
9277.44084858894	     6.43653e-16
9279.728995800015	    6.418018e-16
9282.01714301109	   6.5801294e-16
9284.305290222164	    6.460664e-16
9286.59343743324	    5.939056e-16
9288.881584644314	   5.5219576e-16
9291.169731855389	   5.4132277e-16
9293.457879066464	   5.3962103e-16
9295.746026277538	    5.340372e-16
9298.034173488613	    5.192981e-16
9300.322320699688	   4.9750353e-16
9302.610467910763	   4.7737173e-16
9304.898615121838	    4.715308e-16
9307.186762332913	    4.959308e-16
9309.474909543987	   5.2729416e-16
9311.763056755062	   5.2242377e-16
9314.051203966137	    5.023463e-16
9316.339351177212	   5.1265764e-16
9318.627498388287	    5.529868e-16
9320.915645599362	   6.0647337e-16
9323.203792810436	    6.554099e-16
9325.491940021511	    6.829171e-16
9327.780087232586	   6.7520104e-16
9330.068234443661	   6.2992003e-16
9332.356381654736	    5.967691e-16
9334.64452886581	    6.165457e-16
9336.932676076885	    6.605229e-16
9339.22082328796	    6.943542e-16
9341.508970499035	    6.898663e-16
9343.79711771011	   6.4336906e-16
9346.085264921185	   6.1905223e-16
9348.37341213226	    6.468247e-16
9350.661559343334	   6.7458927e-16
9352.94970655441	   6.7429344e-16
9355.237853765484	   6.6261847e-16
9357.526000976559	    6.430621e-16
9359.814148187634	   6.0119085e-16
9362.102295398709	    5.506078e-16
9364.390442609783	    5.350999e-16
9366.678589820858	   5.4267035e-16
9368.966737031933	   5.1483255e-16
9371.254884243008	    4.634344e-16
9373.543031454083	   4.4364695e-16
9375.831178665157	   4.6049973e-16
9378.119325876232	    4.945459e-16
9380.407473087307	    5.231407e-16
9382.695620298382	   5.2305767e-16
9384.983767509457	    5.120101e-16
9387.271914720532	    5.186151e-16
9389.560061931606	   5.2872887e-16
9391.848209142681	    5.222627e-16
9394.136356353756	     5.07052e-16
9396.424503564831	     4.95405e-16
9398.712650775906	    5.068041e-16
9401.00079798698	    5.479328e-16
9403.288945198055	    5.598106e-16
9405.57709240913	   5.1164496e-16
9407.865239620205	    4.919365e-16
9410.15338683128	    5.443165e-16
9412.441534042355	   5.7301377e-16
9414.72968125343	    5.394125e-16
9417.017828464504	   5.3076207e-16
9419.30597567558	    5.791825e-16
9421.594122886654	   6.2911117e-16
9423.882270097729	     6.53985e-16
9426.170417308804	   6.6136634e-16
9428.458564519879	   6.5686876e-16
9430.746711730953	    6.453256e-16
9433.034858942028	    6.416013e-16
9435.323006153103	     6.69012e-16
9437.611153364178	   6.9962253e-16
9439.899300575253	   6.7408894e-16
9442.187447786328	   6.1839954e-16
9444.475594997402	    5.984754e-16
9446.763742208477	    5.967383e-16
9449.051889419552	    5.682979e-16
9451.340036630627	    5.330886e-16
9453.628183841702	    5.243387e-16
9455.916331052777	    5.423242e-16
9458.204478263851	   5.7634223e-16
9460.492625474926	    5.900463e-16
9462.780772686001	    5.545903e-16
9465.068919897076	     4.93599e-16
9467.35706710815	   4.4051214e-16
9469.645214319225	    4.437155e-16
 9471.9333615303	   5.1613264e-16
9474.221508741375	   5.5534873e-16
9476.50965595245	   5.0839315e-16
9478.797803163525	   4.6138017e-16
 9481.0859503746	    4.645044e-16
9483.374097585674	    4.938868e-16
9485.66224479675	    5.215922e-16
9487.950392007824	    5.071159e-16
9490.238539218899	   4.5995943e-16
9492.526686429974	   4.5357227e-16
9494.814833641049	     5.00155e-16
9497.102980852123	    5.549831e-16
9499.391128063198	   5.9096843e-16
9501.679275274273	   5.9421055e-16
9503.967422485348	   5.6545495e-16
9506.255569696423	    5.148693e-16
9508.543716907498	   4.8819967e-16
9510.831864118572	   5.4275087e-16
9513.120011329647	    6.195185e-16
9515.408158540722	   6.2446805e-16
9517.696305751797	    5.954283e-16
9519.984452962872	    5.993949e-16
9522.272600173947	    6.207881e-16
9524.560747385021	    6.309059e-16
9526.848894596096	   6.2251966e-16
9529.137041807171	    5.943062e-16
9531.425189018246	    5.597029e-16
9533.71333622932	   5.3290157e-16
9536.001483440396	   5.2089223e-16
9538.28963065147	   5.2421593e-16
9540.577777862545	   5.2870785e-16
9542.86592507362	   5.2343555e-16
9545.154072284695	   5.0860056e-16
9547.44221949577	   4.8639755e-16
9549.730366706845	   4.6102855e-16
9552.01851391792	   4.3901106e-16
9554.306661128994	    4.290805e-16
9556.594808340069	   4.3219975e-16
9558.882955551144	    4.408869e-16
9561.171102762219	   4.4722683e-16
9563.459249973293	   4.4348175e-16
9565.747397184368	   4.3109692e-16
9568.035544395443	   4.1736056e-16
9570.323691606518	    4.160185e-16
9572.611838817593	     4.43544e-16
9574.899986028668	    4.792258e-16
9577.188133239742	    4.880763e-16
9579.476280450817	    4.761888e-16
9581.764427661892	   4.6398305e-16
9584.052574872967	    4.635429e-16
9586.340722084042	   4.8270565e-16
9588.628869295117	   5.1884304e-16
9590.917016506191	    5.630087e-16
9593.205163717266	   5.8715805e-16
9595.493310928341	   5.7155475e-16
9597.781458139416	    5.440426e-16
9600.06960535049	   5.3134366e-16
9602.357752561566	    5.318502e-16
9604.64589977264	   5.4282784e-16
9606.934046983715	    5.652287e-16
9609.22219419479	    5.949963e-16
9611.510341405865	      6.2166e-16
9613.79848861694	   6.3525586e-16
9616.086635828015	    6.254078e-16
9618.37478303909	   5.9830257e-16
9620.662930250164	   5.8326413e-16
9622.951077461239	   5.8425633e-16
9625.239224672314	    5.783722e-16
9627.527371883389	    5.551573e-16
9629.815519094464	   5.1172193e-16
9632.103666305538	   4.7229133e-16
9634.391813516613	    4.808361e-16
9636.679960727688	   5.0909904e-16
9638.968107938763	    4.912601e-16
9641.256255149838	   4.5311736e-16
9643.544402360912	     4.55239e-16
9645.832549571987	    4.649981e-16
9648.120696783062	   4.2807076e-16
9650.408843994137	   3.9140916e-16
9652.696991205212	    4.137451e-16
9654.985138416287	   4.5100343e-16
9657.273285627361	   4.5211935e-16
9659.561432838436	   4.3366771e-16
9661.849580049511	   4.2037012e-16
9664.137727260586	   4.4503995e-16
9666.42587447166	   5.1253604e-16
9668.714021682736	   5.1766233e-16
9671.00216889381	   4.1765728e-16
9673.290316104885	    3.575572e-16
9675.57846331596	   4.0781134e-16
9677.866610527035	    4.669743e-16
9680.15475773811	    4.822718e-16
9682.442904949185	    4.838899e-16
9684.73105216026	   4.8741203e-16
9687.019199371334	   4.9521607e-16
9689.307346582409	    5.069767e-16
9691.595493793484	   5.1556757e-16
9693.883641004559	    5.225339e-16
9696.171788215634	   5.3716013e-16
9698.459935426708	   5.5171703e-16
9700.748082637783	   5.4881017e-16
9703.036229848858	   5.3169396e-16
9705.324377059933	    5.130174e-16
9707.612524271008	   5.0739253e-16
9709.900671482083	     5.28714e-16
9712.188818693157	    5.449518e-16
9714.476965904232	     5.16113e-16
9716.765113115307	   4.8971644e-16
9719.053260326382	    5.200557e-16
9721.341407537457	    5.513901e-16
9723.629554748532	     5.25779e-16
9725.917701959606	   4.7815116e-16
9728.205849170681	   4.4671533e-16
9730.493996381756	   4.3452094e-16
9732.78214359283	    4.364742e-16
9735.070290803906	    4.249333e-16
9737.35843801498	   3.9111625e-16
9739.646585226055	   3.8175907e-16
9741.93473243713	   4.1522127e-16
9744.222879648205	    4.516461e-16
9746.51102685928	   4.6524947e-16
9748.799174070355	   4.5212416e-16
9751.08732128143	   4.2148942e-16
9753.375468492504	   4.0035843e-16
9755.66361570358	   3.9823948e-16
9757.951762914654	   4.0655064e-16
9760.239910125729	    4.166067e-16
9762.528057336804	   4.1894768e-16
9764.816204547878	   4.1404837e-16
9767.104351758953	   4.0911318e-16
9769.392498970028	   4.0758008e-16
9771.680646181103	   4.1051028e-16
9773.968793392178	   4.1773113e-16
9776.256940603253	   4.2809008e-16
9778.545087814327	    4.261883e-16
9780.833235025402	   3.9717963e-16
9783.121382236477	    3.663772e-16
9785.409529447552	    3.632371e-16
9787.697676658627	    3.762203e-16
9789.985823869702	   3.9087487e-16
9792.273971080776	    4.315543e-16
9794.562118291851	   5.0475403e-16
9796.850265502926	   5.2434267e-16
  9799.138412714	   4.4939524e-16
9801.426559925076	    3.997366e-16
9803.71470713615	   4.3970584e-16
9806.002854347225	   4.7335446e-16
 9808.2910015583	   4.6297016e-16
9810.579148769375	    4.939263e-16
9812.86729598045	    5.754311e-16
9815.155443191525	    6.029345e-16
 9817.4435904026	   5.6166194e-16
9819.731737613674	   5.4082376e-16
9822.01988482475	   5.5738124e-16
9824.308032035824	    5.661975e-16
9826.596179246899	    5.496657e-16
9828.884326457974	   5.0598297e-16
9831.172473669048	   4.5809633e-16
9833.460620880123	   4.4346304e-16
9835.748768091198	    4.554182e-16
9838.036915302273	     4.67787e-16
9840.325062513348	    4.615804e-16
9842.613209724423	   4.2337105e-16
9844.901356935497	   3.9300666e-16
9847.189504146572	   4.1660418e-16
9849.477651357647	    4.601773e-16
9851.765798568722	   4.7864805e-16
9854.053945779797	   4.7313005e-16
9856.342092990872	    4.522104e-16
9858.630240201946	   4.1832022e-16
9860.918387413021	   3.8006284e-16
9863.206534624096	    3.681499e-16
9865.494681835171	   3.9385494e-16
9867.782829046246	   4.0749117e-16
9870.07097625732	    3.859609e-16
9872.359123468395	   3.7718533e-16
9874.64727067947	   3.9778449e-16
9876.935417890545	   4.0389061e-16
9879.22356510162	   3.8576104e-16
9881.511712312695	   3.8350388e-16
9883.79985952377	    3.991106e-16
9886.088006734844	   3.8935778e-16
9888.37615394592	   3.7189919e-16
9890.664301156994	   4.1768084e-16
9892.952448368069	    5.035615e-16
9895.240595579144	   5.4400723e-16
9897.528742790219	   5.3373457e-16
9899.816890001293	     5.09704e-16
9902.105037212368	    4.946462e-16
9904.393184423443	    5.052018e-16
9906.681331634518	    5.227894e-16
9908.969478845593	   5.1884034e-16
9911.257626056668	   4.8522907e-16
9913.545773267742	   4.2511287e-16
9915.833920478817	   4.0253187e-16
9918.122067689892	    4.700805e-16
9920.410214900967	   5.3578407e-16
9922.698362112042	      5.1678e-16
9924.986509323116	    4.739346e-16
9927.274656534191	    4.641744e-16
9929.562803745266	   4.7478595e-16
9931.850950956341	   4.9253203e-16
9934.139098167416	    5.163988e-16
9936.42724537849	    5.338012e-16
9938.715392589565	    5.025939e-16
9941.00353980064	   4.3607032e-16
9943.291687011715	    4.455481e-16
9945.57983422279	     5.47629e-16
9947.867981433865	    6.313066e-16
9950.15612864494	   6.4989196e-16
9952.444275856014	   6.2085625e-16
9954.73242306709	    5.764065e-16
9957.020570278164	   5.6824063e-16
9959.308717489239	   5.7908593e-16
9961.596864700314	    5.430045e-16
9963.885011911389	   4.8526623e-16
9966.173159122463	    4.764067e-16
9968.461306333538	    4.842537e-16
9970.749453544613	   4.4074047e-16
9973.037600755688	   3.9237504e-16
9975.325747966763	   4.1028468e-16
9977.613895177838	   4.5124966e-16
9979.902042388912	   4.5345554e-16
9982.190189599987	    4.127265e-16
9984.478336811062	   3.4323247e-16
9986.766484022137	   3.0920546e-16
9989.054631233212	   3.5347378e-16
9991.342778444287	   3.9061983e-16
9993.630925655361	   3.5821328e-16
9995.919072866436	   3.0975227e-16
9998.207220077511	   2.9550722e-16
10000.495367288586	    3.465854e-16
