3950.059082031255	   3.0219872e-14
3952.0391899347355	    3.068963e-14
3954.019297838216	    3.059021e-14
3955.9994057416966	    3.101692e-14
3957.979513645177	   3.1273303e-14
3959.9596215486577	   3.0895432e-14
3961.939729452138	    3.081069e-14
3963.9198373556187	   3.0884854e-14
3965.8999452590992	    3.002108e-14
3967.8800531625798	   3.0275516e-14
3969.8601610660603	   2.9995314e-14
3971.840268969541	   3.0868913e-14
3973.8203768730214	   3.1684928e-14
3975.800484776502	   3.2332135e-14
3977.7805926799824	    3.254156e-14
3979.760700583463	   3.3040977e-14
3981.7408084869435	   3.3099798e-14
3983.720916390424	   3.3190264e-14
3985.7010242939045	   3.3183065e-14
3987.681132197385	   3.4113723e-14
3989.6612401008656	    3.383018e-14
3991.641348004346	   3.3417384e-14
3993.6214559078267	   3.3660405e-14
3995.601563811307	   3.4375812e-14
3997.5816717147877	   3.4215598e-14
3999.5617796182682	   3.3774704e-14
4001.541887521749	    3.366618e-14
4003.5219954252293	    3.371897e-14
4005.50210332871	   3.3291932e-14
4007.4822112321904	   3.2543467e-14
4009.462319135671	   3.2046936e-14
4011.4424270391514	    3.168198e-14
4013.422534942632	   3.1181434e-14
4015.4026428461125	      2.9941e-14
4017.382750749593	   2.9527447e-14
4019.3628586530735	   2.9733933e-14
4021.342966556554	   2.8977637e-14
4023.3230744600346	   2.8245916e-14
4025.303182363515	   2.7984264e-14
4027.2832902669957	    2.820636e-14
4029.263398170476	   2.8136452e-14
4031.2435060739567	   2.7961203e-14
4033.2236139774373	   2.8114907e-14
4035.203721880918	    2.794255e-14
4037.1838297843983	    2.796756e-14
4039.163937687879	   2.8578156e-14
4041.1440455913594	    2.814196e-14
4043.12415349484	   2.7522882e-14
4045.1042613983204	   2.8070604e-14
4047.084369301801	   2.8462587e-14
4049.0644772052815	   2.8139495e-14
4051.044585108762	   2.7975152e-14
4053.0246930122426	   2.8052769e-14
4055.004800915723	   2.8123012e-14
4056.9849088192036	   2.8461967e-14
4058.965016722684	    2.857958e-14
4060.9451246261647	   2.8603662e-14
4062.925232529645	   2.8919145e-14
4064.9053404331257	    2.909243e-14
4066.8854483366063	   2.8975398e-14
4068.865556240087	   2.9207536e-14
4070.8456641435673	   2.9675467e-14
4072.825772047048	   2.9889377e-14
4074.8058799505284	    3.042598e-14
4076.785987854009	    3.080442e-14
4078.7660957574894	   3.0632845e-14
4080.74620366097	    3.103104e-14
4082.7263115644505	    3.097882e-14
4084.706419467931	   3.1039597e-14
4086.6865273714116	     3.16919e-14
4088.666635274892	   3.1607285e-14
4090.6467431783726	   3.1639645e-14
4092.626851081853	   3.1510632e-14
4094.6069589853337	    3.141387e-14
4096.587066888815	   3.1696976e-14
4098.567174792295	    3.188725e-14
4100.547282695776	     3.18986e-14
4102.527390599256	   3.2057974e-14
4104.507498502737	   3.1937682e-14
4106.487606406217	    3.162366e-14
4108.467714309698	   3.1621685e-14
4110.447822213178	   3.1971143e-14
4112.427930116659	   3.1617094e-14
4114.408038020139	    3.136662e-14
4116.38814592362	   3.1194126e-14
4118.3682538271005	   3.0169328e-14
4120.348361730581	   3.0287652e-14
4122.328469634062	   3.0189105e-14
4124.308577537542	   3.0159902e-14
4126.288685441023	   3.0338894e-14
4128.268793344503	   2.9929066e-14
4130.248901247984	    2.986576e-14
4132.229009151464	   2.9452057e-14
4134.209117054945	    2.958865e-14
4136.189224958425	    2.957026e-14
4138.169332861906	    2.944161e-14
4140.149440765386	   2.9353436e-14
4142.129548668867	   2.9185194e-14
4144.109656572347	    2.872318e-14
4146.089764475828	   2.8492694e-14
4148.069872379308	   2.8448415e-14
4150.049980282789	   2.8626505e-14
4152.0300881862695	    2.850081e-14
4154.01019608975	   2.7867569e-14
4155.990303993231	    2.752899e-14
4157.970411896711	   2.7727937e-14
4159.950519800192	   2.7175973e-14
4161.930627703672	   2.6855647e-14
4163.910735607153	   2.6397067e-14
4165.890843510633	   2.6044876e-14
4167.870951414114	   2.6012531e-14
4169.851059317594	   2.6145496e-14
4171.831167221075	   2.5997027e-14
4173.811275124555	   2.5533246e-14
4175.791383028036	    2.559173e-14
4177.771490931516	   2.5611293e-14
4179.751598834997	    2.589891e-14
4181.731706738477	   2.5774357e-14
4183.711814641958	   2.5819118e-14
4185.6919225454385	   2.5385486e-14
4187.672030448919	   2.6053593e-14
 4189.6521383524	   2.6151624e-14
4191.63224625588	   2.6171007e-14
4193.612354159361	   2.6430054e-14
4195.592462062841	   2.6417521e-14
4197.572569966322	   2.6725031e-14
4199.552677869802	    2.718476e-14
4201.532785773283	   2.7181535e-14
4203.512893676763	   2.6894284e-14
4205.493001580244	   2.6942163e-14
4207.473109483724	   2.7192473e-14
4209.453217387205	   2.7143035e-14
4211.433325290685	    2.702833e-14
4213.413433194166	   2.6851087e-14
4215.393541097646	   2.6505806e-14
4217.373649001127	   2.6456163e-14
4219.3537569046075	   2.6261376e-14
4221.333864808088	   2.6061955e-14
4223.313972711569	   2.5979556e-14
4225.294080615049	   2.5992063e-14
4227.27418851853	   2.5264345e-14
4229.25429642201	   2.5030596e-14
4231.234404325491	   2.5020308e-14
4233.214512228971	   2.4631284e-14
4235.194620132452	   2.4295378e-14
4237.174728035932	   2.3948417e-14
4239.154835939413	   2.3776305e-14
4241.134943842893	   2.3722816e-14
4243.115051746374	   2.3414965e-14
4245.095159649854	   2.3268585e-14
4247.075267553335	   2.2997544e-14
4249.055375456815	   2.2719851e-14
4251.035483360296	   2.2192553e-14
4253.0155912637765	   2.2144116e-14
4254.995699167257	   2.1925946e-14
4256.975807070738	   2.1815398e-14
4258.955914974218	   2.1495467e-14
4260.936022877699	    2.149988e-14
4262.916130781179	   2.1077033e-14
4264.89623868466	   2.0658974e-14
4266.87634658814	   2.0738116e-14
4268.856454491621	    2.029198e-14
4270.836562395101	   2.0242944e-14
4272.816670298582	   2.0079207e-14
4274.796778202062	   1.9734997e-14
4276.776886105543	   1.9496732e-14
4278.756994009023	   1.9492908e-14
4280.737101912504	    1.918664e-14
4282.7172098159845	   1.9135753e-14
4284.697317719465	   1.8532024e-14
4286.6774256229455	    1.823216e-14
4288.657533526426	   1.8210266e-14
4290.637641429907	    1.835154e-14
4292.617749333387	   1.7965735e-14
4294.597857236868	    1.768967e-14
4296.577965140348	   1.7762608e-14
4298.558073043829	   1.7536855e-14
4300.538180947309	   1.7510282e-14
4302.51828885079	   1.7402661e-14
4304.49839675427	   1.7235431e-14
4306.478504657751	   1.6695971e-14
4308.458612561231	   1.6618251e-14
4310.438720464712	   1.6403508e-14
4312.418828368192	   1.6398937e-14
4314.398936271673	   1.6182807e-14
4316.3790441751535	   1.6098764e-14
4318.359152078634	   1.6207986e-14
4320.3392599821145	   1.6149002e-14
4322.319367885595	   1.5778548e-14
4324.299475789076	   1.5671509e-14
4326.279583692556	   1.5981611e-14
4328.259691596037	   1.5876616e-14
4330.239799499517	   1.6087827e-14
4332.219907402998	    1.628993e-14
4334.200015306478	   1.6040868e-14
4336.180123209959	     1.60536e-14
4338.160231113439	   1.5944945e-14
4340.14033901692	   1.5941473e-14
 4342.1204469204	   1.6148893e-14
4344.100554823881	   1.6255259e-14
4346.080662727361	    1.622445e-14
4348.060770630842	   1.6090477e-14
4350.0408785343225	    1.614176e-14
4352.020986437803	   1.6182624e-14
4354.0010943412835	   1.6139425e-14
4355.981202244764	   1.6157575e-14
4357.961310148245	   1.6406344e-14
4359.941418051725	    1.656583e-14
4361.921525955206	   1.6460695e-14
4363.901633858686	   1.6490412e-14
4365.881741762167	   1.6788618e-14
4367.861849665647	   1.7037592e-14
4369.841957569128	   1.7094528e-14
4371.822065472608	    1.742953e-14
4373.802173376089	   1.7628712e-14
4375.782281279569	   1.7725737e-14
4377.76238918305	    1.796957e-14
4379.74249708653	   1.8007988e-14
4381.722604990011	   1.8019254e-14
4383.7027128934915	   1.8442043e-14
4385.682820796972	    1.864516e-14
4387.6629287004525	     1.85924e-14
4389.643036603933	   1.8477873e-14
4391.623144507414	   1.8457825e-14
4393.603252410894	   1.8633705e-14
4395.583360314375	   1.8844296e-14
4397.563468217855	    1.884926e-14
4399.543576121336	   1.8937724e-14
4401.523684024816	     1.93426e-14
4403.503791928297	   1.9167817e-14
4405.483899831777	   1.9153146e-14
4407.464007735258	    1.936118e-14
4409.444115638738	   1.9414485e-14
4411.424223542219	   1.9452315e-14
4413.404331445699	   1.9609758e-14
4415.38443934918	   1.9982744e-14
4417.3645472526605	   1.9957479e-14
4419.344655156141	   1.9928585e-14
4421.324763059622	   2.0094158e-14
4423.304870963102	   2.0108178e-14
4425.284978866583	    2.005687e-14
4427.265086770063	    2.003098e-14
4429.245194673544	    2.034438e-14
4431.225302577024	   2.0437323e-14
4433.205410480505	   2.0267786e-14
4435.185518383985	   2.0094706e-14
4437.165626287466	   1.9904353e-14
4439.145734190946	   2.0045724e-14
4441.125842094427	   2.0122902e-14
4443.105949997907	   2.0004303e-14
4445.086057901388	   1.9681175e-14
4447.066165804868	   1.9299675e-14
4449.046273708349	   1.9093657e-14
4451.0263816118295	   1.9159977e-14
4453.00648951531	   1.9211014e-14
4454.986597418791	   1.8836036e-14
4456.966705322271	   1.8622882e-14
4458.946813225752	   1.8507804e-14
4460.926921129232	   1.8487185e-14
4462.907029032713	   1.8615677e-14
4464.887136936193	   1.8422313e-14
4466.867244839674	   1.8547541e-14
4468.847352743154	   1.8593734e-14
4470.827460646635	   1.8588026e-14
4472.807568550115	   1.8899004e-14
4474.787676453596	   1.9240931e-14
4476.767784357076	   1.9211825e-14
4478.747892260557	    1.917192e-14
4480.728000164037	   1.9645432e-14
4482.708108067518	   1.9983594e-14
4484.6882159709985	   2.0220747e-14
4486.668323874479	    2.053092e-14
4488.64843177796	   2.0562899e-14
4490.62853968144	   2.0835413e-14
4492.608647584921	   2.1349528e-14
4494.588755488401	   2.1258015e-14
4496.568863391882	   2.1323973e-14
4498.548971295362	   2.1482775e-14
4500.529079198843	    2.153872e-14
4502.509187102323	    2.168966e-14
4504.489295005804	   2.2123952e-14
4506.469402909284	    2.228446e-14
4508.449510812765	   2.2650942e-14
4510.429618716245	   2.2611694e-14
4512.409726619726	    2.280485e-14
4514.389834523206	   2.3302119e-14
4516.369942426687	   2.3358096e-14
4518.3500503301675	    2.367269e-14
4520.330158233648	   2.3512984e-14
4522.310266137129	   2.3352563e-14
4524.290374040609	   2.3496123e-14
4526.27048194409	   2.3809937e-14
4528.25058984757	   2.3400081e-14
4530.230697751051	   2.3113232e-14
4532.210805654531	   2.3067597e-14
4534.190913558012	   2.3282535e-14
4536.171021461492	    2.299148e-14
4538.151129364973	   2.2780741e-14
4540.131237268453	    2.298194e-14
4542.111345171934	    2.319991e-14
4544.091453075414	   2.2756524e-14
4546.071560978895	   2.2749252e-14
4548.051668882375	   2.3173436e-14
4550.031776785856	   2.3192323e-14
4552.0118846893365	   2.3307038e-14
4553.991992592817	   2.3331367e-14
4555.972100496298	   2.3185697e-14
4557.952208399778	   2.3208381e-14
4559.932316303259	   2.3164459e-14
4561.912424206739	   2.3518044e-14
4563.89253211022	   2.3405738e-14
 4565.8726400137	   2.3195215e-14
4567.852747917181	    2.308687e-14
4569.832855820661	    2.302236e-14
4571.812963724142	   2.3113737e-14
4573.793071627622	   2.2704539e-14
4575.773179531103	   2.2694013e-14
4577.753287434583	   2.2384092e-14
4579.733395338064	   2.2407293e-14
4581.7135032415445	   2.2177017e-14
4583.693611145025	   2.1999661e-14
4585.6737190485055	   2.2135317e-14
4587.653826951986	    2.206625e-14
4589.633934855467	   2.1927228e-14
4591.614042758947	    2.180867e-14
4593.594150662428	   2.1529873e-14
4595.574258565908	   2.1283256e-14
4597.554366469389	   2.1306162e-14
4599.534474372869	    2.133289e-14
4601.51458227635	    2.128646e-14
4603.49469017983	    2.136878e-14
4605.474798083311	    2.123701e-14
4607.454905986791	   2.1718292e-14
4609.435013890272	   2.1389281e-14
4611.415121793752	   2.1535625e-14
4613.395229697233	   2.1840528e-14
4615.3753376007135	   2.1850423e-14
4617.355445504194	    2.173874e-14
4619.3355534076745	   2.1851566e-14
4621.315661311155	   2.1975755e-14
4623.295769214636	    2.186399e-14
4625.275877118116	    2.207532e-14
4627.255985021597	   2.2159832e-14
4629.236092925077	   2.2220285e-14
4631.216200828558	   2.2033556e-14
4633.196308732038	   2.1871085e-14
4635.176416635519	   2.2134944e-14
4637.156524538999	   2.2133669e-14
4639.13663244248	   2.2041363e-14
4641.11674034596	   2.2054795e-14
4643.096848249441	   2.2006817e-14
4645.076956152921	   2.2081829e-14
4647.057064056402	   2.1885912e-14
4649.0371719598825	   2.1929087e-14
4651.017279863363	    2.179628e-14
4652.9973877668435	   2.1531312e-14
4654.977495670324	     2.14587e-14
4656.957603573805	   2.1317465e-14
4658.937711477285	   2.1112184e-14
4660.917819380766	   2.1276648e-14
4662.897927284246	   2.0968523e-14
4664.878035187727	   2.0821247e-14
4666.858143091207	   2.0909901e-14
4668.838250994688	   2.0706012e-14
4670.818358898168	   2.0738628e-14
4672.798466801649	   2.0520776e-14
4674.778574705129	   2.0381632e-14
4676.75868260861	   1.9752974e-14
4678.73879051209	   1.9469645e-14
4680.718898415571	   1.9482578e-14
4682.6990063190515	    1.916948e-14
4684.679114222532	    1.846645e-14
4686.6592221260125	   1.8095966e-14
4688.639330029493	   1.7834651e-14
4690.619437932974	   1.7508442e-14
4692.599545836454	   1.7095464e-14
4694.579653739935	   1.6877965e-14
4696.559761643415	   1.6643582e-14
4698.539869546896	   1.6639698e-14
4700.519977450376	   1.6593972e-14
4702.500085353857	   1.6364582e-14
4704.480193257337	    1.624944e-14
4706.460301160818	    1.620532e-14
4708.440409064298	   1.6276406e-14
4710.420516967779	   1.6250363e-14
4712.400624871259	   1.6068877e-14
4714.38073277474	   1.6196805e-14
4716.3608406782205	   1.6046055e-14
4718.340948581701	   1.5995328e-14
4720.3210564851815	   1.6100099e-14
4722.301164388662	   1.6170128e-14
4724.281272292143	   1.6130018e-14
4726.261380195623	   1.6217442e-14
4728.241488099104	   1.6264271e-14
4730.221596002584	   1.6328171e-14
4732.201703906065	    1.628024e-14
4734.181811809545	   1.6137636e-14
4736.161919713026	   1.6231826e-14
4738.142027616506	   1.6433554e-14
4740.122135519987	   1.6220103e-14
4742.102243423467	   1.5966603e-14
4744.082351326948	   1.6289148e-14
4746.062459230428	   1.6445507e-14
4748.042567133909	   1.6164214e-14
4750.0226750373895	   1.5956085e-14
4752.00278294087	   1.6081048e-14
4753.982890844351	   1.6247605e-14
4755.962998747831	   1.6259575e-14
4757.943106651312	   1.6116762e-14
4759.923214554792	   1.5833394e-14
4761.903322458273	   1.5849249e-14
4763.883430361753	    1.594221e-14
4765.863538265234	   1.5877995e-14
4767.843646168714	   1.5999161e-14
4769.823754072195	   1.6012048e-14
4771.803861975675	   1.5626016e-14
4773.783969879156	    1.548387e-14
4775.764077782636	    1.542744e-14
4777.744185686117	   1.5167782e-14
4779.724293589597	   1.5038218e-14
4781.704401493078	   1.4752747e-14
4783.6845093965585	   1.4508184e-14
4785.664617300039	    1.429912e-14
4787.64472520352	   1.3868278e-14
  4789.624833107	   1.3580601e-14
4791.604941010481	   1.3501236e-14
4793.585048913961	   1.3378334e-14
4795.565156817442	   1.3218344e-14
4797.545264720922	   1.3113817e-14
4799.525372624403	  1.29955945e-14
4801.505480527883	   1.2798404e-14
4803.485588431364	   1.2887758e-14
4805.465696334844	   1.3154722e-14
4807.445804238325	   1.3213258e-14
4809.425912141805	   1.3268373e-14
4811.406020045286	    1.337094e-14
4813.386127948766	    1.361299e-14
4815.366235852247	   1.3685499e-14
4817.3463437557275	   1.3768213e-14
4819.326451659208	  1.38872034e-14
4821.306559562689	   1.4076745e-14
4823.286667466169	    1.413292e-14
4825.26677536965	   1.4564511e-14
4827.24688327313	   1.4700782e-14
4829.226991176611	   1.4835784e-14
4831.207099080091	   1.5120575e-14
4833.187206983572	   1.4943606e-14
4835.167314887052	   1.5028103e-14
4837.147422790533	   1.5101634e-14
4839.127530694013	   1.5281869e-14
4841.107638597494	    1.525085e-14
4843.087746500974	   1.5206996e-14
4845.067854404455	   1.5192813e-14
4847.047962307935	   1.5121732e-14
4849.028070211416	   1.5161776e-14
4851.0081781148965	   1.5120805e-14
4852.988286018377	   1.5214445e-14
4854.968393921858	   1.5086951e-14
4856.948501825338	   1.5162083e-14
4858.928609728819	     1.51695e-14
4860.908717632299	   1.4924856e-14
4862.88882553578	    1.465911e-14
4864.86893343926	    1.454671e-14
4866.849041342741	   1.4325443e-14
4868.829149246221	   1.4206049e-14
4870.809257149702	   1.4007626e-14
4872.789365053182	   1.3931757e-14
4874.769472956663	   1.3357567e-14
4876.749580860143	   1.3105079e-14
4878.729688763624	   1.3015689e-14
4880.7097966671045	   1.2633188e-14
4882.689904570585	  1.22621224e-14
4884.6700124740655	   1.1991696e-14
4886.650120377546	   1.1972765e-14
4888.630228281027	   1.1664207e-14
4890.610336184507	   1.1530297e-14
4892.590444087988	    1.135124e-14
4894.570551991468	   1.1283268e-14
4896.550659894949	   1.0957381e-14
4898.530767798429	   1.0944895e-14
4900.51087570191	   1.1012537e-14
4902.49098360539	   1.0867576e-14
4904.471091508871	  1.04872665e-14
4906.451199412351	   1.0398484e-14
4908.431307315832	   1.0482501e-14
4910.411415219312	   1.0380831e-14
4912.391523122793	   1.0479322e-14
4914.3716310262735	   1.0283932e-14
4916.351738929754	   1.0372726e-14
4918.3318468332345	   1.0465662e-14
4920.311954736715	   1.0453986e-14
4922.292062640196	   1.0442016e-14
4924.272170543676	   1.0582048e-14
4926.252278447157	  1.06934115e-14
4928.232386350637	  1.07106435e-14
4930.212494254118	   1.0867721e-14
4932.192602157598	   1.1052345e-14
4934.172710061079	   1.1072553e-14
4936.152817964559	  1.14886806e-14
4938.13292586804	   1.1346393e-14
4940.11303377152	   1.1340961e-14
4942.093141675001	   1.1558021e-14
4944.073249578481	    1.169576e-14
4946.053357481962	   1.1645027e-14
4948.0334653854425	  1.16691104e-14
4950.013573288923	   1.1839836e-14
4951.9936811924035	   1.1907201e-14
4953.973789095884	   1.2032584e-14
4955.953896999365	   1.2014517e-14
4957.934004902845	   1.2019716e-14
4959.914112806326	   1.2086297e-14
4961.894220709806	   1.2157037e-14
4963.874328613287	     1.21868e-14
4965.854436516767	   1.2258337e-14
4967.834544420248	   1.2385005e-14
4969.814652323728	    1.235825e-14
4971.794760227209	   1.2476642e-14
4973.774868130689	   1.2363774e-14
4975.75497603417	   1.2533655e-14
4977.73508393765	   1.2712881e-14
4979.715191841131	   1.2570954e-14
4981.6952997446115	   1.2638888e-14
4983.675407648092	  1.27627435e-14
4985.6555155515725	  1.26568415e-14
4987.635623455053	   1.2653012e-14
4989.615731358534	   1.2787345e-14
4991.595839262014	   1.2630625e-14
4993.575947165495	   1.2597282e-14
4995.556055068975	   1.2663543e-14
4997.536162972456	   1.2456377e-14
4999.516270875936	   1.2491092e-14
5001.496378779417	   1.2501107e-14
5003.476486682897	   1.2383209e-14
5005.456594586378	   1.2431282e-14
5007.436702489858	   1.2358352e-14
5009.416810393339	   1.2268921e-14
5011.396918296819	   1.2292512e-14
 5013.3770262003	   1.2176954e-14
5015.3571341037805	   1.2100753e-14
5017.337242007261	   1.2038047e-14
5019.3173499107415	   1.1849295e-14
5021.297457814222	    1.186888e-14
5023.277565717703	  1.17493245e-14
5025.257673621183	   1.1569616e-14
5027.237781524664	    1.145643e-14
5029.217889428144	  1.14645604e-14
5031.197997331625	   1.1552469e-14
5033.178105235105	   1.1577176e-14
5035.158213138586	  1.16517945e-14
5037.138321042066	   1.1731766e-14
5039.118428945547	   1.1690468e-14
5041.098536849027	   1.1756512e-14
5043.078644752508	   1.1857156e-14
5045.058752655988	   1.1929085e-14
5047.038860559469	   1.2176022e-14
5049.0189684629495	   1.2230772e-14
5050.99907636643	   1.2293046e-14
5052.979184269911	   1.2381572e-14
5054.959292173391	   1.2267233e-14
5056.939400076872	   1.2374332e-14
5058.919507980352	  1.24369585e-14
5060.899615883833	   1.2382393e-14
5062.879723787313	   1.2326231e-14
5064.859831690794	   1.2507445e-14
5066.839939594274	   1.2421769e-14
5068.820047497755	   1.2391549e-14
5070.800155401235	   1.2452876e-14
5072.780263304716	   1.2447773e-14
5074.760371208196	   1.2502208e-14
5076.740479111677	    1.252583e-14
5078.720587015157	   1.2472033e-14
5080.700694918638	   1.2495798e-14
5082.6808028221185	    1.258943e-14
5084.660910725599	   1.2697851e-14
5086.64101862908	   1.2639427e-14
5088.62112653256	   1.2774112e-14
5090.601234436041	   1.2989733e-14
5092.581342339521	   1.3153745e-14
5094.561450243002	    1.325116e-14
5096.541558146482	   1.3456327e-14
5098.521666049963	   1.3666445e-14
5100.501773953443	   1.3667942e-14
5102.481881856924	   1.3806057e-14
5104.461989760404	  1.39475935e-14
5106.442097663885	   1.4213955e-14
5108.422205567365	   1.4464995e-14
5110.402313470846	    1.449461e-14
5112.382421374326	   1.4622233e-14
5114.362529277807	   1.4750403e-14
5116.3426371812875	   1.4902794e-14
5118.322745084768	   1.4999691e-14
5120.302852988249	   1.5148515e-14
5122.282960891729	   1.5319936e-14
5124.26306879521	   1.5478209e-14
5126.24317669869	   1.5486798e-14
5128.223284602171	   1.5479486e-14
5130.203392505651	   1.5581166e-14
5132.183500409132	   1.5641844e-14
5134.163608312612	   1.5909183e-14
5136.143716216093	   1.5947706e-14
5138.123824119573	    1.601965e-14
5140.103932023054	   1.6056631e-14
5142.084039926534	   1.6158805e-14
5144.064147830015	   1.6356977e-14
5146.044255733495	   1.6558137e-14
5148.024363636976	   1.6578627e-14
5150.0044715404565	   1.6582705e-14
5151.984579443937	   1.6790468e-14
5153.964687347418	   1.6967171e-14
5155.944795250898	   1.7036397e-14
5157.924903154379	   1.7069984e-14
5159.905011057859	   1.6937164e-14
5161.88511896134	   1.6983825e-14
5163.86522686482	   1.7039613e-14
5165.845334768301	   1.6949278e-14
5167.825442671781	    1.681227e-14
5169.805550575262	   1.6846843e-14
5171.785658478742	   1.6884897e-14
5173.765766382223	   1.6683588e-14
5175.745874285703	   1.6526368e-14
5177.725982189184	   1.6503866e-14
5179.706090092664	   1.6295098e-14
5181.686197996145	   1.6220901e-14
5183.6663058996255	   1.6312792e-14
5185.646413803106	    1.619133e-14
5187.626521706587	   1.6158471e-14
5189.606629610067	   1.6095966e-14
5191.586737513548	    1.611674e-14
5193.566845417028	   1.5943332e-14
5195.546953320509	   1.5961111e-14
5197.527061223989	   1.5981782e-14
5199.50716912747	   1.5945126e-14
5201.48727703095	    1.582619e-14
5203.467384934431	   1.5662485e-14
5205.447492837911	   1.5769683e-14
5207.427600741392	   1.5759117e-14
5209.407708644872	   1.5627783e-14
5211.387816548353	   1.5457447e-14
5213.3679244518335	   1.5705717e-14
5215.348032355314	   1.5861393e-14
5217.3281402587945	    1.565283e-14
5219.308248162275	   1.5699486e-14
5221.288356065756	   1.5907133e-14
5223.268463969236	   1.6014669e-14
5225.248571872717	   1.6103597e-14
5227.228679776197	   1.6352447e-14
5229.208787679678	   1.6173433e-14
5231.188895583158	   1.6226647e-14
5233.169003486639	   1.6424055e-14
5235.149111390119	   1.6333692e-14
 5237.1292192936	   1.6330592e-14
5239.10932719708	   1.6450774e-14
5241.089435100561	     1.65501e-14
5243.069543004041	    1.658663e-14
5245.049650907522	   1.6373016e-14
5247.0297588110025	   1.6441255e-14
5249.009866714483	   1.6576836e-14
5250.9899746179635	    1.674273e-14
5252.970082521444	   1.6601078e-14
5254.950190424925	   1.6437122e-14
5256.930298328405	   1.6418189e-14
5258.910406231886	   1.6575732e-14
5260.890514135366	   1.6572432e-14
5262.870622038847	   1.6507568e-14
5264.850729942327	   1.6384829e-14
5266.830837845808	   1.6363923e-14
5268.810945749288	   1.6314083e-14
5270.791053652769	    1.626707e-14
5272.771161556249	   1.5808915e-14
5274.75126945973	   1.5858898e-14
5276.73137736321	    1.550046e-14
5278.711485266691	    1.529833e-14
5280.6915931701715	   1.4929003e-14
5282.671701073652	   1.4460487e-14
5284.6518089771325	   1.4187694e-14
5286.631916880613	    1.403685e-14
5288.612024784094	  1.38234295e-14
5290.592132687574	   1.3418829e-14
5292.572240591055	  1.30045765e-14
5294.552348494535	  1.27486344e-14
5296.532456398016	    1.244647e-14
5298.512564301496	   1.2412539e-14
5300.492672204977	  1.20864995e-14
5302.472780108457	    1.192826e-14
5304.452888011938	   1.1620895e-14
5306.432995915418	   1.1560059e-14
5308.413103818899	   1.1392379e-14
5310.393211722379	  1.11146046e-14
5312.37331962586	   1.0980987e-14
5314.3534275293405	   1.0899671e-14
5316.333535432821	   1.0666027e-14
5318.3136433363015	  1.05629845e-14
5320.293751239782	   1.0421793e-14
5322.273859143263	   1.0455372e-14
5324.253967046743	   1.0356219e-14
5326.234074950224	   1.0136717e-14
5328.214182853704	   1.0118582e-14
5330.194290757185	  1.02194805e-14
5332.174398660665	  1.03133165e-14
5334.154506564146	  1.02876725e-14
5336.134614467626	   1.0177647e-14
5338.114722371107	   1.0277289e-14
5340.094830274587	   1.0341629e-14
5342.074938178068	    1.042557e-14
5344.055046081548	   1.0520003e-14
5346.035153985029	   1.0624083e-14
5348.0152618885095	   1.0619019e-14
5349.99536979199	   1.0592393e-14
5351.9754776954705	   1.0639841e-14
5353.955585598951	    1.062616e-14
5355.935693502432	   1.0551707e-14
5357.915801405912	  1.05650165e-14
5359.895909309393	   1.0571211e-14
5361.876017212873	  1.05236856e-14
5363.856125116354	   1.0485306e-14
5365.836233019834	   1.0512118e-14
5367.816340923315	   1.0446815e-14
5369.796448826795	   1.0407679e-14
5371.776556730276	  1.03365734e-14
5373.756664633756	   1.0451454e-14
5375.736772537237	   1.0565001e-14
5377.716880440717	   1.0671997e-14
5379.696988344198	   1.0637643e-14
5381.6770962476785	  1.08509046e-14
5383.657204151159	   1.0946067e-14
5385.63731205464	  1.09811045e-14
5387.61741995812	  1.11296606e-14
5389.597527861601	   1.1337926e-14
5391.577635765081	   1.1315611e-14
5393.557743668562	  1.15592824e-14
5395.537851572042	   1.1738559e-14
5397.517959475523	   1.1732004e-14
5399.498067379003	  1.18251525e-14
5401.478175282484	   1.1838303e-14
5403.458283185964	   1.1883662e-14
5405.438391089445	  1.20426765e-14
5407.418498992925	   1.2081098e-14
5409.398606896406	  1.19836205e-14
5411.378714799886	   1.1969548e-14
5413.358822703367	   1.2026588e-14
5415.3389306068475	  1.18966514e-14
5417.319038510328	   1.1814762e-14
5419.299146413809	   1.1787317e-14
5421.279254317289	   1.1741053e-14
5423.25936222077	   1.1743148e-14
5425.23947012425	   1.1705094e-14
5427.219578027731	   1.1687225e-14
5429.199685931211	   1.1837214e-14
5431.179793834692	   1.1915916e-14
5433.159901738172	   1.1924107e-14
5435.140009641653	    1.186424e-14
5437.120117545133	   1.1849063e-14
5439.100225448614	    1.189589e-14
5441.080333352094	   1.2027113e-14
5443.060441255575	   1.1975941e-14
5445.040549159055	   1.1771816e-14
5447.020657062536	  1.18526066e-14
5449.0007649660165	   1.1822165e-14
5450.980872869497	   1.1704985e-14
5452.960980772978	    1.158528e-14
5454.941088676458	    1.147134e-14
5456.921196579939	   1.1342983e-14
5458.901304483419	   1.1214949e-14
 5460.8814123869	   1.1250296e-14
5462.86152029038	   1.1225071e-14
5464.841628193861	   1.1146068e-14
5466.821736097341	   1.0973075e-14
5468.801844000822	   1.0918465e-14
5470.781951904302	  1.09356045e-14
5472.762059807783	  1.09248836e-14
5474.742167711263	   1.0763225e-14
5476.722275614744	   1.0588472e-14
5478.702383518224	   1.0554304e-14
5480.682491421705	  1.03893936e-14
5482.6625993251855	   1.0280423e-14
5484.642707228666	   1.0212565e-14
5486.622815132147	   1.0089735e-14
5488.602923035627	   9.9300095e-15
5490.583030939108	    9.791451e-15
5492.563138842588	    9.646978e-15
5494.543246746069	    9.334231e-15
5496.523354649549	    9.285859e-15
5498.50346255303	    9.332167e-15
5500.48357045651	    9.165715e-15
5502.463678359991	    8.974062e-15
5504.443786263471	    8.886622e-15
5506.423894166952	    8.934343e-15
5508.404002070432	    8.967976e-15
5510.384109973913	    8.948783e-15
5512.3642178773935	    8.896342e-15
5514.344325780874	    8.862636e-15
5516.3244336843545	    8.923532e-15
5518.304541587835	     8.98033e-15
5520.284649491316	    8.919104e-15
5522.264757394796	   9.1385936e-15
5524.244865298277	    9.357418e-15
5526.224973201757	    9.426556e-15
5528.205081105238	    9.577239e-15
5530.185189008718	   9.7981985e-15
5532.165296912199	    9.821347e-15
5534.145404815679	   1.0004416e-14
5536.12551271916	   1.0247934e-14
5538.10562062264	   1.0375498e-14
5540.085728526121	   1.0454909e-14
5542.065836429601	   1.0569403e-14
5544.045944333082	  1.08270386e-14
5546.0260522365625	   1.1036542e-14
5548.006160140043	   1.1096666e-14
5549.9862680435235	   1.1116574e-14
5551.966375947004	    1.133025e-14
5553.946483850485	   1.1468091e-14
5555.926591753965	   1.1501685e-14
5557.906699657446	   1.1661654e-14
5559.886807560926	  1.17471925e-14
5561.866915464407	   1.1865238e-14
5563.847023367887	  1.19883665e-14
5565.827131271368	   1.2132002e-14
5567.807239174848	   1.2261959e-14
5569.787347078329	   1.2257041e-14
5571.767454981809	   1.2493007e-14
5573.74756288529	   1.2514677e-14
5575.72767078877	   1.2493335e-14
5577.707778692251	   1.2681426e-14
5579.6878865957315	  1.28159354e-14
5581.667994499212	   1.2886716e-14
5583.6481024026925	  1.30662125e-14
5585.628210306173	   1.3102129e-14
5587.608318209654	   1.3126804e-14
5589.588426113134	  1.32040154e-14
5591.568534016615	   1.3108404e-14
5593.548641920095	   1.3295036e-14
5595.528749823576	    1.329055e-14
5597.508857727056	  1.32080685e-14
5599.488965630537	   1.3281096e-14
5601.469073534017	    1.325594e-14
5603.449181437498	   1.3236482e-14
5605.429289340978	   1.3201662e-14
5607.409397244459	   1.3271926e-14
5609.389505147939	   1.3259455e-14
5611.36961305142	  1.31836545e-14
5613.3497209549005	  1.31742685e-14
5615.329828858381	   1.3237382e-14
5617.3099367618615	   1.3161125e-14
5619.290044665342	    1.317578e-14
5621.270152568823	   1.3107129e-14
5623.250260472303	   1.3359849e-14
5625.230368375784	   1.3363449e-14
5627.210476279264	  1.34112285e-14
5629.190584182745	   1.3577978e-14
5631.170692086225	   1.3425529e-14
5633.150799989706	   1.3582066e-14
5635.130907893186	   1.3707862e-14
5637.111015796667	  1.36417155e-14
5639.091123700147	   1.3597647e-14
5641.071231603628	   1.3652815e-14
5643.051339507108	    1.370145e-14
5645.031447410589	   1.3608158e-14
5647.0115553140695	   1.3672243e-14
5648.99166321755	   1.3769521e-14
5650.9717711210305	  1.36261834e-14
5652.951879024511	   1.3558045e-14
5654.931986927992	   1.3623376e-14
5656.912094831472	  1.35963814e-14
5658.892202734953	   1.3530867e-14
5660.872310638433	  1.34596415e-14
5662.852418541914	  1.35853395e-14
5664.832526445394	   1.3506389e-14
5666.812634348875	   1.3300029e-14
5668.792742252355	   1.3125373e-14
5670.772850155836	   1.3175001e-14
5672.752958059316	   1.3236142e-14
5674.733065962797	   1.3030021e-14
5676.713173866277	   1.3040009e-14
5678.693281769758	   1.2948668e-14
5680.6733896732385	   1.3003408e-14
5682.653497576719	   1.2994012e-14
 5684.6336054802	   1.2892471e-14
5686.61371338368	   1.2823283e-14
5688.593821287161	   1.2886272e-14
5690.573929190641	   1.2844542e-14
5692.554037094122	   1.2894105e-14
5694.534144997602	   1.2967487e-14
5696.514252901083	   1.2689473e-14
5698.494360804563	   1.2771934e-14
5700.474468708044	   1.2805555e-14
5702.454576611524	   1.2786744e-14
5704.434684515005	    1.269984e-14
5706.414792418485	   1.2656993e-14
5708.394900321966	    1.277959e-14
5710.375008225446	    1.272559e-14
5712.355116128927	   1.2598682e-14
5714.3352240324075	   1.2641961e-14
5716.315331935888	   1.2645133e-14
5718.295439839369	   1.2630456e-14
5720.275547742849	   1.2448897e-14
5722.25565564633	   1.2516361e-14
5724.23576354981	    1.260777e-14
5726.215871453291	   1.2518998e-14
5728.195979356771	  1.24916345e-14
5730.176087260252	  1.26700315e-14
5732.156195163732	    1.258593e-14
5734.136303067213	   1.2542679e-14
5736.116410970693	  1.25495885e-14
5738.096518874174	  1.25250084e-14
5740.076626777654	   1.2608692e-14
5742.056734681135	   1.2417811e-14
5744.036842584615	   1.2351631e-14
5746.016950488096	   1.2558389e-14
5747.9970583915765	   1.2429707e-14
5749.977166295057	    1.243884e-14
5751.957274198538	   1.2510546e-14
5753.937382102018	   1.2378855e-14
5755.917490005499	   1.2386344e-14
5757.897597908979	   1.2283948e-14
5759.87770581246	   1.2344375e-14
5761.85781371594	   1.2278824e-14
5763.837921619421	   1.2225274e-14
5765.818029522901	  1.22129505e-14
5767.798137426382	   1.2131818e-14
5769.778245329862	   1.2158436e-14
5771.758353233343	  1.20675564e-14
5773.738461136823	  1.20743005e-14
5775.718569040304	  1.19543556e-14
5777.698676943784	   1.1808242e-14
5779.678784847265	  1.17464174e-14
5781.6588927507455	  1.18158614e-14
5783.639000654226	   1.1733707e-14
5785.619108557707	  1.16131444e-14
5787.599216461187	   1.1609658e-14
5789.579324364668	   1.1524036e-14
5791.559432268148	   1.1514813e-14
5793.539540171629	   1.1492737e-14
5795.519648075109	   1.1342349e-14
5797.49975597859	   1.1289096e-14
5799.47986388207	   1.1260021e-14
5801.459971785551	   1.1234293e-14
5803.440079689031	  1.11068584e-14
5805.420187592512	   1.1081056e-14
5807.400295495992	   1.0913036e-14
5809.380403399473	   1.0889201e-14
5811.3605113029535	   1.0805906e-14
5813.340619206434	   1.0823433e-14
5815.3207271099145	  1.08846436e-14
5817.300835013395	   1.0781224e-14
5819.280942916876	    1.090783e-14
5821.261050820356	   1.0870842e-14
5823.241158723837	   1.0747239e-14
5825.221266627317	   1.0760111e-14
5827.201374530798	   1.0822406e-14
5829.181482434278	   1.0826723e-14
5831.161590337759	   1.0732256e-14
5833.141698241239	   1.1013281e-14
5835.12180614472	   1.0956589e-14
 5837.1019140482	   1.0773803e-14
5839.082021951681	   1.0881499e-14
5841.062129855161	   1.0988588e-14
5843.042237758642	   1.0943047e-14
5845.0223456621225	   1.0933641e-14
5847.002453565603	   1.1012602e-14
5848.9825614690835	   1.1123325e-14
5850.962669372564	    1.106741e-14
5852.942777276045	   1.1173215e-14
5854.922885179525	  1.11721325e-14
5856.902993083006	   1.1278232e-14
5858.883100986486	   1.1399274e-14
5860.863208889967	   1.1384349e-14
5862.843316793447	   1.1385895e-14
5864.823424696928	   1.1442181e-14
5866.803532600408	   1.1389043e-14
5868.783640503889	   1.1395323e-14
5870.763748407369	   1.1598315e-14
5872.74385631085	   1.1608725e-14
5874.72396421433	   1.1499051e-14
5876.704072117811	   1.1592641e-14
5878.6841800212915	   1.1653437e-14
5880.664287924772	   1.1645166e-14
5882.6443958282525	  1.15781704e-14
5884.624503731733	  1.16132825e-14
5886.604611635214	   1.1305321e-14
5888.584719538694	   1.0866371e-14
5890.564827442175	  1.10922065e-14
5892.544935345655	  1.12307395e-14
5894.525043249136	   1.1082062e-14
5896.505151152616	   1.1320979e-14
5898.485259056097	  1.15864595e-14
5900.465366959577	   1.1543704e-14
5902.445474863058	   1.1512901e-14
5904.425582766538	   1.1625856e-14
5906.405690670019	   1.1658625e-14
5908.385798573499	   1.1784169e-14
5910.36590647698	   1.1779902e-14
5912.3460143804605	  1.16198385e-14
5914.326122283941	   1.1631055e-14
5916.3062301874215	   1.1624091e-14
5918.286338090902	   1.1671721e-14
5920.266445994383	   1.1770935e-14
5922.246553897863	   1.1674873e-14
5924.226661801344	   1.1695761e-14
5926.206769704824	   1.1651456e-14
5928.186877608305	    1.167068e-14
5930.166985511785	   1.1680833e-14
5932.147093415266	   1.1545373e-14
5934.127201318746	    1.169668e-14
5936.107309222227	   1.1834994e-14
5938.087417125707	  1.17939944e-14
5940.067525029188	   1.1746965e-14
5942.047632932668	   1.1750339e-14
5944.027740836149	  1.17435435e-14
5946.0078487396295	   1.1735264e-14
5947.98795664311	   1.1765416e-14
5949.9680645465905	   1.1789696e-14
5951.948172450071	   1.1799888e-14
5953.928280353552	   1.1732446e-14
5955.908388257032	   1.1736137e-14
5957.888496160513	   1.1876113e-14
5959.868604063993	   1.1828958e-14
5961.848711967474	   1.1743407e-14
5963.828819870954	   1.1815445e-14
5965.808927774435	   1.1613772e-14
5967.789035677915	   1.1552982e-14
5969.769143581396	   1.1642156e-14
5971.749251484876	   1.1555644e-14
5973.729359388357	   1.1554121e-14
5975.709467291837	  1.15795875e-14
5977.689575195318	   1.1485825e-14
5979.6696830987985	   1.1470964e-14
5981.649791002279	  1.14869035e-14
5983.62989890576	   1.1469861e-14
5985.61000680924	   1.1597863e-14
5987.590114712721	   1.1560621e-14
5989.570222616201	   1.1401932e-14
5991.550330519682	   1.1299357e-14
5993.530438423162	   1.1313213e-14
5995.510546326643	   1.1453332e-14
5997.490654230123	   1.1463913e-14
5999.470762133604	   1.1432885e-14
6001.450870037084	   1.1380431e-14
6003.430977940565	   1.1352966e-14
6005.411085844045	   1.1276515e-14
6007.391193747526	  1.13719645e-14
6009.371301651006	   1.1515892e-14
6011.351409554487	   1.1387928e-14
6013.3315174579675	   1.1274585e-14
6015.311625361448	   1.1277665e-14
6017.291733264929	  1.13559784e-14
6019.271841168409	   1.1330042e-14
6021.25194907189	   1.1135088e-14
6023.23205697537	   1.1193809e-14
6025.212164878851	  1.12295385e-14
6027.192272782331	   1.1163475e-14
6029.172380685812	   1.1269342e-14
6031.152488589292	   1.1184086e-14
6033.132596492773	  1.11116476e-14
6035.112704396253	   1.1086606e-14
6037.092812299734	   1.1093785e-14
6039.072920203214	   1.1083494e-14
6041.053028106695	   1.0989724e-14
6043.033136010175	   1.1022273e-14
6045.013243913656	   1.1092094e-14
6046.9933518171365	   1.0975741e-14
6048.973459720617	   1.0870684e-14
6050.953567624098	   1.0875623e-14
6052.933675527578	   1.0803004e-14
6054.913783431059	  1.08187215e-14
6056.893891334539	   1.0854531e-14
6058.87399923802	   1.0707317e-14
 6060.8541071415	    1.064324e-14
6062.834215044981	  1.05503705e-14
6064.814322948461	  1.03926835e-14
6066.794430851942	   1.0441727e-14
6068.774538755422	    1.049129e-14
6070.754646658903	   1.0435181e-14
6072.734754562383	  1.03296405e-14
6074.714862465864	   1.0326151e-14
6076.694970369344	   1.0344091e-14
6078.675078272825	    1.029538e-14
6080.6551861763055	   1.0237584e-14
6082.635294079786	   1.0212919e-14
6084.615401983267	   1.0132378e-14
6086.595509886747	   1.0117495e-14
6088.575617790228	   1.0066686e-14
6090.555725693708	    9.951758e-15
6092.535833597189	  1.00018015e-14
6094.515941500669	    9.926743e-15
6096.49604940415	    9.900843e-15
6098.47615730763	    9.946103e-15
6100.456265211111	   9.7591375e-15
6102.436373114591	    9.718232e-15
6104.416481018072	   9.7028725e-15
6106.396588921552	    9.550763e-15
6108.376696825033	    9.517722e-15
6110.356804728513	      9.3459e-15
6112.336912631994	    9.197724e-15
6114.3170205354745	    9.163517e-15
6116.297128438955	    8.995263e-15
6118.277236342436	    8.819294e-15
6120.257344245916	    8.709901e-15
6122.237452149397	    8.610651e-15
6124.217560052877	    8.512366e-15
6126.197667956358	   8.3320505e-15
6128.177775859838	    8.189987e-15
6130.157883763319	    7.995053e-15
6132.137991666799	    7.776148e-15
6134.11809957028	    7.788615e-15
6136.09820747376	    7.639834e-15
6138.078315377241	    7.478358e-15
6140.058423280721	    7.418315e-15
6142.038531184202	    7.330876e-15
6144.0186390876825	    7.256049e-15
6145.998746991163	    7.134329e-15
6147.9788548946435	    7.091635e-15
6149.958962798124	   6.9476213e-15
6151.939070701605	    6.808171e-15
6153.919178605085	   6.7408174e-15
6155.899286508566	    6.672024e-15
6157.879394412046	   6.5509757e-15
6159.859502315527	   6.3263493e-15
6161.839610219007	   6.1077386e-15
6163.819718122488	    6.041288e-15
6165.799826025968	   5.9250963e-15
6167.779933929449	   5.7169396e-15
6169.760041832929	   5.5711847e-15
6171.74014973641	   5.4327164e-15
6173.72025763989	   5.2644343e-15
6175.700365543371	   5.1918813e-15
6177.6804734468515	   5.1539685e-15
6179.660581350332	    4.934448e-15
6181.6406892538125	   4.8046004e-15
6183.620797157293	   4.7761024e-15
6185.600905060774	     4.64216e-15
6187.581012964254	   4.5392834e-15
6189.561120867735	   4.5164356e-15
6191.541228771215	    4.536508e-15
6193.521336674696	   4.4759457e-15
6195.501444578176	   4.4491087e-15
6197.481552481657	   4.4856417e-15
6199.461660385137	    4.404116e-15
6201.441768288618	   4.4284526e-15
6203.421876192098	     4.43583e-15
6205.401984095579	   4.4438334e-15
6207.382091999059	   4.5313065e-15
6209.36219990254	   4.4648263e-15
6211.3423078060205	     4.49039e-15
6213.322415709501	   4.6005997e-15
6215.3025236129815	    4.697994e-15
6217.282631516462	   4.8279332e-15
6219.262739419943	   4.8358983e-15
6221.242847323423	   5.0128994e-15
6223.222955226904	   5.0629074e-15
6225.203063130384	    5.147328e-15
6227.183171033865	    5.228583e-15
6229.163278937345	   5.2389335e-15
6231.143386840826	   5.3213617e-15
6233.123494744306	   5.4617582e-15
6235.103602647787	   5.5900274e-15
6237.083710551267	   5.6509964e-15
6239.063818454748	    5.827448e-15
6241.043926358228	    5.953131e-15
6243.024034261709	    6.120318e-15
6245.0041421651895	    6.255941e-15
6246.98425006867	    6.387831e-15
6248.9643579721505	   6.5073975e-15
6250.944465875631	    6.652139e-15
6252.924573779112	    6.781141e-15
6254.904681682592	   6.8769953e-15
6256.884789586073	   6.9561204e-15
6258.864897489553	    7.111753e-15
6260.845005393034	    7.244508e-15
6262.825113296514	    7.382623e-15
6264.805221199995	    7.503915e-15
6266.785329103475	    7.602525e-15
6268.765437006956	    7.715191e-15
6270.745544910436	   7.7868815e-15
6272.725652813917	   7.7985315e-15
6274.705760717397	    7.785193e-15
6276.685868620878	    7.702951e-15
6278.6659765243585	   7.7997005e-15
6280.646084427839	    7.894233e-15
6282.6261923313195	    8.045337e-15
 6284.6063002348	    8.181146e-15
6286.586408138281	    8.382667e-15
6288.566516041761	    8.460905e-15
6290.546623945242	    8.543331e-15
6292.526731848722	    8.662258e-15
6294.506839752203	    8.741071e-15
6296.486947655683	    8.829119e-15
6298.467055559164	    8.833841e-15
6300.447163462644	    8.786425e-15
6302.427271366125	    8.916259e-15
6304.407379269605	    9.125721e-15
6306.387487173086	    9.121345e-15
6308.367595076566	    9.234972e-15
6310.347702980047	   9.2406255e-15
6312.3278108835275	    9.270361e-15
6314.307918787008	    9.405639e-15
6316.288026690489	      9.4896e-15
6318.268134593969	    9.392308e-15
6320.24824249745	     9.48004e-15
6322.22835040093	    9.543691e-15
6324.208458304411	    9.532842e-15
6326.188566207891	    9.571135e-15
6328.168674111372	    9.536354e-15
6330.148782014852	    9.616855e-15
6332.128889918333	    9.708663e-15
6334.108997821813	    9.606112e-15
6336.089105725294	   9.6302056e-15
6338.069213628774	    9.640784e-15
6340.049321532255	    9.725003e-15
6342.029429435735	    9.743976e-15
6344.009537339216	    9.678473e-15
6345.9896452426965	    9.732806e-15
6347.969753146177	   9.7945545e-15
6349.949861049658	    9.734439e-15
6351.929968953138	    9.668383e-15
6353.910076856619	    9.782789e-15
6355.890184760099	   9.8502385e-15
6357.87029266358	    9.738299e-15
6359.85040056706	    9.796371e-15
6361.830508470541	   9.7712865e-15
6363.810616374021	    9.780885e-15
6365.790724277502	    9.757835e-15
6367.770832180982	    9.737138e-15
6369.750940084463	   9.7801245e-15
6371.731047987943	     9.78991e-15
6373.711155891424	   9.8340305e-15
6375.691263794904	    9.867518e-15
6377.671371698385	    9.827057e-15
6379.6514796018655	    9.720489e-15
6381.631587505346	   9.7608934e-15
6383.611695408827	     9.73941e-15
6385.591803312307	    9.822435e-15
6387.571911215788	    9.811895e-15
6389.552019119268	   9.7741825e-15
6391.532127022749	    9.700321e-15
6393.512234926229	    9.696404e-15
6395.49234282971	    9.696924e-15
6397.47245073319	    9.589815e-15
6399.452558636671	    9.578682e-15
6401.432666540151	    9.502187e-15
6403.412774443632	   9.6160965e-15
6405.392882347112	   9.6218555e-15
6407.372990250593	    9.617038e-15
6409.353098154073	   9.5559885e-15
6411.333206057554	   9.4164305e-15
6413.3133139610345	     9.48986e-15
6415.293421864515	    9.552382e-15
6417.273529767996	    9.508022e-15
6419.253637671476	     9.43569e-15
6421.233745574957	    9.344868e-15
6423.213853478437	    9.375545e-15
6425.193961381918	    9.486191e-15
6427.174069285398	    9.403134e-15
6429.154177188879	   9.3714065e-15
6431.134285092359	    9.372006e-15
6433.11439299584	    9.404136e-15
6435.09450089932	    9.308322e-15
6437.074608802801	    9.326428e-15
6439.054716706281	    9.250834e-15
6441.034824609762	    9.237248e-15
6443.0149325132425	    9.283661e-15
6444.995040416723	    9.272956e-15
6446.9751483202035	    9.208869e-15
6448.955256223684	   9.1145006e-15
6450.935364127165	    9.115663e-15
6452.915472030645	   9.1472935e-15
6454.895579934126	   9.1259355e-15
6456.875687837606	     9.06288e-15
6458.855795741087	    9.121144e-15
6460.835903644567	   9.0895495e-15
6462.816011548048	    8.965829e-15
6464.796119451528	    8.979671e-15
6466.776227355009	    9.016858e-15
6468.756335258489	   8.8734545e-15
6470.73644316197	    8.844193e-15
6472.71655106545	   8.7383705e-15
6474.696658968931	   8.7161715e-15
6476.6767668724115	    8.800965e-15
6478.656874775892	    8.648489e-15
6480.6369826793725	    8.614468e-15
6482.617090582853	    8.675113e-15
6484.597198486334	    8.617153e-15
6486.577306389814	     8.49705e-15
6488.557414293295	      8.5243e-15
6490.537522196775	    8.569995e-15
6492.517630100256	   8.5605825e-15
6494.497738003736	    8.486826e-15
6496.477845907217	    8.472634e-15
6498.457953810697	    8.400085e-15
6500.438061714178	    8.433764e-15
6502.418169617658	    8.351235e-15
6504.398277521139	   8.2967555e-15
6506.378385424619	    8.352041e-15
 6508.3584933281	   8.3241485e-15
6510.3386012315805	    8.319102e-15
6512.318709135061	    8.294197e-15
6514.2988170385415	    8.212908e-15
6516.278924942022	    8.192689e-15
6518.259032845503	    8.203148e-15
6520.239140748983	    8.174434e-15
6522.219248652464	    8.196482e-15
6524.199356555944	    8.203282e-15
6526.179464459425	     8.04771e-15
6528.159572362905	    8.032592e-15
6530.139680266386	    8.019008e-15
6532.119788169866	    7.886394e-15
6534.099896073347	    7.932344e-15
6536.080003976827	     8.05674e-15
6538.060111880308	    8.007753e-15
6540.040219783788	    7.892458e-15
6542.020327687269	    7.903799e-15
6544.0004355907495	    7.928972e-15
6545.98054349423	   7.8115886e-15
6547.9606513977105	    7.844425e-15
6549.940759301191	    7.842329e-15
6551.920867204672	    7.838807e-15
6553.900975108152	   7.8709215e-15
6555.881083011633	   7.7589455e-15
6557.861190915113	    7.713669e-15
6559.841298818594	    7.719681e-15
6561.821406722074	    7.670152e-15
6563.801514625555	    7.689417e-15
6565.781622529035	    7.673541e-15
6567.761730432516	    7.585044e-15
6569.741838335996	   7.6700926e-15
6571.721946239477	    7.675376e-15
6573.702054142957	   7.5719435e-15
6575.682162046438	    7.539142e-15
6577.6622699499185	    7.528194e-15
6579.642377853399	    7.534159e-15
6581.6224857568795	    7.486546e-15
6583.60259366036	     7.46407e-15
6585.582701563841	    7.456853e-15
6587.562809467321	    7.451849e-15
6589.542917370802	     7.44501e-15
6591.523025274282	    7.434418e-15
6593.503133177763	    7.388223e-15
6595.483241081243	    7.334122e-15
6597.463348984724	    7.322522e-15
6599.443456888204	   7.3654106e-15
6601.423564791685	   7.3406704e-15
6603.403672695165	    7.287533e-15
6605.383780598646	    7.245761e-15
6607.363888502126	   7.2672555e-15
6609.343996405607	    7.247918e-15
6611.3241043090875	    7.191963e-15
6613.304212212568	    7.138299e-15
6615.284320116049	   7.0738377e-15
6617.264428019529	    7.108129e-15
6619.24453592301	   7.0293757e-15
6621.22464382649	    7.006633e-15
6623.204751729971	    7.136294e-15
6625.184859633451	   7.0998975e-15
6627.164967536932	   7.0914475e-15
6629.145075440412	   7.0724524e-15
6631.125183343893	    7.001701e-15
6633.105291247373	    6.969874e-15
6635.085399150854	    7.040171e-15
6637.065507054334	   7.0513756e-15
6639.045614957815	   6.9252147e-15
6641.025722861295	    6.885407e-15
6643.005830764776	    6.847206e-15
6644.9859386682565	   6.7364086e-15
6646.966046571737	   6.7106554e-15
6648.946154475218	    6.790774e-15
6650.926262378698	   6.7665113e-15
6652.906370282179	    6.738928e-15
6654.886478185659	    6.705004e-15
6656.86658608914	   6.6623495e-15
6658.84669399262	    6.680193e-15
6660.826801896101	   6.6965197e-15
6662.806909799581	    6.624793e-15
6664.787017703062	   6.6472922e-15
6666.767125606542	    6.569637e-15
6668.747233510023	   6.5381952e-15
6670.727341413503	    6.570478e-15
6672.707449316984	   6.5080913e-15
6674.687557220464	    6.506421e-15
6676.667665123945	   6.4646075e-15
6678.6477730274255	   6.4225164e-15
6680.627880930906	   6.4616086e-15
6682.607988834387	    6.542396e-15
6684.588096737867	   6.5209293e-15
6686.568204641348	    6.491468e-15
6688.548312544828	    6.475379e-15
6690.528420448309	    6.410267e-15
6692.508528351789	    6.352717e-15
6694.48863625527	   6.3865314e-15
6696.46874415875	    6.367784e-15
6698.448852062231	   6.3198073e-15
6700.428959965711	   6.3232356e-15
6702.409067869192	    6.303081e-15
6704.389175772672	    6.270354e-15
6706.369283676153	   6.2677257e-15
6708.349391579633	     6.30577e-15
6710.329499483114	    6.297767e-15
6712.3096073865945	    6.256153e-15
6714.289715290075	    6.240449e-15
6716.269823193556	    6.239202e-15
6718.249931097036	    6.272622e-15
6720.230039000517	    6.248694e-15
6722.210146903997	   6.1657426e-15
6724.190254807478	   6.1587245e-15
6726.170362710958	    6.130609e-15
6728.150470614439	   6.0878613e-15
6730.130578517919	    6.161356e-15
 6732.1106864214	   6.1403307e-15
6734.09079432488	    6.027779e-15
6736.070902228361	   6.0146382e-15
6738.051010131841	   6.0316344e-15
6740.031118035322	    6.049211e-15
6742.011225938802	    6.024899e-15
6743.991333842283	    5.929457e-15
6745.9714417457635	   5.9535333e-15
6747.951549649244	   5.9928093e-15
6749.931657552725	   5.9031835e-15
6751.911765456205	   5.9348723e-15
6753.891873359686	   5.8849837e-15
6755.871981263166	    5.860145e-15
6757.852089166647	   5.9369865e-15
6759.832197070127	   5.8670986e-15
6761.812304973608	    5.784333e-15
6763.792412877088	   5.7848988e-15
6765.772520780569	   5.8398153e-15
6767.752628684049	   5.8471184e-15
6769.73273658753	   5.8157875e-15
6771.71284449101	    5.815579e-15
6773.692952394491	    5.752791e-15
6775.6730602979715	    5.632679e-15
6777.653168201452	   5.5839982e-15
6779.6332761049325	   5.6281752e-15
6781.613384008413	   5.6676486e-15
6783.593491911894	   5.6860487e-15
6785.573599815374	    5.664713e-15
6787.553707718855	    5.650783e-15
6789.533815622335	   5.5565882e-15
6791.513923525816	   5.5606138e-15
6793.494031429296	    5.535995e-15
6795.474139332777	    5.534962e-15
6797.454247236257	    5.486677e-15
6799.434355139738	   5.4367335e-15
6801.414463043218	    5.392105e-15
6803.394570946699	   5.4008727e-15
6805.374678850179	   5.3901653e-15
6807.35478675366	   5.3009816e-15
6809.3348946571405	    5.399868e-15
6811.315002560621	   5.4270028e-15
6813.2951104641015	   5.4362486e-15
6815.275218367582	      5.4089e-15
6817.255326271063	    5.318255e-15
6819.235434174543	    5.270254e-15
6821.215542078024	   5.3536484e-15
6823.195649981504	   5.3184343e-15
6825.175757884985	    5.261083e-15
6827.155865788465	    5.277791e-15
6829.135973691946	   5.2845517e-15
6831.116081595426	    5.157626e-15
6833.096189498907	    5.175634e-15
6835.076297402387	   5.2650835e-15
6837.056405305868	   5.1750414e-15
6839.036513209348	   5.1407806e-15
6841.016621112829	     5.16306e-15
6842.9967290163095	    5.117299e-15
6844.97683691979	    5.118485e-15
6846.9569448232705	    5.097093e-15
6848.937052726751	    5.107545e-15
6850.917160630232	   5.0747696e-15
6852.897268533712	    5.082351e-15
6854.877376437193	   5.0428018e-15
6856.857484340673	    5.062509e-15
6858.837592244154	    5.024842e-15
6860.817700147634	   5.0352056e-15
6862.797808051115	    4.959475e-15
6864.777915954595	   4.6337776e-15
6866.758023858076	    3.864109e-15
6868.738131761556	    3.583186e-15
6870.718239665037	   3.5425463e-15
6872.698347568517	   3.7291545e-15
6874.678455471998	   3.9643492e-15
6876.6585633754785	   4.1948413e-15
6878.638671278959	   4.4843296e-15
6880.6187791824395	    4.669774e-15
6882.59888708592	    4.603168e-15
6884.578994989401	   4.4623436e-15
6886.559102892881	    4.356376e-15
6888.539210796362	    4.332779e-15
6890.519318699842	   4.3131206e-15
6892.499426603323	   4.4018587e-15
6894.479534506803	   4.3091166e-15
6896.459642410284	   4.4238523e-15
6898.439750313764	   4.3628253e-15
6900.419858217245	    4.480073e-15
6902.399966120725	    4.412151e-15
6904.380074024206	   4.5004034e-15
6906.360181927686	   4.5973247e-15
6908.340289831167	   4.5526615e-15
6910.3203977346475	   4.5876694e-15
6912.300505638128	    4.604546e-15
6914.280613541609	   4.7034054e-15
6916.260721445089	   4.6586075e-15
6918.24082934857	   4.5886875e-15
6920.22093725205	   4.6893705e-15
6922.201045155531	   4.6801687e-15
6924.181153059011	   4.6963437e-15
6926.161260962492	   4.6472657e-15
6928.141368865972	   4.6581103e-15
6930.121476769453	   4.6400355e-15
6932.101584672933	   4.6672502e-15
6934.081692576414	   4.6644643e-15
6936.061800479894	   4.6267443e-15
6938.041908383375	    4.606717e-15
6940.022016286855	   4.5827917e-15
6942.002124190336	   4.6122282e-15
6943.9822320938165	   4.5206263e-15
6945.962339997297	   4.5442818e-15
6947.942447900778	   4.5869418e-15
6949.922555804258	   4.5542497e-15
6951.902663707739	   4.5110366e-15
6953.882771611219	   4.4328288e-15
 6955.8628795147	     4.51621e-15
6957.84298741818	   4.5293808e-15
6959.823095321661	   4.5076895e-15
6961.803203225141	   4.5673825e-15
6963.783311128622	   4.5711463e-15
6965.763419032102	   4.5494347e-15
6967.743526935583	   4.5827566e-15
6969.723634839063	   4.5649926e-15
6971.703742742544	   4.5186552e-15
6973.683850646024	   4.4767025e-15
6975.663958549505	   4.5263306e-15
6977.6440664529855	   4.4573614e-15
6979.624174356466	   4.5261494e-15
6981.604282259947	   4.5497502e-15
6983.584390163427	    4.449635e-15
6985.564498066908	    4.505877e-15
6987.544605970388	    4.498108e-15
6989.524713873869	      4.4276e-15
6991.504821777349	   4.4521847e-15
6993.48492968083	    4.452593e-15
6995.46503758431	    4.431681e-15
6997.445145487791	   4.4620904e-15
6999.425253391271	    4.449955e-15
7001.405361294752	   4.4614606e-15
7003.385469198232	    4.338613e-15
7005.365577101713	   4.4127994e-15
7007.345685005193	   4.3832142e-15
7009.325792908674	   4.3629333e-15
7011.3059008121545	   4.3057696e-15
7013.286008715635	    4.380735e-15
7015.266116619116	   4.3814414e-15
7017.246224522596	   4.3946543e-15
7019.226332426077	   4.4080065e-15
7021.206440329557	   4.4277885e-15
7023.186548233038	    4.415723e-15
7025.166656136518	    4.323213e-15
7027.146764039999	   4.3652563e-15
7029.126871943479	   4.3194733e-15
7031.10697984696	   4.3462175e-15
7033.08708775044	    4.371176e-15
7035.067195653921	   4.4028027e-15
7037.047303557401	   4.3626703e-15
7039.027411460882	    4.294861e-15
7041.007519364362	   4.3041484e-15
7042.987627267843	   4.3428734e-15
7044.9677351713235	   4.3443443e-15
7046.947843074804	   4.2572105e-15
7048.927950978285	   4.2689758e-15
7050.908058881765	   4.2203654e-15
7052.888166785246	      4.2774e-15
7054.868274688726	   4.2674193e-15
7056.848382592207	   4.2161743e-15
7058.828490495687	   4.2788466e-15
7060.808598399168	    4.264868e-15
7062.788706302648	    4.203957e-15
7064.768814206129	   4.2313273e-15
7066.748922109609	    4.210912e-15
7068.72903001309	   4.2031803e-15
7070.70913791657	   4.1785715e-15
7072.689245820051	    4.188689e-15
7074.6693537235315	   4.2110294e-15
7076.649461627012	   4.1837473e-15
7078.6295695304925	     4.22905e-15
7080.609677433973	   4.2158105e-15
7082.589785337454	   4.1797756e-15
7084.569893240934	   4.1522415e-15
7086.550001144415	   4.2138542e-15
7088.530109047895	   4.1784584e-15
7090.510216951376	    4.133169e-15
7092.490324854856	    4.120157e-15
7094.470432758337	    4.099182e-15
7096.450540661817	   4.1299162e-15
7098.430648565298	    4.155514e-15
7100.410756468778	    4.089395e-15
7102.390864372259	    4.079399e-15
7104.370972275739	   4.1156844e-15
7106.35108017922	    4.143253e-15
7108.3311880827005	   4.1868534e-15
7110.311295986181	   4.1048504e-15
7112.2914038896615	    4.068478e-15
7114.271511793142	   4.1032957e-15
7116.251619696623	    4.110516e-15
7118.231727600103	   4.1510785e-15
7120.211835503584	   4.1365163e-15
7122.191943407064	   4.0608797e-15
7124.172051310545	    4.098155e-15
7126.152159214025	   4.1065877e-15
7128.132267117506	    4.097591e-15
7130.112375020986	     4.12028e-15
7132.092482924467	   4.0853293e-15
7134.072590827947	   4.1031813e-15
7136.052698731428	    4.096533e-15
7138.032806634908	   4.0553045e-15
7140.012914538389	    4.070204e-15
7141.9930224418695	    4.148073e-15
7143.97313034535	   4.0605455e-15
7145.9532382488305	    4.090945e-15
7147.933346152311	   4.0531132e-15
7149.913454055792	   4.0129533e-15
7151.893561959272	   4.0564327e-15
7153.873669862753	   4.0702622e-15
7155.853777766233	   4.1293957e-15
7157.833885669714	    4.097888e-15
7159.813993573194	   4.1376547e-15
7161.794101476675	   4.0840477e-15
7163.774209380155	    4.065574e-15
7165.754317283636	    4.035653e-15
7167.734425187116	     3.94227e-15
7169.714533090597	     3.91451e-15
7171.694640994077	    3.926937e-15
7173.674748897558	   3.9063372e-15
7175.6548568010385	    3.821927e-15
7177.634964704519	   3.8901894e-15
7179.6150726079995	    3.918982e-15
7181.59518051148	    3.877442e-15
7183.575288414961	     3.74293e-15
7185.555396318441	    3.690424e-15
7187.535504221922	   3.8462157e-15
7189.515612125402	   3.7741306e-15
7191.495720028883	    3.750863e-15
7193.475827932363	    3.805384e-15
7195.455935835844	   3.8569747e-15
7197.436043739324	    3.845543e-15
7199.416151642805	    3.731658e-15
7201.396259546285	   3.7909735e-15
7203.376367449766	    3.860966e-15
7205.356475353246	   3.8018625e-15
7207.336583256727	   3.8937626e-15
7209.3166911602075	    3.993978e-15
7211.296799063688	    3.946482e-15
7213.2769069671685	    4.015961e-15
7215.257014870649	    4.023278e-15
7217.23712277413	   3.9837285e-15
7219.21723067761	   3.9554097e-15
7221.197338581091	   3.9809956e-15
7223.177446484571	   3.9057756e-15
7225.157554388052	   3.8988427e-15
7227.137662291532	   3.9391974e-15
7229.117770195013	   3.9653195e-15
7231.097878098493	   3.7855122e-15
7233.077986001974	    3.671527e-15
7235.058093905454	   3.8436183e-15
7237.038201808935	     3.90158e-15
7239.018309712415	    3.816564e-15
7240.998417615896	   3.7867387e-15
7242.9785255193765	   3.7743653e-15
7244.958633422857	   3.8314494e-15
7246.938741326338	    3.908405e-15
7248.918849229818	    3.816643e-15
7250.898957133299	     3.71725e-15
7252.879065036779	   3.7900362e-15
7254.85917294026	   3.8673894e-15
7256.83928084374	   3.8523427e-15
7258.819388747221	   3.8777715e-15
7260.799496650701	   3.8274065e-15
7262.779604554182	   3.7388585e-15
7264.759712457662	   3.6954167e-15
7266.739820361143	   3.8169236e-15
7268.719928264623	   3.8302758e-15
7270.700036168104	   3.8418666e-15
7272.680144071584	   3.7426244e-15
7274.660251975065	   3.6907275e-15
7276.6403598785455	    3.740405e-15
7278.620467782026	    3.830124e-15
7280.600575685507	    3.801897e-15
7282.580683588987	    3.817008e-15
7284.560791492468	   3.8109215e-15
7286.540899395948	   3.7035372e-15
7288.521007299429	    3.703115e-15
7290.501115202909	    3.767853e-15
7292.48122310639	   3.7281456e-15
7294.46133100987	    3.765427e-15
7296.441438913351	    3.813024e-15
7298.421546816831	   3.8031208e-15
7300.401654720312	   3.6772644e-15
7302.381762623792	   3.6281394e-15
7304.361870527273	    3.716047e-15
7306.341978430753	   3.7672095e-15
7308.322086334234	     3.71221e-15
7310.3021942377145	   3.6801604e-15
7312.282302141195	    3.675665e-15
7314.262410044676	   3.6998806e-15
7316.242517948156	   3.6814297e-15
7318.222625851637	   3.6379366e-15
7320.202733755117	   3.7183467e-15
7322.182841658598	   3.7779194e-15
7324.162949562078	   3.7041805e-15
7326.143057465559	   3.6739385e-15
7328.123165369039	   3.6891783e-15
7330.10327327252	    3.689288e-15
  7332.083381176	    3.714842e-15
7334.063489079481	   3.6809964e-15
7336.043596982961	   3.6876867e-15
7338.023704886442	   3.7011956e-15
7340.003812789922	   3.6908927e-15
7341.983920693403	   3.6262806e-15
7343.9640285968835	     3.57305e-15
7345.944136500364	   3.5713243e-15
7347.924244403845	    3.580804e-15
7349.904352307325	   3.5967213e-15
7351.884460210806	    3.624223e-15
7353.864568114286	    3.635939e-15
7355.844676017767	   3.5918873e-15
7357.824783921247	   3.5665843e-15
7359.804891824728	    3.556655e-15
7361.784999728208	   3.5012907e-15
7363.765107631689	   3.5544755e-15
7365.745215535169	    3.508071e-15
7367.72532343865	   3.3982807e-15
7369.70543134213	   3.4206026e-15
7371.685539245611	   3.4271785e-15
7373.6656471490915	   3.4009122e-15
7375.645755052572	   3.3502053e-15
7377.6258629560525	   3.3384893e-15
7379.605970859533	   3.3697563e-15
7381.586078763014	   3.3300806e-15
7383.566186666494	   3.3033097e-15
7385.546294569975	   3.3078682e-15
7387.526402473455	   3.2534275e-15
7389.506510376936	   3.2679448e-15
7391.486618280416	    3.234957e-15
7393.466726183897	    3.217096e-15
7395.446834087377	    3.241237e-15
7397.426941990858	   3.2111745e-15
7399.407049894338	   3.2392154e-15
7401.387157797819	    3.200393e-15
7403.367265701299	    3.204717e-15
7405.34737360478	   3.1838683e-15
7407.3274815082605	   3.1694251e-15
7409.307589411741	   3.1611473e-15
7411.2876973152215	   3.1708301e-15
7413.267805218702	   3.1451233e-15
7415.247913122183	    3.111491e-15
7417.228021025663	   3.1129592e-15
7419.208128929144	   3.1553858e-15
7421.188236832624	    3.108964e-15
7423.168344736105	   3.0846077e-15
7425.148452639585	   3.0395824e-15
7427.128560543066	   3.0628415e-15
7429.108668446546	   3.0474759e-15
7431.088776350027	   2.9810475e-15
7433.068884253507	   3.0835138e-15
7435.048992156988	   3.0491187e-15
7437.029100060468	   3.0330314e-15
7439.009207963949	   3.0183555e-15
7440.9893158674295	   2.9843976e-15
7442.96942377091	   2.9520674e-15
7444.9495316743905	   2.9290825e-15
7446.929639577871	   3.0506959e-15
7448.909747481352	   3.0139929e-15
7450.889855384832	   2.9798797e-15
7452.869963288313	   2.9574488e-15
7454.850071191793	   2.9442535e-15
7456.830179095274	   2.9804826e-15
7458.810286998754	   3.0016103e-15
7460.790394902235	    2.991109e-15
7462.770502805715	   3.0218381e-15
7464.750610709196	   3.0488138e-15
7466.730718612676	   3.0242693e-15
7468.710826516157	    3.023882e-15
7470.690934419637	   3.0132723e-15
7472.671042323118	    2.934374e-15
7474.6511502265985	   2.9450643e-15
7476.631258130079	   2.9691878e-15
7478.6113660335595	   2.9401515e-15
7480.59147393704	   2.9861691e-15
7482.571581840521	   2.9547273e-15
7484.551689744001	   2.9637679e-15
7486.531797647482	   2.9796266e-15
7488.511905550962	   2.9239626e-15
7490.492013454443	   2.9404046e-15
7492.472121357923	   2.9031387e-15
7494.452229261404	     2.86651e-15
7496.432337164884	   2.9731752e-15
7498.412445068365	   2.9515196e-15
7500.392552971845	    2.899776e-15
7502.372660875326	   2.9425044e-15
7504.352768778806	   2.9656887e-15
7506.332876682287	   2.9510234e-15
7508.3129845857675	     2.90074e-15
7510.293092489248	   2.8991085e-15
7512.2732003927285	   2.8824902e-15
7514.253308296209	   2.8241366e-15
7516.23341619969	   2.8837707e-15
7518.21352410317	    2.891679e-15
7520.193632006651	   2.8413009e-15
7522.173739910131	   2.8564086e-15
7524.153847813612	   2.8008758e-15
7526.133955717092	   2.8003257e-15
7528.114063620573	   2.7803996e-15
7530.094171524053	   2.7720168e-15
7532.074279427534	   2.7925836e-15
7534.054387331014	   2.7548686e-15
7536.034495234495	   2.7587567e-15
7538.014603137975	   2.7010881e-15
7539.994711041456	   2.6453936e-15
7541.9748189449365	   2.6277929e-15
7543.954926848417	   2.5226577e-15
7545.935034751898	   2.4743577e-15
7547.915142655378	   2.4271278e-15
7549.895250558859	   2.4483763e-15
7551.875358462339	   2.4334507e-15
7553.85546636582	   2.3713016e-15
 7555.8355742693	   2.3200038e-15
7557.815682172781	   2.2995788e-15
7559.795790076261	   2.3052552e-15
7561.775897979742	   2.3060855e-15
7563.756005883222	   2.3157216e-15
7565.736113786703	    2.303423e-15
7567.716221690183	   2.3488459e-15
7569.696329593664	   2.3243446e-15
7571.676437497144	   2.3488207e-15
7573.656545400625	   2.3107211e-15
7575.6366533041055	   2.2985982e-15
7577.616761207586	    2.338072e-15
7579.596869111067	   2.4404065e-15
7581.576977014547	    2.454041e-15
7583.557084918028	   2.4383745e-15
7585.537192821508	   2.4744583e-15
7587.517300724989	   2.4761765e-15
7589.497408628469	   2.4721186e-15
7591.47751653195	   2.1720383e-15
7593.45762443543	   1.6063429e-15
7595.437732338911	   1.2750823e-15
7597.417840242391	    1.041589e-15
7599.397948145872	   8.3971374e-16
7601.378056049352	    7.215119e-16
7603.358163952833	    6.902943e-16
7605.338271856313	    6.907482e-16
7607.318379759794	    7.545789e-16
7609.2984876632745	    9.288231e-16
7611.278595566755	   1.3546624e-15
7613.258703470236	    1.730518e-15
7615.238811373716	   1.8497294e-15
7617.218919277197	   2.1520018e-15
7619.199027180677	   1.9417182e-15
7621.179135084158	   1.6634242e-15
7623.159242987638	   1.4514987e-15
7625.139350891119	    1.362878e-15
7627.119458794599	   1.3979343e-15
7629.09956669808	   1.3574229e-15
7631.07967460156	   1.3914414e-15
7633.059782505041	   1.4404505e-15
7635.039890408521	   1.4196396e-15
7637.019998312002	   1.5338394e-15
7639.000106215482	   1.5023252e-15
7640.980214118963	   1.8083385e-15
7642.9603220224435	   1.6481513e-15
7644.940429925924	    1.878087e-15
7646.920537829405	   1.8012787e-15
7648.900645732885	   1.8737423e-15
7650.880753636366	   2.0834855e-15
7652.860861539846	   1.9617385e-15
7654.840969443327	   2.1723142e-15
7656.821077346807	    2.228519e-15
7658.801185250288	   2.2130699e-15
7660.781293153768	   2.3622474e-15
7662.761401057249	   2.3121717e-15
7664.741508960729	   2.3903287e-15
7666.72161686421	   2.5664749e-15
7668.70172476769	   2.4770428e-15
7670.681832671171	   2.4850663e-15
7672.661940574651	    2.627229e-15
7674.642048478132	   2.5494125e-15
7676.6221563816125	   2.5636623e-15
7678.602264285093	    2.685379e-15
7680.582372188574	   2.6262108e-15
7682.562480092054	   2.6279021e-15
7684.542587995535	   2.6123343e-15
7686.522695899015	    2.629605e-15
7688.502803802496	   2.6455247e-15
7690.482911705976	   2.6818698e-15
7692.463019609457	   2.7154451e-15
7694.443127512937	   2.6836005e-15
7696.423235416418	   2.7421025e-15
7698.403343319898	   2.7207996e-15
7700.383451223379	    2.710761e-15
7702.363559126859	     2.70721e-15
7704.34366703034	   2.7052877e-15
7706.3237749338205	    2.708131e-15
7708.303882837301	   2.7321742e-15
7710.2839907407815	   2.8180585e-15
7712.264098644262	   2.7635674e-15
7714.244206547743	   2.7243123e-15
7716.224314451223	   2.8093887e-15
7718.204422354704	   2.7643623e-15
7720.184530258184	   2.7686267e-15
7722.164638161665	   2.7765352e-15
7724.144746065145	    2.813022e-15
7726.124853968626	   2.7456268e-15
7728.104961872106	   2.7750176e-15
7730.085069775587	   2.7876928e-15
7732.065177679067	    2.757555e-15
7734.045285582548	   2.8445916e-15
7736.025393486028	   2.8338804e-15
7738.005501389509	    2.886396e-15
7739.9856092929895	   2.8863798e-15
7741.96571719647	    2.789162e-15
7743.9458250999505	   2.7943926e-15
7745.925933003431	   2.7858975e-15
7747.906040906912	   2.8108284e-15
7749.886148810392	    2.808714e-15
7751.866256713873	   2.8056217e-15
7753.846364617353	    2.785096e-15
7755.826472520834	    2.785364e-15
7757.806580424314	   2.8060878e-15
7759.786688327795	   2.7927076e-15
7761.766796231275	   2.8392311e-15
7763.746904134756	   2.8379928e-15
7765.727012038236	   2.7922534e-15
7767.707119941717	    2.800498e-15
7769.687227845197	   2.8038385e-15
7771.667335748678	   2.8510612e-15
7773.6474436521585	   2.8559122e-15
7775.627551555639	   2.8774368e-15
7777.6076594591195	   2.9048398e-15
 7779.5877673626	    2.942904e-15
7781.567875266081	   2.9110583e-15
7783.547983169561	   2.8961312e-15
7785.528091073042	   2.9441258e-15
7787.508198976522	    2.949383e-15
7789.488306880003	   2.9211994e-15
7791.468414783483	   2.9253822e-15
7793.448522686964	   2.9746793e-15
7795.428630590444	   2.9476986e-15
7797.408738493925	   2.9168158e-15
7799.388846397405	    2.981461e-15
7801.368954300886	   2.9608875e-15
7803.349062204366	   2.9804987e-15
7805.329170107847	   3.0082021e-15
7807.3092780113275	   3.0138248e-15
7809.289385914808	   3.0588723e-15
7811.2694938182885	   3.0580994e-15
7813.249601721769	   2.9975156e-15
7815.22970962525	   3.0189648e-15
7817.20981752873	   3.0744924e-15
7819.189925432211	   3.0683383e-15
7821.170033335691	     3.10454e-15
7823.150141239172	   3.1129088e-15
7825.130249142652	   3.0801083e-15
7827.110357046133	    3.126086e-15
7829.090464949613	    3.096393e-15
7831.070572853094	    3.093761e-15
7833.050680756574	    3.142375e-15
7835.030788660055	   3.1648594e-15
7837.010896563535	   3.1952997e-15
7838.991004467016	   3.1895439e-15
7840.9711123704965	   3.1871997e-15
7842.951220273977	   3.1546603e-15
7844.9313281774575	   3.2575346e-15
7846.911436080938	   3.2087412e-15
7848.891543984419	   3.2389568e-15
7850.871651887899	   3.2303456e-15
7852.85175979138	   3.2465369e-15
7854.83186769486	    3.248099e-15
7856.811975598341	    3.198151e-15
7858.792083501821	   3.2097384e-15
7860.772191405302	   3.3050268e-15
7862.752299308782	    3.304823e-15
7864.732407212263	    3.261654e-15
7866.712515115743	   3.2673152e-15
