3500.5187988281236	    4.983514e-16
3502.806971788405	   5.8734906e-16
3505.0951447486864	    5.151595e-16
3507.3833177089678	   6.2415004e-16
3509.671490669249	   6.0451847e-16
3511.9596636295305	   5.5896927e-16
3514.2478365898114	   5.3957386e-16
3516.536009550093	   4.7745675e-16
3518.824182510374	     4.87736e-16
3521.1123554706555	   4.4216872e-16
3523.400528430937	   4.7587783e-16
3525.6887013912183	   4.8754724e-16
3527.9768743514996	    4.472046e-16
3530.265047311781	    4.223417e-16
3532.5532202720624	   4.6354566e-16
3534.8413932323438	    5.027232e-16
3537.129566192625	    4.633191e-16
3539.4177391529065	    4.585969e-16
3541.705912113188	    4.602299e-16
3543.9940850734693	   4.5100677e-16
3546.2822580337506	    4.193176e-16
3548.570430994032	   3.6700627e-16
3550.8586039543134	   4.2234084e-16
3553.1467769145947	    4.011003e-16
3555.434949874876	   4.0926443e-16
3557.7231228351575	   3.9277397e-16
3560.011295795439	   3.5775522e-16
3562.29946875572	   3.8588714e-16
3564.5876417160016	   3.6069794e-16
3566.875814676283	   3.4856213e-16
3569.1639876365643	   2.8863156e-16
3571.4521605968457	    3.473345e-16
3573.740333557127	   3.0624339e-16
3576.0285065174085	   3.4834934e-16
3578.31667947769	   2.9936063e-16
3580.604852437971	   2.6174207e-16
3582.8930253982526	   3.2100664e-16
3585.181198358534	   3.1924177e-16
3587.4693713188153	   2.9911674e-16
3589.7575442790967	   2.5939526e-16
3592.045717239378	   2.4454183e-16
3594.3338901996594	   2.8710515e-16
3596.622063159941	     2.42484e-16
3598.910236120222	    3.170448e-16
3601.1984090805036	   2.1429874e-16
3603.486582040785	    2.288384e-16
3605.7747550010663	   2.3159842e-16
3608.0629279613477	     2.24307e-16
3610.351100921629	   2.0074302e-16
3612.6392738819104	   2.1250528e-16
3614.927446842192	   2.3466193e-16
3617.215619802473	   2.4714261e-16
3619.5037927627545	   2.2343962e-16
3621.791965723036	   2.1097187e-16
3624.0801386833173	   2.2330827e-16
3626.3683116435986	   2.0484943e-16
3628.65648460388	   2.7831464e-16
3630.9446575641614	   1.8507436e-16
3633.2328305244428	   2.2182088e-16
3635.521003484724	    2.140103e-16
3637.8091764450055	   2.5572533e-16
3640.097349405287	    2.038302e-16
3642.3855223655682	   2.3862752e-16
3644.6736953258496	   2.0734915e-16
3646.961868286131	   2.1061665e-16
3649.2500412464124	   1.9951071e-16
3651.5382142066937	   1.9453971e-16
3653.826387166975	   2.4624712e-16
3656.1145601272565	   3.0913648e-16
3658.402733087538	   2.5293336e-16
3660.690906047819	   2.6350975e-16
3662.9790790081006	   2.3079154e-16
3665.267251968382	   2.8966793e-16
3667.5554249286633	    2.684789e-16
3669.8435978889447	   2.8006882e-16
3672.131770849226	   2.6700948e-16
3674.4199438095075	   2.9545748e-16
3676.708116769789	    3.088342e-16
3678.99628973007	   2.8483037e-16
3681.2844626903516	    3.136884e-16
3683.572635650633	    3.604777e-16
3685.8608086109143	    3.685003e-16
3688.1489815711957	   3.5119778e-16
3690.437154531477	    3.611314e-16
3692.7253274917584	   3.6547296e-16
3695.01350045204	   4.2388107e-16
3697.301673412321	   4.1955506e-16
3699.5898463726026	   4.0546758e-16
3701.878019332884	   3.9927476e-16
3704.1661922931653	   3.9238439e-16
3706.4543652534467	    4.343271e-16
3708.742538213728	    4.712861e-16
3711.0307111740094	    5.105085e-16
3713.318884134291	   4.4182115e-16
3715.607057094572	   4.6064293e-16
3717.8952300548535	    4.523689e-16
3720.183403015135	    4.592649e-16
3722.4715759754163	    4.669156e-16
3724.7597489356976	   5.3319337e-16
3727.047921895979	   5.1963565e-16
3729.3360948562604	    6.003427e-16
3731.6242678165418	    5.629399e-16
3733.912440776823	    5.323484e-16
3736.2006137371045	   5.9106467e-16
3738.488786697386	    5.949451e-16
3740.7769596576672	   6.2803814e-16
3743.0651326179486	   6.1265014e-16
3745.35330557823	   6.4635014e-16
3747.6414785385114	     6.74812e-16
3749.9296514987927	   6.4256375e-16
3752.217824459074	   6.9450195e-16
3754.5059974193555	   6.5801834e-16
3756.794170379637	   7.0394886e-16
3759.082343339918	   8.3320476e-16
3761.3705163001996	   7.3689013e-16
3763.658689260481	    7.629593e-16
3765.9468622207623	   7.7121037e-16
3768.2350351810437	   7.5735513e-16
3770.523208141325	    8.053546e-16
3772.8113811016065	   8.1062223e-16
3775.099554061888	   8.7173365e-16
3777.387727022169	    8.748434e-16
3779.6758999824506	    8.341305e-16
3781.964072942732	   8.5097197e-16
3784.2522459030133	     8.95608e-16
3786.5404188632947	    9.012834e-16
3788.828591823576	    8.983246e-16
3791.1167647838574	      9.5293e-16
3793.404937744139	    8.963452e-16
3795.69311070442	    9.133851e-16
3797.9812836647016	   1.0176814e-15
3800.269456624983	    9.932533e-16
3802.5576295852643	    9.322886e-16
3804.8458025455457	   1.0511274e-15
3807.133975505827	   1.0538125e-15
3809.4221484661084	    9.858672e-16
3811.71032142639	   1.0517094e-15
3813.998494386671	   1.0464882e-15
3816.2866673469525	   1.1833161e-15
3818.574840307234	   1.1910325e-15
3820.8630132675153	   1.1219595e-15
3823.1511862277966	   1.2117652e-15
3825.439359188078	   1.3176474e-15
3827.7275321483594	   1.2846911e-15
3830.0157051086408	   1.3138908e-15
3832.303878068922	    1.363983e-15
3834.5920510292035	    1.419258e-15
3836.880223989485	   1.3608461e-15
3839.1683969497662	   1.3898924e-15
3841.4565699100476	   1.4896257e-15
3843.744742870329	   1.5083559e-15
3846.0329158306104	   1.4699637e-15
3848.3210887908917	   1.4945592e-15
3850.609261751173	   1.4337919e-15
3852.8974347114545	   1.4208144e-15
3855.185607671736	    1.463995e-15
3857.473780632017	   1.5335486e-15
3859.7619535922986	   1.5704556e-15
3862.05012655258	   1.5376688e-15
3864.3382995128613	   1.5774234e-15
3866.6264724731427	   1.5901419e-15
3868.914645433424	    1.576804e-15
3871.2028183937055	   1.6695975e-15
3873.490991353987	    1.688021e-15
3875.779164314268	   1.6994231e-15
3878.0673372745496	   1.6692969e-15
3880.355510234831	   1.6426805e-15
3882.6436831951123	   1.6153844e-15
3884.9318561553937	   1.6676353e-15
3887.220029115675	   1.6946101e-15
3889.5082020759564	   1.6560856e-15
3891.796375036238	   1.6746812e-15
3894.084547996519	   1.6773281e-15
3896.3727209568005	   1.6426687e-15
3898.660893917082	    1.643362e-15
3900.9490668773633	   1.6812363e-15
3903.2372398376447	   1.6520953e-15
3905.525412797926	   1.7029423e-15
3907.8135857582074	   1.6957239e-15
3910.101758718489	   1.7541187e-15
3912.38993167877	   1.7349253e-15
3914.6781046390515	    1.769228e-15
3916.966277599333	    1.683505e-15
3919.2544505596143	   1.6798805e-15
3921.5426235198956	     1.67066e-15
3923.830796480177	   1.6418804e-15
3926.1189694404584	   1.5771792e-15
3928.4071424007398	   1.6895402e-15
3930.695315361021	   1.6482011e-15
3932.9834883213025	   1.6429211e-15
3935.271661281584	   1.6606309e-15
3937.5598342418652	   1.6109179e-15
3939.8480072021466	   1.6775158e-15
3942.136180162428	   1.6581741e-15
3944.4243531227094	   1.6854843e-15
3946.7125260829907	   1.5884942e-15
3949.000699043272	    1.674362e-15
3951.2888720035535	   1.6807282e-15
3953.577044963835	   1.6806794e-15
3955.865217924116	   1.6532353e-15
3958.1533908843976	   1.6166922e-15
3960.441563844679	   1.5866449e-15
3962.7297368049603	   1.6003116e-15
3965.0179097652417	   1.6713798e-15
3967.306082725523	   1.7174635e-15
3969.5942556858045	   1.6917493e-15
3971.882428646086	   1.7529726e-15
3974.170601606367	   1.7134931e-15
3976.4587745666486	   1.7072857e-15
3978.74694752693	   1.7190201e-15
3981.0351204872113	    1.721966e-15
3983.3232934474927	   1.7568828e-15
3985.611466407774	   1.7776098e-15
3987.8996393680554	   1.7505175e-15
3990.187812328337	   1.6717853e-15
3992.475985288618	    1.674203e-15
3994.7641582488995	    1.690137e-15
3997.052331209181	   1.7458629e-15
3999.3405041694623	    1.714245e-15
4001.6286771297437	   1.7464788e-15
4003.916850090025	   1.7432241e-15
4006.2050230503064	   1.7424232e-15
4008.493196010588	   1.7708887e-15
4010.781368970869	   1.8028798e-15
4013.0695419311505	   1.7506215e-15
4015.357714891432	   1.8240285e-15
4017.6458878517133	    1.839182e-15
4019.9340608119946	   1.8638484e-15
4022.222233772276	    1.846864e-15
4024.5104067325574	   1.8486356e-15
4026.7985796928388	   1.8446055e-15
4029.08675265312	   1.8768107e-15
4031.3749256134015	   1.8890804e-15
4033.663098573683	   1.9294354e-15
4035.9512715339642	    1.933933e-15
4038.2394444942456	   1.9756364e-15
4040.527617454527	   1.9225977e-15
4042.8157904148084	   1.8556362e-15
4045.1039633750897	   1.9001848e-15
4047.392136335371	     1.93456e-15
4049.6803092956525	   1.9469546e-15
4051.968482255934	   1.9536658e-15
4054.256655216215	   1.9464476e-15
4056.544828176496	   1.9140065e-15
4058.8330011367775	   1.8731416e-15
4061.121174097059	    1.880461e-15
4063.4093470573403	   1.9187312e-15
4065.6975200176216	   1.8336938e-15
4067.985692977903	   1.8983181e-15
4070.2738659381844	   1.9070705e-15
4072.5620388984657	    1.847797e-15
4074.850211858747	   1.8566776e-15
4077.1383848190285	   1.8820653e-15
4079.42655777931	   1.8662855e-15
4081.7147307395912	   1.9073668e-15
4084.0029036998726	   1.9246816e-15
4086.291076660154	    1.928847e-15
4088.5792496204353	   1.9312012e-15
4090.8674225807167	   1.8919593e-15
4093.155595540998	    1.922229e-15
4095.4437685012795	   1.8361127e-15
4097.731941461561	   1.8676484e-15
4100.020114421843	    1.867276e-15
4102.308287382124	   1.8134058e-15
4104.596460342405	    1.816482e-15
4106.884633302687	   1.8275322e-15
4109.172806262968	   1.8421357e-15
4111.4609792232495	   1.7954214e-15
4113.749152183531	   1.8020897e-15
4116.037325143812	   1.8195367e-15
4118.325498104094	   1.7989072e-15
4120.613671064375	   1.8494295e-15
4122.901844024656	   1.8552914e-15
4125.190016984938	   1.8178477e-15
4127.478189945219	   1.8803712e-15
4129.7663629055005	    1.862507e-15
4132.054535865782	   1.7998385e-15
4134.342708826063	   1.8506988e-15
4136.630881786345	   1.8412307e-15
4138.919054746626	   1.8621024e-15
4141.207227706907	   1.8817174e-15
4143.495400667189	    1.780431e-15
4145.78357362747	    1.824814e-15
4148.0717465877515	   1.8687633e-15
4150.359919548033	   1.8418136e-15
4152.648092508314	   1.7746968e-15
4154.936265468596	   1.8071842e-15
4157.224438428877	   1.7287968e-15
4159.512611389158	   1.6861067e-15
4161.80078434944	   1.7326922e-15
4164.088957309721	   1.7115464e-15
4166.377130270002	   1.6893559e-15
4168.665303230284	   1.7161192e-15
4170.953476190565	   1.6860231e-15
4173.241649150847	   1.6627852e-15
4175.529822111128	   1.6034268e-15
4177.817995071409	   1.5601001e-15
4180.106168031691	   1.6142958e-15
4182.394340991972	   1.5534843e-15
4184.682513952253	   1.5396012e-15
4186.970686912535	   1.5292215e-15
4189.258859872816	   1.4954619e-15
4191.547032833098	   1.5114345e-15
4193.835205793379	   1.5156183e-15
4196.12337875366	   1.4798502e-15
4198.411551713942	   1.4701941e-15
4200.699724674223	   1.3845866e-15
4202.987897634504	   1.3750401e-15
4205.276070594786	   1.3750445e-15
4207.564243555067	   1.3754617e-15
4209.8524165153485	   1.3364034e-15
4212.14058947563	   1.2745886e-15
4214.428762435911	   1.2630911e-15
4216.716935396193	   1.2630556e-15
4219.005108356474	   1.2233788e-15
4221.293281316755	   1.1868344e-15
4223.581454277037	   1.2241912e-15
4225.869627237318	   1.2229642e-15
4228.1578001975995	   1.1748801e-15
4230.445973157881	   1.1543385e-15
4232.734146118162	   1.1310577e-15
4235.022319078444	   1.1123899e-15
4237.310492038725	   1.1247233e-15
4239.598664999006	   1.0704657e-15
4241.886837959288	   1.0810925e-15
4244.175010919569	   1.0365139e-15
4246.4631838798505	   1.0118687e-15
4248.751356840132	    9.924053e-16
4251.039529800413	   1.0077006e-15
4253.327702760695	   1.0221809e-15
4255.615875720976	   1.0108889e-15
4257.904048681257	    9.698569e-16
4260.192221641539	    9.731379e-16
4262.48039460182	    9.696325e-16
4264.768567562101	    9.727053e-16
4267.056740522383	    9.202226e-16
4269.344913482664	    9.184718e-16
4271.633086442946	    9.196436e-16
4273.921259403227	    8.977939e-16
4276.209432363508	   8.7733354e-16
4278.49760532379	    8.933117e-16
4280.785778284071	   8.6627383e-16
4283.073951244352	   8.5467086e-16
4285.362124204634	    8.869669e-16
4287.650297164915	   8.6811126e-16
4289.938470125197	   8.7242387e-16
4292.226643085477	    9.187045e-16
4294.514816045758	    9.064967e-16
4296.80298900604	    9.087117e-16
4299.091161966321	    9.376834e-16
4301.3793349266025	    9.276166e-16
4303.667507886884	    9.279057e-16
4305.955680847165	    9.134995e-16
4308.243853807447	    9.310756e-16
4310.532026767728	     9.26694e-16
4312.820199728009	    9.592188e-16
4315.108372688291	    9.519325e-16
4317.396545648572	     9.87748e-16
4319.684718608854	   1.0005402e-15
4321.972891569136	    9.724439e-16
4324.261064529417	   1.0334797e-15
4326.5492374896985	   1.0408251e-15
4328.83741044998	   1.0268337e-15
4331.125583410261	   1.0519207e-15
4333.413756370543	   1.0651671e-15
4335.701929330824	   1.0406022e-15
4337.990102291105	   1.1429003e-15
4340.278275251387	   1.0750305e-15
4342.566448211668	   1.0682543e-15
4344.8546211719495	   1.1092308e-15
4347.142794132231	   1.1603364e-15
4349.430967092511	   1.1837547e-15
4351.719140052793	   1.1957798e-15
4354.007313013074	   1.1748462e-15
4356.295485973355	   1.2173286e-15
4358.583658933637	   1.2435959e-15
4360.871831893918	   1.2013406e-15
4363.1600048541995	   1.2300453e-15
4365.448177814481	   1.2494924e-15
4367.736350774762	    1.247428e-15
4370.024523735044	   1.2757434e-15
4372.312696695325	   1.2448514e-15
4374.600869655606	   1.2414024e-15
4376.889042615888	   1.2949623e-15
4379.177215576169	   1.2241896e-15
4381.4653885364505	   1.2365832e-15
4383.753561496732	   1.2188107e-15
4386.041734457013	   1.1552109e-15
4388.329907417295	   1.1804784e-15
4390.618080377576	   1.1826399e-15
4392.906253337857	   1.1513606e-15
4395.194426298139	   1.1593821e-15
4397.48259925842	   1.1968984e-15
4399.7707722187015	   1.1607521e-15
4402.058945178983	   1.1174545e-15
4404.347118139264	   1.1495161e-15
4406.635291099546	   1.1209176e-15
4408.923464059827	   1.1852429e-15
4411.211637020108	   1.1715497e-15
4413.49980998039	   1.1871346e-15
4415.787982940671	   1.1770492e-15
4418.0761559009525	   1.2142676e-15
4420.364328861234	   1.2166878e-15
4422.652501821515	   1.2427059e-15
4424.940674781797	   1.3157007e-15
4427.228847742078	   1.3352593e-15
4429.517020702359	   1.3542809e-15
4431.805193662641	   1.4235361e-15
4434.093366622922	   1.4586139e-15
4436.381539583203	   1.5324455e-15
4438.669712543485	    1.532651e-15
4440.957885503766	    1.650192e-15
4443.246058464048	   1.6242406e-15
4445.534231424329	   1.7088516e-15
4447.82240438461	   1.7149908e-15
4450.110577344892	   1.7078887e-15
4452.398750305173	   1.6640766e-15
4454.686923265454	   1.6754973e-15
4456.975096225736	   1.6911295e-15
4459.263269186017	    1.694373e-15
4461.5514421462985	   1.7273817e-15
4463.83961510658	   1.7466666e-15
4466.127788066861	    1.678615e-15
4468.415961027143	   1.6656992e-15
4470.704133987424	   1.6637996e-15
4472.992306947705	   1.6776954e-15
4475.280479907987	    1.656383e-15
4477.568652868268	    1.650784e-15
4479.8568258285495	    1.597564e-15
4482.144998788831	    1.593491e-15
4484.433171749112	   1.5940745e-15
4486.721344709394	   1.5804846e-15
4489.009517669675	   1.5554757e-15
4491.297690629956	   1.5453631e-15
4493.585863590238	   1.5602926e-15
4495.874036550519	   1.5121453e-15
4498.1622095108005	   1.4444063e-15
4500.450382471082	    1.531092e-15
4502.738555431363	   1.5104281e-15
4505.026728391645	   1.5195705e-15
4507.314901351926	   1.5275609e-15
4509.603074312207	   1.5163003e-15
4511.891247272489	   1.4349829e-15
4514.17942023277	    1.448286e-15
4516.4675931930515	    1.453113e-15
4518.755766153333	   1.4470121e-15
4521.043939113614	   1.4895456e-15
4523.332112073896	    1.472301e-15
4525.620285034177	   1.4835637e-15
4527.908457994458	   1.4839912e-15
4530.19663095474	   1.4456029e-15
4532.484803915021	   1.4867478e-15
4534.772976875302	   1.4124649e-15
4537.061149835584	   1.4487449e-15
4539.349322795865	   1.4777946e-15
4541.637495756147	    1.401433e-15
4543.925668716428	   1.3750094e-15
4546.213841676709	   1.3676385e-15
4548.502014636991	   1.3938826e-15
4550.790187597272	   1.3664571e-15
4553.078360557553	   1.3275739e-15
4555.366533517835	   1.3579185e-15
4557.654706478116	   1.3043793e-15
4559.9428794383975	   1.3429513e-15
4562.231052398679	    1.311421e-15
4564.51922535896	   1.2958723e-15
4566.807398319242	     1.26324e-15
4569.095571279523	   1.2377781e-15
4571.383744239804	   1.2471405e-15
4573.671917200086	    1.284118e-15
4575.960090160367	    1.238171e-15
4578.2482631206485	   1.2105938e-15
4580.53643608093	   1.2081997e-15
4582.824609041211	   1.2128139e-15
4585.112782001493	   1.2136325e-15
4587.400954961774	   1.2351885e-15
4589.689127922055	   1.2492342e-15
4591.977300882337	   1.2023303e-15
4594.265473842618	   1.1906656e-15
4596.5536468028995	   1.2299729e-15
4598.841819763181	   1.1788588e-15
4601.129992723462	   1.1572561e-15
4603.418165683744	   1.1440092e-15
4605.706338644025	   1.1072705e-15
4607.994511604306	   1.1050405e-15
4610.282684564588	   1.1281706e-15
4612.570857524869	    1.118436e-15
4614.8590304851505	   1.1836847e-15
4617.147203445432	   1.1363328e-15
4619.435376405713	   1.0594609e-15
4621.723549365995	   1.0535564e-15
4624.011722326276	   1.0266652e-15
4626.299895286557	   1.0782516e-15
4628.588068246839	   1.1203091e-15
4630.87624120712	      1.0639e-15
4633.164414167401	   1.0122576e-15
4635.452587127683	   1.0342596e-15
4637.740760087964	   1.0684921e-15
4640.028933048246	   1.0394529e-15
4642.317106008527	   1.0173426e-15
4644.605278968808	   1.0016241e-15
4646.89345192909	   1.0121498e-15
4649.181624889371	    9.537031e-16
4651.469797849652	    9.085662e-16
4653.757970809934	    9.275219e-16
4656.046143770215	    9.072733e-16
4658.3343167304965	    9.191561e-16
4660.622489690778	    9.567204e-16
4662.910662651059	      9.1082e-16
4665.198835611341	    8.927902e-16
4667.487008571622	    8.634426e-16
4669.775181531903	    8.779038e-16
4672.063354492185	    8.794794e-16
4674.351527452466	    8.798898e-16
4676.6397004127475	    8.346501e-16
4678.927873373029	    8.503822e-16
4681.21604633331	   8.4510394e-16
4683.504219293592	    8.288242e-16
4685.792392253873	   8.6756746e-16
4688.080565214154	    8.407801e-16
4690.368738174436	     8.19943e-16
4692.656911134717	    8.213315e-16
4694.9450840949985	    8.306324e-16
4697.23325705528	    8.381052e-16
4699.521430015561	   8.6774147e-16
4701.809602975843	     8.93777e-16
4704.097775936124	   8.8282147e-16
4706.385948896405	   8.5505917e-16
4708.674121856687	    8.473398e-16
4710.962294816968	     8.52171e-16
4713.2504677772495	     8.22023e-16
4715.538640737531	   8.2595654e-16
4717.826813697812	   8.3907386e-16
4720.114986658094	   8.1108175e-16
4722.403159618375	    8.223859e-16
4724.691332578656	    8.081737e-16
4726.979505538938	    7.927293e-16
4729.267678499219	    7.972256e-16
 4731.5558514595	   8.1137646e-16
4733.844024419782	    8.730896e-16
4736.132197380063	   8.5317367e-16
4738.420370340345	   8.6226387e-16
4740.708543300626	   8.5941895e-16
4742.996716260907	    8.863629e-16
4745.284889221189	    8.495196e-16
4747.57306218147	   8.8183435e-16
4749.861235141751	   8.7642536e-16
4752.149408102033	   8.7326206e-16
4754.437581062314	   8.2337537e-16
4756.7257540225955	    8.196686e-16
4759.013926982877	   8.5594675e-16
4761.302099943158	    8.887341e-16
4763.59027290344	    8.199969e-16
4765.878445863721	    8.530149e-16
4768.166618824002	   8.5936924e-16
4770.454791784284	    8.960764e-16
4772.742964744565	    8.898533e-16
4775.0311377048465	   8.6459586e-16
4777.319310665128	    8.529307e-16
4779.607483625409	    8.282913e-16
4781.895656585691	   8.2078287e-16
4784.183829545972	    8.455562e-16
4786.472002506253	   8.2425125e-16
4788.760175466535	   8.2979985e-16
4791.048348426816	   8.2659653e-16
4793.3365213870975	   8.2353456e-16
4795.624694347379	    7.939266e-16
4797.91286730766	    8.235049e-16
4800.201040267942	    7.896161e-16
4802.489213228223	   7.9119436e-16
4804.777386188504	    7.911674e-16
4807.065559148786	    7.592574e-16
4809.353732109067	    7.755523e-16
4811.6419050693485	     7.16995e-16
4813.93007802963	   7.3572795e-16
4816.218250989911	   7.2631064e-16
4818.506423950193	    7.358876e-16
4820.794596910474	    7.176155e-16
4823.082769870755	    6.932978e-16
4825.370942831037	    7.622981e-16
4827.659115791318	   7.3936733e-16
4829.947288751599	    7.008636e-16
4832.235461711881	   7.1432983e-16
4834.523634672162	    6.565823e-16
4836.811807632444	     7.05218e-16
4839.099980592725	    7.167229e-16
4841.388153553006	   6.8990193e-16
4843.676326513288	    7.103314e-16
4845.964499473569	     7.23644e-16
4848.25267243385	   6.8299115e-16
4850.540845394132	    6.562477e-16
4852.829018354413	   6.6718435e-16
4855.1171913146945	     6.77495e-16
4857.405364274976	    6.829082e-16
4859.693537235257	   6.7398523e-16
4861.981710195539	   6.4259715e-16
4864.26988315582	    6.552555e-16
4866.558056116101	    6.751134e-16
4868.846229076383	   6.8876394e-16
4871.134402036664	    7.072583e-16
4873.4225749969455	    6.940995e-16
4875.710747957227	   6.7486826e-16
4877.998920917508	   6.6975054e-16
4880.28709387779	    7.308651e-16
4882.575266838071	   7.4797784e-16
4884.863439798352	    7.423069e-16
4887.151612758634	   7.1044497e-16
4889.439785718915	   7.2427114e-16
4891.7279586791965	    7.346672e-16
4894.016131639478	    6.970158e-16
4896.304304599759	    7.343223e-16
4898.592477560041	    7.103956e-16
4900.880650520322	    7.657781e-16
4903.168823480603	    7.428201e-16
4905.456996440885	    7.451774e-16
4907.745169401166	    7.285729e-16
4910.0333423614475	    7.227021e-16
4912.321515321729	   7.4441496e-16
4914.60968828201	    7.502136e-16
4916.897861242292	     7.67151e-16
4919.186034202573	   7.4538116e-16
4921.474207162854	   7.7541404e-16
4923.762380123136	   7.3300733e-16
4926.050553083417	   7.6568856e-16
4928.338726043698	   7.5241286e-16
4930.62689900398	   7.1691773e-16
4932.915071964261	   7.5266554e-16
4935.203244924543	   7.5031915e-16
4937.491417884824	    7.297112e-16
4939.779590845105	   7.3544356e-16
4942.067763805387	    7.619382e-16
4944.355936765668	    7.506586e-16
4946.644109725949	    7.792311e-16
4948.932282686231	    7.823897e-16
4951.220455646512	   7.9497695e-16
4953.5086286067935	   7.8193153e-16
4955.796801567075	    7.860398e-16
4958.084974527356	    8.020394e-16
4960.373147487638	   8.0139555e-16
4962.661320447919	    8.083357e-16
 4964.9494934082	   8.1439994e-16
4967.237666368482	    8.081343e-16
4969.525839328763	   8.3210314e-16
4971.8140122890445	    8.213905e-16
4974.102185249326	    8.368836e-16
4976.390358209607	    8.374586e-16
4978.678531169889	   8.5141825e-16
4980.96670413017	   8.7108365e-16
4983.254877090451	     8.65887e-16
4985.543050050733	    8.492582e-16
4987.831223011014	    8.439068e-16
4990.1193959712955	   8.6559806e-16
4992.407568931577	    8.710698e-16
4994.695741891858	    8.958988e-16
4996.98391485214	    9.138395e-16
4999.272087812421	     9.25229e-16
5001.560260772702	    9.425161e-16
5003.848433732984	    9.423498e-16
5006.136606693265	    9.308746e-16
5008.4247796535465	    9.659714e-16
5010.712952613828	    9.782156e-16
5013.001125574109	    9.895035e-16
5015.289298534391	    9.863462e-16
5017.577471494672	    9.833612e-16
5019.865644454953	    9.778756e-16
5022.153817415235	   1.0202439e-15
5024.441990375516	   1.0302881e-15
5026.730163335797	   1.0257505e-15
5029.018336296079	    1.017362e-15
5031.30650925636	   1.0151098e-15
5033.594682216642	   1.0150652e-15
5035.882855176923	   1.0153897e-15
5038.171028137204	    1.025902e-15
5040.459201097486	   1.0467017e-15
5042.747374057767	   1.0536097e-15
5045.035547018048	   1.0420442e-15
5047.32371997833	    1.044651e-15
5049.611892938611	   1.0702304e-15
5051.900065898892	   1.0935141e-15
5054.188238859173	   1.1028886e-15
5056.476411819454	   1.1015256e-15
5058.764584779736	   1.0919669e-15
5061.052757740017	   1.0770491e-15
5063.3409307002985	   1.0650944e-15
5065.62910366058	   1.0674544e-15
5067.917276620861	    1.080565e-15
5070.205449581143	   1.0920562e-15
5072.493622541424	   1.1036896e-15
5074.781795501705	   1.1229767e-15
5077.069968461987	   1.1339233e-15
5079.358141422268	   1.1167989e-15
5081.6463143825495	   1.1018358e-15
5083.934487342831	   1.1240668e-15
5086.222660303112	   1.1512624e-15
5088.510833263394	   1.1472146e-15
5090.799006223675	    1.131913e-15
5093.087179183956	   1.1267713e-15
5095.375352144238	   1.1222011e-15
5097.663525104519	   1.1117335e-15
 5099.9516980648	   1.1085338e-15
5102.239871025082	   1.1180207e-15
5104.528043985363	   1.1246281e-15
5106.816216945645	   1.1183582e-15
5109.104389905926	    1.099373e-15
5111.392562866207	   1.0794326e-15
5113.680735826489	   1.0911034e-15
5115.96890878677	   1.1329173e-15
5118.257081747051	   1.1591258e-15
5120.545254707333	   1.1542617e-15
5122.833427667614	   1.1324157e-15
5125.1216006278955	   1.1110713e-15
5127.409773588177	   1.1119081e-15
5129.697946548458	   1.1305765e-15
5131.98611950874	   1.1456265e-15
5134.274292469021	   1.1503817e-15
5136.562465429302	   1.1453982e-15
5138.850638389584	   1.1396227e-15
5141.138811349865	    1.144874e-15
5143.4269843101465	   1.1530759e-15
5145.715157270428	   1.1517214e-15
5148.003330230709	   1.1446032e-15
5150.291503190991	   1.1387223e-15
5152.579676151272	   1.1415162e-15
5154.867849111553	   1.1562396e-15
5157.156022071835	   1.1623118e-15
5159.444195032116	   1.1450771e-15
5161.7323679923975	   1.1249568e-15
5164.020540952679	   1.1183466e-15
5166.30871391296	   1.1191819e-15
5168.596886873242	   1.1219289e-15
5170.885059833523	   1.1248347e-15
5173.173232793804	    1.126649e-15
5175.461405754086	   1.1288839e-15
5177.749578714367	    1.130006e-15
5180.0377516746485	   1.1230148e-15
5182.32592463493	   1.1097731e-15
5184.614097595211	   1.1025961e-15
5186.902270555493	   1.1021649e-15
5189.190443515774	   1.0988869e-15
5191.478616476055	    1.089001e-15
5193.766789436337	   1.0725841e-15
5196.054962396618	   1.0543366e-15
5198.343135356899	   1.0416049e-15
5200.631308317181	   1.0344969e-15
5202.919481277462	    1.029912e-15
5205.207654237744	   1.0226239e-15
5207.495827198025	   1.0075568e-15
5209.784000158306	    9.964557e-16
5212.072173118588	   1.0025824e-15
5214.360346078869	   1.0134763e-15
5216.64851903915	   1.0140602e-15
5218.936691999432	   1.0073558e-15
5221.224864959713	    9.984095e-16
5223.5130379199945	     9.86284e-16
5225.801210880276	    9.723433e-16
5228.089383840557	    9.678041e-16
5230.377556800839	    9.765418e-16
5232.66572976112	     9.80576e-16
5234.953902721401	    9.715638e-16
5237.242075681683	    9.645087e-16
5239.530248641964	    9.663909e-16
5241.8184216022455	    9.711213e-16
5244.106594562527	     9.71303e-16
5246.394767522808	    9.551518e-16
5248.68294048309	    9.318676e-16
5250.971113443371	    9.348902e-16
5253.259286403652	    9.576433e-16
5255.547459363934	    9.598757e-16
5257.835632324215	    9.450209e-16
5260.1238052844965	    9.439738e-16
5262.411978244778	    9.537515e-16
5264.700151205059	    9.557762e-16
5266.988324165341	    9.495914e-16
5269.276497125622	    9.412405e-16
5271.564670085903	    9.346562e-16
5273.852843046185	    9.330734e-16
5276.141016006466	    9.347628e-16
5278.4291889667475	    9.368694e-16
5280.717361927029	    9.377734e-16
5283.00553488731	    9.371825e-16
5285.293707847592	    9.460407e-16
5287.581880807873	    9.688955e-16
5289.870053768154	    9.747375e-16
5292.158226728436	    9.471401e-16
5294.446399688717	    9.268365e-16
5296.734572648998	    9.371164e-16
5299.02274560928	      9.4917e-16
5301.310918569561	    9.458088e-16
5303.599091529843	    9.349074e-16
5305.887264490124	     9.23166e-16
5308.175437450405	    9.169404e-16
5310.463610410687	      9.1698e-16
5312.751783370968	    9.153098e-16
5315.039956331249	    9.128627e-16
5317.328129291531	    9.199538e-16
5319.616302251812	    9.301189e-16
5321.9044752120935	    9.246968e-16
5324.192648172375	    9.094526e-16
5326.480821132656	    9.038442e-16
5328.768994092938	    9.093108e-16
5331.057167053219	    9.189033e-16
 5333.3453400135	    9.284945e-16
5335.633512973782	    9.346437e-16
5337.921685934063	    9.329115e-16
5340.2098588943445	    9.205158e-16
5342.498031854626	    9.058178e-16
5344.786204814907	    8.980282e-16
5347.074377775189	    8.958334e-16
5349.36255073547	    8.956318e-16
5351.650723695751	     8.91291e-16
5353.938896656033	   8.7980613e-16
5356.227069616314	   8.7227606e-16
5358.5152425765955	    8.750637e-16
5360.803415536877	    8.772315e-16
5363.091588497158	   8.7250116e-16
5365.37976145744	    8.665069e-16
5367.667934417721	    8.635996e-16
5369.956107378002	    8.661978e-16
5372.244280338284	    8.723179e-16
5374.532453298565	   8.7362777e-16
5376.8206262588465	   8.6698566e-16
5379.108799219128	    8.545384e-16
5381.396972179409	    8.420535e-16
5383.685145139691	     8.39302e-16
5385.973318099972	   8.4034763e-16
5388.261491060253	    8.281635e-16
5390.549664020535	    8.101894e-16
5392.837836980816	    8.061995e-16
5395.126009941097	   8.1021915e-16
5397.414182901379	   8.0684817e-16
5399.70235586166	   7.9717124e-16
5401.990528821942	   7.8718234e-16
5404.278701782223	    7.855042e-16
5406.566874742504	    7.988504e-16
5408.855047702786	    8.100234e-16
5411.143220663067	    8.025514e-16
5413.431393623348	      7.9397e-16
5415.71956658363	   7.9958057e-16
5418.007739543911	    8.025839e-16
5420.2959125041925	   7.9090775e-16
5422.584085464474	    7.774866e-16
5424.872258424755	    7.714995e-16
5427.160431385037	    7.685119e-16
5429.448604345318	   7.6626555e-16
5431.736777305599	   7.6854005e-16
5434.024950265881	   7.7279003e-16
5436.313123226162	    7.651504e-16
5438.6012961864435	   7.4919027e-16
5440.889469146725	    7.519392e-16
5443.177642107006	   7.7112995e-16
5445.465815067288	    7.751223e-16
5447.753988027569	    7.622375e-16
5450.04216098785	     7.53433e-16
5452.330333948132	    7.524036e-16
5454.618506908413	    7.533001e-16
5456.9066798686945	    7.548058e-16
5459.194852828976	   7.5666607e-16
5461.483025789257	   7.6168633e-16
5463.771198749539	    7.734129e-16
5466.05937170982	   7.8131166e-16
5468.347544670101	   7.7326686e-16
5470.635717630383	   7.6195013e-16
5472.923890590664	    7.625976e-16
5475.2120635509455	    7.662717e-16
5477.500236511227	    7.633728e-16
5479.788409471508	   7.6344964e-16
5482.07658243179	    7.732082e-16
5484.364755392071	   7.8060714e-16
5486.652928352352	   7.7778213e-16
5488.941101312634	     7.73519e-16
5491.229274272915	   7.7347804e-16
5493.517447233196	    7.737284e-16
5495.805620193478	   7.7284546e-16
5498.093793153759	     7.74381e-16
5500.381966114041	    7.781003e-16
5502.670139074322	   7.7797335e-16
5504.958312034603	    7.747259e-16
5507.246484994885	    7.776544e-16
5509.534657955166	   7.8319165e-16
5511.822830915447	   7.7595794e-16
5514.111003875729	    7.604526e-16
5516.39917683601	    7.548613e-16
5518.6873497962915	   7.5846205e-16
5520.975522756573	    7.601628e-16
5523.263695716854	     7.60401e-16
5525.551868677136	    7.641697e-16
5527.840041637417	   7.6316763e-16
5530.128214597698	    7.469971e-16
5532.41638755798	   7.3245485e-16
5534.704560518261	   7.3928993e-16
5536.9927334785425	   7.5486184e-16
5539.280906438824	    7.623203e-16
5541.569079399105	     7.56756e-16
5543.857252359387	    7.395177e-16
5546.145425319668	   7.3510887e-16
5548.433598279949	   7.5744677e-16
5550.721771240231	   7.7306024e-16
5553.009944200512	   7.6146234e-16
5555.2981171607935	    7.467574e-16
5557.586290121075	   7.4447256e-16
5559.874463081356	   7.4840734e-16
5562.162636041638	    7.543977e-16
5564.450809001919	   7.6053055e-16
 5566.7389819622	   7.6721216e-16
5569.027154922482	    7.797117e-16
5571.315327882763	    7.942958e-16
5573.6035008430445	   7.9781525e-16
5575.891673803326	    7.901433e-16
5578.179846763607	    7.816057e-16
5580.468019723889	    7.766439e-16
5582.75619268417	     7.75986e-16
5585.044365644451	    7.801461e-16
5587.332538604733	   7.8883877e-16
5589.620711565014	   7.9917167e-16
5591.908884525295	   8.0737555e-16
5594.197057485577	     8.14318e-16
5596.485230445858	   8.2215273e-16
5598.77340340614	    8.263139e-16
5601.061576366421	    8.225715e-16
5603.349749326702	   8.2182953e-16
5605.637922286984	    8.331854e-16
5607.926095247265	   8.4179474e-16
5610.214268207546	   8.3528174e-16
5612.502441167828	   8.2242336e-16
5614.790614128109	    8.128116e-16
5617.0787870883905	   8.1254717e-16
5619.366960048672	   8.2327087e-16
5621.655133008953	    8.372902e-16
5623.943305969235	    8.460226e-16
5626.231478929516	    8.386839e-16
5628.519651889797	    8.203728e-16
5630.807824850079	   8.2220657e-16
5633.09599781036	   8.4511204e-16
5635.3841707706415	    8.522807e-16
5637.672343730923	   8.4033493e-16
5639.960516691204	   8.3722266e-16
5642.248689651486	    8.433605e-16
5644.536862611767	    8.396393e-16
5646.825035572048	   8.3227705e-16
5649.11320853233	    8.410124e-16
5651.401381492611	   8.5409784e-16
5653.6895544528925	   8.4722893e-16
5655.977727413174	   8.3318856e-16
5658.265900373455	   8.3552156e-16
5660.554073333737	    8.428773e-16
5662.842246294018	    8.375095e-16
5665.130419254299	    8.294272e-16
5667.418592214581	   8.3118104e-16
5669.706765174862	   8.3735284e-16
5671.9949381351435	    8.410027e-16
5674.283111095425	    8.406083e-16
5676.571284055706	    8.357897e-16
5678.859457015988	    8.281556e-16
5681.147629976269	   8.2013404e-16
5683.43580293655	    8.151724e-16
5685.723975896832	   8.1455855e-16
5688.012148857113	   8.1419014e-16
5690.300321817394	   8.1344926e-16
5692.588494777676	    8.188456e-16
5694.876667737957	    8.299105e-16
5697.164840698239	   8.3635986e-16
5699.45301365852	   8.3645975e-16
5701.741186618801	   8.3824165e-16
5704.029359579083	    8.402654e-16
5706.317532539364	   8.3277675e-16
5708.605705499645	    8.214801e-16
5710.893878459927	    8.224276e-16
5713.182051420208	   8.2707193e-16
5715.4702243804895	   8.1471785e-16
5717.758397340771	    7.974841e-16
5720.046570301052	    7.988788e-16
5722.334743261334	    8.093595e-16
5724.622916221615	   8.1060434e-16
5726.911089181896	   8.0456896e-16
5729.199262142178	   7.9743816e-16
5731.487435102459	    7.881701e-16
5733.7756080627405	   7.7625503e-16
5736.063781023022	   7.6994707e-16
5738.351953983303	   7.7441867e-16
5740.640126943585	    7.779681e-16
5742.928299903866	    7.720799e-16
5745.216472864147	    7.639219e-16
5747.504645824429	   7.5960777e-16
5749.79281878471	    7.609247e-16
5752.0809917449915	   7.6578676e-16
5754.369164705273	   7.6317187e-16
5756.657337665554	    7.522796e-16
5758.945510625836	   7.4950806e-16
5761.233683586117	   7.5779157e-16
5763.521856546398	    7.637231e-16
5765.81002950668	   7.6073977e-16
5768.098202466961	   7.4798457e-16
5770.3863754272425	   7.3219783e-16
5772.674548387524	   7.2645336e-16
5774.962721347805	    7.296085e-16
5777.250894308087	    7.318084e-16
5779.539067268368	   7.3046226e-16
5781.827240228649	   7.2615653e-16
5784.115413188931	    7.221143e-16
5786.403586149212	    7.226325e-16
5788.691759109493	   7.2156704e-16
5790.979932069775	   7.1150773e-16
5793.268105030056	    7.056995e-16
5795.556277990338	    7.174573e-16
5797.844450950619	    7.318929e-16
 5800.1326239109	   7.3334064e-16
5802.420796871182	    7.249765e-16
5804.708969831463	    7.127738e-16
5806.997142791744	    7.032716e-16
5809.285315752026	    7.015745e-16
5811.573488712307	    7.080999e-16
5813.8616616725885	   7.1942267e-16
5816.14983463287	    7.247018e-16
5818.438007593151	   7.1987366e-16
5820.726180553433	     7.13772e-16
5823.014353513714	   7.1173203e-16
5825.302526473995	    7.138075e-16
5827.590699434277	   7.1818394e-16
5829.878872394558	   7.2082705e-16
5832.1670453548395	    7.186577e-16
5834.455218315121	    7.095143e-16
5836.743391275402	    6.982326e-16
5839.031564235684	    6.943128e-16
5841.319737195965	   6.9879366e-16
5843.607910156246	    7.077122e-16
5845.896083116528	   7.1704685e-16
5848.184256076809	    7.229834e-16
5850.4724290370905	     7.22786e-16
5852.760601997372	   7.1521974e-16
5855.048774957653	   7.1057435e-16
5857.336947917935	    7.194446e-16
5859.625120878216	   7.3050085e-16
5861.913293838497	    7.308155e-16
5864.201466798779	    7.242982e-16
5866.48963975906	    7.168665e-16
5868.7778127193415	    7.128192e-16
5871.065985679623	   7.1378995e-16
5873.354158639904	    7.113945e-16
5875.642331600186	     7.01209e-16
5877.930504560467	   6.9181866e-16
5880.218677520748	   6.8788086e-16
5882.50685048103	    6.848289e-16
5884.795023441311	   6.8042157e-16
5887.083196401592	    6.755658e-16
5889.371369361874	   6.7321983e-16
5891.659542322155	    6.799187e-16
5893.947715282437	    6.920578e-16
5896.235888242718	    6.960334e-16
5898.524061202999	    6.878285e-16
5900.812234163281	   6.7041414e-16
5903.100407123562	    6.538454e-16
5905.388580083843	   6.5312545e-16
5907.676753044125	    6.577911e-16
5909.964926004406	    6.451628e-16
5912.2530989646875	   6.2663063e-16
5914.541271924969	    6.248854e-16
5916.82944488525	   6.2872296e-16
5919.117617845532	   6.1950815e-16
5921.405790805813	   6.0830613e-16
5923.693963766094	    6.091388e-16
5925.982136726376	    6.089781e-16
5928.270309686657	    5.950666e-16
5930.5584826469385	   5.7800935e-16
5932.84665560722	   5.6830204e-16
5935.134828567501	   5.6588545e-16
5937.423001527783	    5.676735e-16
5939.711174488064	   5.6283195e-16
5941.999347448345	    5.475747e-16
5944.287520408627	    5.382421e-16
5946.575693368908	    5.390957e-16
5948.8638663291895	    5.290905e-16
5951.152039289471	    5.042466e-16
5953.440212249752	    4.863184e-16
5955.728385210034	   4.8155004e-16
5958.016558170315	   4.7847727e-16
5960.304731130596	    4.727932e-16
5962.592904090878	   4.6575054e-16
5964.881077051159	   4.5875776e-16
5967.16925001144	    4.542648e-16
5969.457422971722	   4.4981674e-16
5971.745595932003	    4.398412e-16
5974.033768892285	   4.3047241e-16
5976.321941852566	   4.3241596e-16
5978.610114812847	   4.3430418e-16
5980.898287773129	    4.192399e-16
5983.18646073341	   4.0049724e-16
5985.474633693691	   3.9636923e-16
5987.762806653973	   3.9710712e-16
5990.050979614254	   3.8989747e-16
5992.339152574536	   3.7820225e-16
5994.627325534817	   3.6708457e-16
5996.915498495098	    3.587491e-16
5999.20367145538	    3.540971e-16
6001.491844415661	   3.4910476e-16
6003.780017375942	   3.4154883e-16
6006.068190336224	    3.367045e-16
6008.356363296505	    3.354079e-16
6010.6445362567865	   3.2676935e-16
6012.932709217068	    3.109934e-16
6015.220882177349	    3.082242e-16
6017.509055137631	   3.2145244e-16
6019.797228097912	   3.3082256e-16
6022.085401058193	    3.276655e-16
6024.373574018475	   3.1444468e-16
6026.661746978756	    2.976258e-16
6028.9499199390375	   2.8796547e-16
6031.238092899319	   2.8572393e-16
 6033.5262658596	    2.836406e-16
6035.814438819882	    2.825935e-16
6038.102611780163	    2.870521e-16
6040.390784740444	     2.94143e-16
6042.678957700726	   2.9862332e-16
6044.967130661007	   2.9913164e-16
6047.2553036212885	    2.958309e-16
6049.54347658157	   2.9336938e-16
6051.831649541851	   2.9615694e-16
6054.119822502133	   2.9671437e-16
6056.407995462414	   2.8799065e-16
6058.696168422695	    2.751311e-16
6060.984341382977	   2.6512248e-16
6063.272514343258	   2.6697375e-16
6065.560687303539	    2.834176e-16
6067.848860263821	   2.9649073e-16
6070.137033224102	   2.9603375e-16
6072.425206184384	   2.9646376e-16
6074.713379144665	    3.035225e-16
6077.001552104946	   3.0318255e-16
6079.289725065228	   2.9348686e-16
6081.577898025509	    2.914593e-16
6083.86607098579	   2.9960797e-16
6086.154243946072	   3.0282225e-16
6088.442416906353	   2.9892004e-16
6090.730589866635	    2.970219e-16
6093.018762826916	     3.01714e-16
6095.306935787197	   3.1542234e-16
6097.595108747479	    3.285224e-16
6099.88328170776	    3.239637e-16
6102.171454668041	   3.1337726e-16
6104.459627628323	   3.2071042e-16
6106.747800588604	   3.3508555e-16
6109.0359735488855	   3.3515106e-16
6111.324146509167	   3.2572911e-16
6113.612319469448	   3.1820397e-16
6115.90049242973	   3.2002961e-16
6118.188665390011	   3.3540294e-16
6120.476838350292	   3.5259605e-16
6122.765011310574	   3.5982672e-16
6125.053184270855	   3.5927072e-16
6127.3413572311365	   3.5554856e-16
6129.629530191418	   3.5542167e-16
6131.917703151699	   3.6251292e-16
6134.205876111981	   3.6942484e-16
6136.494049072262	   3.7235936e-16
6138.782222032543	   3.7770136e-16
6141.070394992825	   3.8767472e-16
6143.358567953106	   3.9729162e-16
6145.6467409133875	   4.0325063e-16
6147.934913873669	   4.0421982e-16
6150.22308683395	    4.022419e-16
6152.511259794232	   4.0305997e-16
6154.799432754513	   4.0927923e-16
6157.087605714794	   4.2091645e-16
6159.375778675076	   4.3355397e-16
6161.663951635357	   4.3954287e-16
6163.952124595638	    4.417786e-16
6166.24029755592	    4.489027e-16
6168.528470516201	   4.5807944e-16
6170.816643476483	   4.6218125e-16
6173.104816436764	    4.660035e-16
6175.392989397045	   4.7699395e-16
6177.681162357327	   4.8948785e-16
6179.969335317608	    4.958848e-16
6182.257508277889	   5.0024527e-16
6184.545681238171	    5.074206e-16
6186.833854198452	    5.124163e-16
6189.1220271587335	    5.117961e-16
6191.410200119015	     5.14312e-16
6193.698373079296	   5.2583377e-16
6195.986546039578	   5.4013237e-16
6198.274718999859	   5.5083574e-16
6200.56289196014	    5.527254e-16
6202.851064920422	   5.4624493e-16
6205.139237880703	    5.433576e-16
6207.4274108409845	   5.4968706e-16
6209.715583801266	    5.603007e-16
6212.003756761547	    5.698435e-16
6214.291929721829	   5.7194343e-16
6216.58010268211	   5.6818483e-16
6218.868275642391	    5.684807e-16
6221.156448602673	    5.751859e-16
6223.444621562954	   5.8511675e-16
6225.7327945232355	   5.9331513e-16
6228.020967483517	    5.933831e-16
6230.309140443798	   5.9196073e-16
6232.59731340408	   6.0151145e-16
6234.885486364361	    6.175562e-16
6237.173659324642	     6.29789e-16
6239.461832284924	    6.361413e-16
6241.750005245205	    6.373195e-16
6244.0381782054865	   6.4080414e-16
6246.326351165768	   6.5343065e-16
6248.614524126049	   6.6290927e-16
6250.902697086331	    6.583632e-16
6253.190870046612	    6.537406e-16
6255.479043006893	   6.6071815e-16
6257.767215967175	    6.701146e-16
6260.055388927456	   6.7462437e-16
6262.343561887737	    6.784354e-16
6264.631734848019	   6.8288866e-16
 6266.9199078083	    6.816266e-16
6269.208080768582	   6.7328044e-16
6271.496253728863	    6.652671e-16
6273.784426689144	   6.6202793e-16
6276.072599649426	   6.6359727e-16
6278.360772609707	    6.688337e-16
6280.648945569988	   6.7479515e-16
6282.93711853027	    6.815816e-16
6285.225291490551	   6.9181135e-16
6287.5134644508325	   7.0596284e-16
6289.801637411114	    7.239491e-16
6292.089810371395	   7.3494386e-16
6294.377983331677	    7.226949e-16
6296.666156291958	   7.0274306e-16
6298.954329252239	    7.031108e-16
6301.242502212521	    7.153451e-16
6303.530675172802	   7.1989134e-16
6305.8188481330835	   7.1869983e-16
6308.107021093365	    7.184048e-16
6310.395194053646	    7.204037e-16
6312.683367013928	   7.2517445e-16
6314.971539974209	   7.3102294e-16
6317.25971293449	     7.36218e-16
6319.547885894772	    7.424097e-16
6321.836058855053	   7.4994693e-16
6324.1242318153345	     7.53151e-16
6326.412404775616	    7.493448e-16
6328.700577735897	   7.4451194e-16
6330.988750696179	     7.42823e-16
6333.27692365646	    7.440433e-16
6335.565096616741	   7.4617176e-16
6337.853269577023	    7.438195e-16
6340.141442537304	   7.3727055e-16
6342.429615497585	    7.345723e-16
6344.717788457866	   7.3800255e-16
6347.005961418147	    7.442342e-16
6349.294134378429	   7.4874753e-16
6351.58230733871	   7.4583554e-16
6353.870480298991	   7.3790207e-16
6356.158653259273	    7.324033e-16
6358.446826219554	    7.328952e-16
6360.7349991798355	   7.4076287e-16
6363.023172140117	    7.477247e-16
6365.311345100398	    7.424601e-16
6367.59951806068	     7.31855e-16
6369.887691020961	   7.2750257e-16
6372.175863981242	   7.2402396e-16
6374.464036941524	    7.142808e-16
6376.752209901805	   7.0854507e-16
6379.0403828620865	    7.161644e-16
6381.328555822368	    7.255126e-16
6383.616728782649	    7.270145e-16
6385.904901742931	    7.344742e-16
6388.193074703212	    7.533501e-16
6390.481247663493	    7.541029e-16
6392.769420623775	    7.259218e-16
6395.057593584056	    7.083884e-16
6397.3457665443375	   7.1967974e-16
6399.633939504619	   7.3357013e-16
 6401.9221124649	   7.3671866e-16
6404.210285425182	   7.3509193e-16
6406.498458385463	   7.3428354e-16
6408.786631345744	    7.410056e-16
6411.074804306026	    7.547974e-16
6413.362977266307	    7.685425e-16
6415.6511502265885	    7.740819e-16
6417.93932318687	    7.622739e-16
6420.227496147151	    7.433697e-16
6422.515669107433	   7.3856037e-16
6424.803842067714	   7.4559943e-16
6427.092015027995	   7.5174735e-16
6429.380187988277	    7.511858e-16
6431.668360948558	   7.4109337e-16
6433.956533908839	    7.297839e-16
6436.244706869121	   7.2755133e-16
6438.532879829402	    7.310506e-16
6440.821052789684	    7.342998e-16
6443.109225749965	   7.3383864e-16
6445.397398710246	    7.281325e-16
6447.685571670528	   7.2570887e-16
6449.973744630809	    7.312113e-16
6452.26191759109	    7.275842e-16
6454.550090551372	    7.079187e-16
6456.838263511653	   7.0093374e-16
6459.1264364719345	   7.1655017e-16
6461.414609432216	   7.1785253e-16
6463.702782392497	    6.933424e-16
6465.990955352779	    6.778695e-16
6468.27912831306	    6.841016e-16
6470.567301273341	    6.944222e-16
6472.855474233623	   7.0060387e-16
6475.143647193904	     7.04077e-16
6477.4318201541855	   7.0179475e-16
6479.719993114467	   6.8730673e-16
6482.008166074748	   6.7203266e-16
6484.29633903503	   6.7848525e-16
6486.584511995311	   7.0093734e-16
6488.872684955592	    7.192371e-16
6491.160857915874	   7.2581226e-16
6493.449030876155	    7.186935e-16
6495.7372038364365	    7.096793e-16
6498.025376796718	    7.135496e-16
6500.313549756999	   7.1874907e-16
6502.601722717281	   7.0989117e-16
6504.889895677562	    6.919463e-16
6507.178068637843	    6.737377e-16
6509.466241598125	   6.6404794e-16
6511.754414558406	    6.683468e-16
6514.0425875186875	    6.788614e-16
6516.330760478969	   6.8729603e-16
6518.61893343925	   6.8936634e-16
6520.907106399532	    6.847674e-16
6523.195279359813	   6.8318517e-16
6525.483452320094	   6.8852984e-16
6527.771625280376	    6.919572e-16
6530.059798240657	   6.8808626e-16
6532.347971200938	   6.7657365e-16
6534.63614416122	    6.619441e-16
6536.924317121501	    6.553788e-16
6539.212490081783	    6.580011e-16
6541.500663042064	    6.608534e-16
6543.788836002345	   6.6097713e-16
6546.077008962627	   6.5932976e-16
6548.365181922908	    6.601811e-16
6550.653354883189	     6.70277e-16
6552.941527843471	   6.8117956e-16
6555.229700803752	   6.7780746e-16
6557.5178737640335	   6.6805854e-16
6559.806046724315	    6.673068e-16
6562.094219684596	    6.683705e-16
6564.382392644878	     6.59794e-16
6566.670565605159	    6.490849e-16
6568.95873856544	   6.4598237e-16
6571.246911525722	    6.523296e-16
6573.535084486003	    6.659885e-16
6575.8232574462845	    6.693451e-16
6578.111430406566	   6.5204835e-16
6580.399603366847	    6.407269e-16
6582.687776327129	   6.5115367e-16
6584.97594928741	      6.5524e-16
6587.264122247691	   6.4024547e-16
6589.552295207973	   6.3530653e-16
6591.840468168254	     6.49828e-16
6594.1286411285355	   6.5548317e-16
6596.416814088817	   6.4390105e-16
6598.704987049098	    6.355099e-16
6600.99316000938	   6.3566366e-16
6603.281332969661	    6.331002e-16
6605.569505929942	    6.279289e-16
6607.857678890224	   6.2978567e-16
6610.145851850505	    6.352573e-16
6612.4340248107865	   6.3213116e-16
6614.722197771068	     6.25546e-16
6617.010370731349	   6.2939424e-16
6619.298543691631	    6.389769e-16
6621.586716651912	   6.4264247e-16
6623.874889612193	   6.3753867e-16
6626.163062572475	    6.244379e-16
6628.451235532756	    6.160455e-16
6630.739408493037	   6.2515277e-16
6633.027581453319	    6.379987e-16
 6635.3157544136	   6.3877994e-16
6637.603927373882	   6.3456193e-16
6639.892100334163	     6.32978e-16
6642.180273294444	   6.2705034e-16
6644.468446254726	    6.136972e-16
6646.756619215007	    6.072681e-16
6649.044792175288	    6.149204e-16
6651.33296513557	   6.2235846e-16
6653.621138095851	    6.210048e-16
6655.9093110561325	    6.162697e-16
6658.197484016414	   6.1182323e-16
6660.485656976695	    6.078521e-16
6662.773829936977	   6.0716815e-16
6665.062002897258	    6.154552e-16
6667.350175857539	    6.310822e-16
6669.638348817821	    6.457477e-16
6671.926521778102	   6.5186237e-16
6674.2146947383835	    6.425024e-16
6676.502867698665	   6.2414306e-16
6678.791040658946	   6.1146377e-16
6681.079213619228	    6.088398e-16
6683.367386579509	    6.153149e-16
6685.65555953979	   6.1908807e-16
6687.943732500072	    6.054519e-16
6690.231905460353	    5.884916e-16
6692.5200784206345	   5.8859547e-16
6694.808251380916	   5.9849384e-16
6697.096424341197	    6.057952e-16
6699.384597301479	    6.083949e-16
6701.67277026176	   6.0656935e-16
6703.960943222041	    6.069538e-16
6706.249116182323	    6.135485e-16
6708.537289142604	     6.13528e-16
6710.8254621028855	   6.0011337e-16
6713.113635063167	    5.895461e-16
6715.401808023448	   5.9154494e-16
6717.68998098373	    5.976619e-16
6719.978153944011	    6.008463e-16
6722.266326904292	   5.9761367e-16
6724.554499864574	   5.8769136e-16
6726.842672824855	    5.755255e-16
6729.130845785136	    5.673326e-16
6731.419018745418	   5.7122044e-16
6733.707191705699	   5.8537843e-16
6735.995364665981	   5.9862555e-16
6738.283537626262	   6.0615345e-16
6740.571710586543	   6.0821677e-16
6742.859883546825	    6.045068e-16
6745.148056507106	     5.94802e-16
6747.436229467387	    5.859128e-16
6749.724402427669	    5.871017e-16
6752.01257538795	    5.906462e-16
6754.3007483482315	   5.8407623e-16
6756.588921308513	   5.7548864e-16
6758.877094268794	   5.7657787e-16
6761.165267229076	   5.8218787e-16
6763.453440189357	    5.849834e-16
6765.741613149638	   5.8430466e-16
6768.02978610992	   5.8134815e-16
6770.317959070201	   5.8370523e-16
6772.6061320304825	     5.94798e-16
6774.894304990764	    5.991341e-16
6777.182477951045	     5.88535e-16
6779.470650911327	   5.7952215e-16
6781.758823871608	      5.8081e-16
6784.046996831889	    5.811038e-16
6786.335169792171	    5.759924e-16
6788.623342752452	    5.739238e-16
6790.9115157127335	   5.7496946e-16
6793.199688673015	    5.676829e-16
6795.487861633296	   5.5327885e-16
6797.776034593578	    5.466331e-16
6800.064207553859	   5.4794175e-16
6802.35238051414	     5.44965e-16
6804.640553474422	   5.4051565e-16
6806.928726434703	   5.4678925e-16
6809.216899394984	   5.5872247e-16
6811.505072355265	    5.630551e-16
6813.793245315546	   5.6251823e-16
6816.081418275828	    5.655761e-16
6818.369591236109	    5.704917e-16
6820.65776419639	    5.728357e-16
6822.945937156672	    5.712084e-16
6825.234110116953	   5.6525516e-16
6827.5222830772345	    5.554006e-16
6829.810456037516	   5.4330986e-16
6832.098628997797	    5.358095e-16
6834.386801958079	   5.3741027e-16
6836.67497491836	    5.409612e-16
6838.963147878641	   5.4046827e-16
6841.251320838923	   5.3739757e-16
6843.539493799204	    5.345076e-16
6845.8276667594855	    5.369673e-16
6848.115839719767	   5.4594116e-16
6850.404012680048	    5.556767e-16
6852.69218564033	   5.5785643e-16
6854.980358600611	   5.3972304e-16
6857.268531560892	   5.0440944e-16
6859.556704521174	    4.749797e-16
6861.844877481455	    4.597125e-16
6864.1330504417365	   4.5158905e-16
6866.421223402018	   4.5337036e-16
6868.709396362299	    4.735158e-16
6870.997569322581	   5.0691386e-16
6873.285742282862	    5.415658e-16
6875.573915243143	    5.610229e-16
6877.862088203425	   5.4868523e-16
6880.150261163706	    5.226393e-16
6882.4384341239875	      5.1244e-16
6884.726607084269	    5.111785e-16
6887.01478004455	   5.0355166e-16
6889.302953004832	    4.984921e-16
6891.591125965113	    5.064529e-16
6893.879298925394	   5.2064103e-16
6896.167471885676	    5.325837e-16
6898.455644845957	    5.386348e-16
6900.743817806238	    5.375951e-16
6903.03199076652	   5.3514716e-16
6905.320163726801	   5.3564315e-16
6907.608336687083	    5.360555e-16
6909.896509647364	   5.3545797e-16
6912.184682607645	    5.402454e-16
6914.472855567927	    5.479974e-16
6916.761028528208	   5.3891974e-16
6919.049201488489	    5.137692e-16
6921.337374448771	   5.0320295e-16
6923.625547409052	    5.127448e-16
6925.9137203693335	    5.197021e-16
6928.201893329615	    5.189415e-16
6930.490066289896	    5.199123e-16
6932.778239250178	    5.219562e-16
6935.066412210459	    5.186645e-16
6937.35458517074	   5.1239035e-16
6939.642758131022	    5.093957e-16
6941.930931091303	   5.1175957e-16
6944.2191040515845	   5.1958997e-16
6946.507277011866	   5.2486164e-16
6948.795449972147	   5.1819353e-16
6951.083622932429	    5.087501e-16
6953.37179589271	    5.083655e-16
6955.659968852991	   5.1023613e-16
6957.948141813273	   5.0583013e-16
6960.236314773554	   4.9682474e-16
6962.5244877338355	    4.864094e-16
6964.812660694117	    4.781749e-16
6967.100833654398	   4.7470474e-16
6969.38900661468	   4.7489347e-16
6971.677179574961	   4.7663497e-16
6973.965352535242	   4.7585157e-16
6976.253525495524	    4.722638e-16
6978.541698455805	        4.74e-16
6980.8298714160865	   4.8329556e-16
6983.118044376368	     4.93076e-16
6985.406217336649	    4.977115e-16
6987.694390296931	    4.926567e-16
6989.982563257212	   4.8234355e-16
6992.270736217493	   4.8077865e-16
6994.558909177775	   4.8750367e-16
6996.847082138056	   4.9090557e-16
6999.135255098337	    4.869756e-16
7001.423428058619	   4.7601113e-16
 7003.7116010189	    4.653271e-16
7005.999773979182	    4.654348e-16
7008.287946939463	    4.713444e-16
7010.576119899744	   4.7261934e-16
7012.864292860026	     4.68695e-16
7015.152465820307	    4.621477e-16
7017.440638780588	    4.585704e-16
7019.72881174087	   4.6291764e-16
7022.016984701151	    4.689188e-16
7024.3051576614325	   4.7013055e-16
7026.593330621714	   4.7097467e-16
7028.881503581995	     4.75192e-16
7031.169676542277	    4.786179e-16
7033.457849502558	    4.783762e-16
7035.746022462839	    4.769012e-16
7038.034195423121	    4.760469e-16
7040.322368383402	   4.7544716e-16
7042.6105413436835	   4.7550545e-16
7044.898714303965	   4.7849283e-16
7047.186887264246	    4.830185e-16
7049.475060224528	   4.8237224e-16
7051.763233184809	   4.7572303e-16
7054.05140614509	   4.6826004e-16
7056.339579105372	    4.660046e-16
7058.627752065653	    4.769665e-16
7060.9159250259345	   4.9084013e-16
7063.204097986216	     4.83597e-16
7065.492270946497	    4.665217e-16
7067.780443906779	    4.701803e-16
7070.06861686706	    4.854346e-16
7072.356789827341	   4.8702224e-16
7074.644962787623	   4.8163876e-16
7076.933135747904	     4.84876e-16
7079.2213087081855	   4.8868745e-16
7081.509481668467	    4.815432e-16
7083.797654628748	    4.702946e-16
7086.08582758903	   4.6384324e-16
7088.374000549311	    4.623354e-16
7090.662173509592	    4.641503e-16
7092.950346469874	    4.637042e-16
7095.238519430155	    4.588117e-16
7097.526692390436	   4.6309314e-16
7099.814865350718	    4.822971e-16
7102.103038310999	     4.97904e-16
7104.391211271281	   4.9932857e-16
7106.679384231562	    4.948382e-16
7108.967557191843	   4.9102463e-16
7111.255730152125	   4.9164286e-16
7113.543903112406	    4.958676e-16
7115.832076072687	    4.954055e-16
7118.120249032969	    4.905198e-16
7120.40842199325	   4.9111494e-16
7122.6965949535315	    4.960822e-16
7124.984767913813	   4.9518547e-16
7127.272940874094	    4.911114e-16
7129.561113834376	    4.946051e-16
7131.849286794657	    5.012526e-16
7134.137459754938	    4.995784e-16
7136.42563271522	   4.9312744e-16
7138.713805675501	   4.9077084e-16
7141.0019786357825	   4.8969267e-16
7143.290151596064	     4.84512e-16
7145.578324556345	   4.7865107e-16
7147.866497516627	   4.7681226e-16
7150.154670476908	    4.781031e-16
7152.442843437189	   4.8111874e-16
7154.731016397471	    4.893136e-16
7157.019189357752	   5.0362774e-16
7159.3073623180335	   5.1261365e-16
7161.595535278315	     5.09423e-16
7163.883708238596	   5.0576046e-16
7166.171881198878	    5.077707e-16
7168.460054159159	    5.044548e-16
7170.74822711944	    4.912782e-16
7173.036400079722	   4.7609737e-16
7175.324573040003	    4.652241e-16
7177.6127460002845	   4.6365234e-16
7179.900918960566	   4.6798846e-16
7182.189091920847	   4.6310256e-16
7184.477264881129	    4.526884e-16
7186.76543784141	   4.5889116e-16
7189.053610801691	   4.7873254e-16
7191.341783761973	   4.9100647e-16
7193.629956722254	   4.9393646e-16
7195.918129682535	    4.965187e-16
7198.206302642817	     4.99934e-16
7200.494475603098	   5.0241754e-16
7202.78264856338	    5.036494e-16
7205.070821523661	   5.0350275e-16
7207.358994483942	    5.001871e-16
7209.647167444224	    4.921591e-16
7211.935340404505	    4.826477e-16
7214.223513364786	    4.753049e-16
7216.511686325068	     4.70347e-16
7218.799859285349	   4.6688234e-16
7221.0880322456305	   4.5999877e-16
7223.376205205912	   4.4804184e-16
7225.664378166193	    4.446003e-16
7227.952551126475	    4.559852e-16
7230.240724086756	   4.6334116e-16
7232.528897047037	    4.586056e-16
7234.817070007319	   4.6205806e-16
 7237.1052429676	    4.787255e-16
7239.3934159278815	    4.853897e-16
7241.681588888163	   4.7602283e-16
7243.969761848444	   4.6834193e-16
7246.257934808726	    4.676666e-16
7248.546107769007	   4.6645215e-16
7250.834280729288	    4.627827e-16
7253.12245368957	   4.5856093e-16
7255.410626649851	   4.5510143e-16
7257.6987996101325	   4.5362474e-16
7259.986972570414	   4.5310085e-16
7262.275145530695	   4.5157936e-16
7264.563318490977	   4.4624814e-16
7266.851491451258	   4.3454034e-16
7269.139664411539	   4.2536102e-16
7271.427837371821	   4.2970556e-16
7273.716010332102	   4.4162368e-16
7276.0041832923835	   4.5159837e-16
7278.292356252665	   4.5832503e-16
7280.580529212946	    4.622411e-16
7282.868702173228	   4.6603054e-16
7285.156875133509	   4.7145483e-16
7287.44504809379	    4.733786e-16
7289.733221054072	    4.682542e-16
7292.021394014353	    4.585777e-16
7294.309566974634	   4.4862004e-16
7296.597739934916	    4.474518e-16
7298.885912895197	   4.5511424e-16
7301.174085855479	    4.522714e-16
7303.46225881576	   4.3397296e-16
7305.750431776041	   4.1849023e-16
7308.038604736323	   4.1541182e-16
7310.326777696604	   4.2442624e-16
7312.614950656885	    4.381478e-16
7314.903123617167	   4.4062892e-16
7317.191296577448	   4.3542245e-16
7319.4794695377295	   4.4166675e-16
7321.767642498011	    4.567041e-16
7324.055815458292	    4.653973e-16
7326.343988418574	   4.6492537e-16
7328.632161378855	   4.5776493e-16
7330.920334339136	   4.5229844e-16
7333.208507299418	    4.583976e-16
7335.496680259699	    4.609857e-16
7337.7848532199805	     4.41229e-16
7340.073026180262	   4.1838626e-16
7342.361199140543	   4.1511624e-16
7344.649372100825	   4.1651503e-16
7346.937545061106	   4.0681563e-16
7349.225718021387	   3.9793968e-16
7351.513890981669	   4.0033056e-16
7353.80206394195	   4.0774943e-16
7356.0902369022315	   4.1484262e-16
7358.378409862513	    4.235806e-16
7360.666582822794	   4.3265355e-16
7362.954755783076	   4.3216865e-16
7365.242928743357	   4.2096225e-16
7367.531101703638	     4.13876e-16
7369.81927466392	   4.1641127e-16
7372.107447624201	   4.2010605e-16
7374.3956205844825	    4.209563e-16
7376.683793544764	   4.1999684e-16
7378.971966505045	   4.1583725e-16
7381.260139465327	    4.056026e-16
7383.548312425608	    3.917753e-16
7385.836485385889	   3.8010286e-16
7388.124658346171	   3.7527858e-16
7390.412831306452	   3.8087792e-16
7392.701004266733	   3.9154103e-16
7394.989177227015	   3.9822918e-16
7397.277350187296	   3.9894947e-16
7399.565523147578	   3.9473549e-16
7401.853696107859	   3.8970956e-16
7404.14186906814	   3.8843994e-16
7406.430042028422	   3.9106262e-16
7408.718214988703	   3.9610874e-16
7411.006387948984	   3.9842873e-16
7413.294560909266	   3.9467881e-16
7415.582733869547	   3.9190759e-16
7417.8709068298285	   3.9607173e-16
7420.15907979011	    4.067287e-16
7422.447252750391	    4.200311e-16
7424.735425710673	    4.238691e-16
7427.023598670954	   4.1421452e-16
7429.311771631235	    4.052578e-16
7431.599944591517	   4.0332874e-16
7433.888117551798	    4.008472e-16
7436.1762905120795	   3.9400735e-16
7438.464463472361	   3.8337661e-16
7440.752636432642	   3.7145275e-16
7443.040809392924	   3.6279708e-16
7445.328982353205	    3.606237e-16
7447.617155313486	   3.6712893e-16
7449.905328273768	   3.7596209e-16
7452.193501234049	   3.7558092e-16
7454.4816741943305	     3.67902e-16
7456.769847154612	    3.615058e-16
7459.058020114893	   3.5991025e-16
7461.346193075175	   3.6447132e-16
7463.634366035456	   3.7002653e-16
7465.922538995737	   3.7001644e-16
7468.210711956019	   3.7016592e-16
 7470.4988849163	   3.7727972e-16
7472.7870578765815	   3.8290064e-16
7475.075230836863	   3.7920117e-16
7477.363403797144	   3.7621588e-16
7479.651576757426	   3.8184793e-16
7481.939749717707	    3.869193e-16
7484.227922677988	   3.8401697e-16
7486.51609563827	   3.7462428e-16
7488.804268598551	   3.6249678e-16
7491.092441558832	    3.564581e-16
7493.380614519114	    3.585772e-16
7495.668787479395	   3.5698508e-16
7497.956960439677	    3.477519e-16
7500.245133399958	   3.3906586e-16
7502.533306360239	   3.3569475e-16
7504.821479320521	   3.3910196e-16
7507.109652280802	   3.4578249e-16
7509.397825241083	   3.4721606e-16
7511.685998201365	   3.4349777e-16
7513.974171161646	   3.4076112e-16
7516.2623441219275	   3.4390165e-16
7518.550517082209	   3.5692632e-16
7520.83869004249	   3.7294525e-16
7523.126863002772	    3.805159e-16
7525.415035963053	   3.7912911e-16
7527.703208923334	    3.726684e-16
7529.991381883616	   3.6500074e-16
7532.279554843897	   3.5991595e-16
7534.5677278041785	   3.5932146e-16
7536.85590076446	   3.6332626e-16
7539.144073724741	    3.660081e-16
7541.432246685023	   3.6209695e-16
7543.720419645304	    3.556503e-16
7546.008592605585	   3.4957714e-16
7548.296765565867	   3.3538018e-16
7550.584938526148	    3.123684e-16
7552.8731114864295	   3.0471044e-16
7555.161284446711	    3.209397e-16
7557.449457406992	   3.3224515e-16
7559.737630367274	   3.2784752e-16
7562.025803327555	   3.3038454e-16
7564.313976287836	    3.465128e-16
7566.602149248118	    3.616101e-16
7568.890322208399	    3.699581e-16
7571.1784951686805	   3.7443134e-16
7573.466668128962	   3.7488876e-16
7575.754841089243	   3.6956638e-16
7578.043014049525	    3.576889e-16
7580.331187009806	    3.390727e-16
7582.619359970087	    3.145945e-16
7584.907532930369	   2.8612987e-16
7587.19570589065	   2.5434666e-16
7589.483878850931	   2.2000282e-16
7591.772051811213	   1.9008178e-16
7594.060224771494	   1.7309869e-16
7596.348397731776	   1.6883953e-16
7598.636570692057	   1.7569834e-16
7600.924743652338	   2.0693003e-16
7603.21291661262	   2.7110669e-16
7605.501089572901	    3.486459e-16
7607.789262533182	    4.158717e-16
7610.077435493464	   4.5096135e-16
7612.365608453745	    4.427313e-16
7614.6537814140265	   4.0736173e-16
7616.941954374308	   3.6445522e-16
7619.230127334589	   3.3226056e-16
7621.518300294871	   3.1968257e-16
7623.806473255152	    3.160138e-16
7626.094646215433	    3.147045e-16
7628.382819175715	   3.1844855e-16
7630.670992135996	   3.2500686e-16
7632.9591650962775	   3.2696192e-16
7635.247338056559	   3.2353252e-16
7637.53551101684	   3.2059054e-16
7639.823683977122	   3.1739243e-16
7642.111856937403	   3.0781783e-16
7644.400029897684	   2.9792274e-16
7646.688202857966	   3.0095422e-16
7648.976375818247	   3.0796977e-16
7651.2645487785285	   3.0033657e-16
7653.55272173881	   2.9185137e-16
7655.840894699091	   3.0538476e-16
7658.129067659373	   3.2557098e-16
7660.417240619654	   3.2932514e-16
7662.705413579935	   3.2054048e-16
7664.993586540217	    3.087531e-16
7667.281759500498	   3.0219452e-16
7669.5699324607795	    3.060136e-16
7671.858105421061	   3.0822412e-16
7674.146278381342	    2.995498e-16
7676.434451341624	   2.9066465e-16
7678.722624301905	   2.8891378e-16
7681.010797262186	   2.8668926e-16
7683.298970222468	   2.8055272e-16
7685.587143182749	   2.7843815e-16
7687.87531614303	   2.8167077e-16
7690.163489103312	   2.7960237e-16
7692.451662063593	    2.686464e-16
7694.739835023875	   2.5547742e-16
7697.028007984156	   2.4258799e-16
7699.316180944437	   2.2746045e-16
7701.604353904719	   2.1460972e-16
  7703.892526865	   2.1399885e-16
7706.180699825281	    2.250475e-16
7708.468872785563	   2.3996645e-16
7710.757045745844	    2.528369e-16
7713.0452187061255	    2.590244e-16
7715.333391666407	   2.5851353e-16
7717.621564626688	   2.5390506e-16
7719.90973758697	    2.489775e-16
7722.197910547251	    2.474421e-16
7724.486083507532	   2.4779914e-16
7726.774256467814	    2.473223e-16
7729.062429428095	     2.43217e-16
7731.3506023883765	   2.3448755e-16
7733.638775348658	   2.3446994e-16
7735.926948308939	   2.5125967e-16
7738.215121269221	    2.611006e-16
7740.503294229502	   2.4691085e-16
7742.791467189783	   2.2392708e-16
7745.079640150065	   2.0604248e-16
7747.367813110346	    1.979309e-16
7749.6559860706275	    1.987858e-16
7751.944159030909	   1.9544625e-16
7754.23233199119	   1.8439812e-16
7756.520504951472	   1.7978784e-16
7758.808677911753	   1.8467689e-16
7761.096850872034	   1.8765521e-16
7763.385023832316	   1.8662002e-16
7765.673196792597	   1.8858295e-16
7767.961369752878	   1.9275994e-16
7770.24954271316	   1.9286771e-16
7772.537715673441	   1.8911109e-16
7774.825888633723	   1.8497536e-16
7777.114061594004	   1.8530357e-16
7779.402234554285	   1.9548227e-16
7781.690407514567	   2.0333725e-16
7783.978580474848	    1.915858e-16
7786.266753435129	   1.7404477e-16
7788.554926395411	   1.7122685e-16
7790.843099355692	   1.7089529e-16
7793.131272315974	   1.5731645e-16
7795.419445276255	   1.4362665e-16
7797.707618236536	   1.4317653e-16
7799.995791196818	   1.4674078e-16
7802.283964157099	   1.4533071e-16
7804.57213711738	   1.4227443e-16
7806.860310077662	   1.3978128e-16
7809.148483037943	   1.3286621e-16
7811.4366559982245	   1.2161943e-16
7813.724828958506	   1.1913554e-16
7816.013001918787	   1.2849522e-16
7818.301174879069	   1.3325917e-16
7820.58934783935	    1.273517e-16
7822.877520799631	   1.2031077e-16
7825.165693759913	   1.1668877e-16
7827.453866720194	   1.1571338e-16
7829.7420396804755	   1.1620445e-16
7832.030212640757	   1.1605703e-16
7834.318385601038	   1.1378229e-16
7836.60655856132	  1.08696774e-16
7838.894731521601	   1.0094872e-16
7841.182904481882	     9.13746e-17
7843.471077442164	    8.265161e-17
7845.759250402445	     7.78604e-17
7848.0474233627265	    7.841333e-17
7850.335596323008	    8.440906e-17
7852.623769283289	    8.980887e-17
7854.911942243571	    8.804212e-17
7857.200115203852	    8.221501e-17
7859.488288164133	    7.705563e-17
7861.776461124415	    7.185659e-17
7864.064634084696	   6.6219666e-17
7866.352807044977	    6.541323e-17
7868.640980005259	    7.173367e-17
7870.92915296554	    7.583649e-17
7873.217325925822	   7.1800276e-17
7875.505498886103	   6.5067006e-17
7877.793671846384	   6.0431334e-17
7880.081844806666	   6.0803294e-17
7882.370017766947	   6.4665116e-17
7884.658190727228	    6.191101e-17
7886.94636368751	   5.1948805e-17
7889.234536647791	   4.7950558e-17
7891.522709608073	   5.0173563e-17
7893.810882568354	    4.537055e-17
7896.099055528635	   3.2682856e-17
7898.387228488917	   2.0790746e-17
7900.675401449198	   1.4409518e-17
7902.963574409479	   1.5791968e-17
7905.251747369761	    2.284363e-17
7907.539920330042	   3.0924184e-17
7909.8280932903235	   3.6209385e-17
7912.116266250605	   3.5671443e-17
7914.404439210886	   3.3382865e-17
7916.692612171168	   3.5275068e-17
7918.980785131449	   3.5346867e-17
7921.26895809173	   2.7019853e-17
7923.557131052012	   2.4932785e-17
7925.845304012293	   4.1230887e-17
7928.1334769725745	   5.2967068e-17
7930.421649932856	   4.2123954e-17
7932.709822893137	   3.0793552e-17
7934.997995853419	   3.5145786e-17
 7937.2861688137	    4.035434e-17
7939.574341773981	   3.7046713e-17
7941.862514734263	    3.291001e-17
7944.150687694544	    3.264501e-17
7946.4388606548255	   3.5189074e-17
7948.727033615107	   3.9186186e-17
7951.015206575388	   4.2444632e-17
7953.30337953567	    4.382122e-17
7955.591552495951	    4.364469e-17
7957.879725456232	   4.2919067e-17
7960.167898416514	   4.3382268e-17
7962.456071376795	    4.479995e-17
7964.744244337076	   4.5280783e-17
7967.032417297358	    4.521845e-17
7969.320590257639	   4.6397335e-17
7971.608763217921	     4.66443e-17
7973.896936178202	   4.2352782e-17
7976.185109138483	   3.6544618e-17
7978.473282098765	    3.419178e-17
7980.761455059046	   3.5339346e-17
7983.049628019327	    3.852463e-17
7985.337800979609	    4.022326e-17
7987.62597393989	   3.7665957e-17
7989.9141469001715	   3.8441307e-17
7992.202319860453	    4.833605e-17
7994.490492820734	   5.5259285e-17
7996.778665781016	   5.0581082e-17
7999.066838741297	   4.6270528e-17
8001.355011701578	    5.032866e-17
8003.64318466186	   5.4756468e-17
8005.931357622141	   5.4635637e-17
8008.2195305824225	   5.3308005e-17
8010.507703542704	   5.2533433e-17
8012.795876502985	   5.1152823e-17
8015.084049463267	   4.9801477e-17
8017.372222423548	   5.1761052e-17
8019.660395383829	   5.5584214e-17
8021.948568344111	    5.428339e-17
8024.236741304392	   4.9633547e-17
8026.5249142646735	    5.100874e-17
8028.813087224955	    5.734461e-17
8031.101260185236	    6.075711e-17
8033.389433145518	    6.082566e-17
8035.677606105799	    6.076314e-17
8037.96577906608	    6.175786e-17
8040.253952026362	    6.424336e-17
8042.542124986643	    6.603132e-17
8044.8302979469245	   6.4537915e-17
8047.118470907206	    5.970892e-17
8049.406643867487	    5.298257e-17
8051.694816827769	   5.2301406e-17
8053.98298978805	   6.4026565e-17
8056.271162748331	   8.1794484e-17
8058.559335708613	    9.724705e-17
8060.847508668894	  1.01461286e-16
8063.135681629175	    9.138594e-17
8065.423854589457	   8.3022517e-17
8067.712027549738	    8.647553e-17
8070.00020051002	    9.220748e-17
8072.288373470301	    9.396969e-17
8074.576546430582	    9.380623e-17
8076.864719390864	    9.284415e-17
8079.152892351145	   9.1185936e-17
8081.441065311426	    8.962545e-17
8083.729238271708	    8.967183e-17
8086.017411231989	    9.057705e-17
8088.3055841922705	   8.9093374e-17
8090.593757152552	    8.682048e-17
8092.881930112833	   8.9186415e-17
8095.170103073115	    9.464668e-17
8097.458276033396	    9.743496e-17
8099.746448993677	   9.8476567e-17
8102.034621953959	     1.01929e-16
8104.32279491424	   1.0458144e-16
8106.6109678745215	  1.01167676e-16
8108.899140834803	  1.01362785e-16
8111.187313795084	   1.1656612e-16
8113.475486755366	    1.320966e-16
8115.763659715647	   1.3138243e-16
8118.051832675928	   1.2635754e-16
8120.34000563621	   1.2999364e-16
8122.628178596491	   1.3458776e-16
8124.9163515567725	   1.3356154e-16
8127.204524517054	   1.3373429e-16
8129.492697477335	   1.3937035e-16
8131.780870437617	   1.4491938e-16
8134.069043397898	   1.4678164e-16
8136.357216358179	    1.469986e-16
8138.645389318461	   1.4650523e-16
8140.933562278742	   1.4364987e-16
8143.2217352390235	   1.3966021e-16
8145.509908199305	   1.4036789e-16
8147.798081159586	   1.4410417e-16
8150.086254119868	   1.4021124e-16
8152.374427080149	   1.3013058e-16
8154.66260004043	   1.2578415e-16
8156.950773000712	   1.2955176e-16
8159.238945960993	   1.3773279e-16
8161.527118921274	   1.4362026e-16
8163.815291881556	   1.3889785e-16
8166.103464841837	   1.3096204e-16
8168.391637802119	   1.3324982e-16
 8170.6798107624	   1.4597759e-16
8172.967983722681	   1.6436387e-16
8175.256156682963	   1.7618788e-16
8177.544329643244	   1.7020801e-16
8179.832502603525	    1.618885e-16
8182.120675563807	   1.6803522e-16
8184.408848524088	   1.7795245e-16
8186.6970214843695	    1.803299e-16
8188.985194444651	    1.791176e-16
8191.273367404932	   1.7915909e-16
8193.561540365214	   1.8536225e-16
8195.849713325495	   1.9777732e-16
8198.137886285776	   2.0188694e-16
8200.426059246058	   1.9247859e-16
8202.71423220634	   1.8597531e-16
8205.00240516662	   1.8889666e-16
8207.290578126902	   1.9036056e-16
8209.578751087183	   1.8608639e-16
8211.866924047465	   1.8012884e-16
8214.155097007746	   1.7406379e-16
8216.443269968027	   1.6767916e-16
8218.731442928309	   1.6129006e-16
8221.01961588859	   1.5501947e-16
8223.307788848871	   1.5267627e-16
8225.595961809153	   1.5994882e-16
8227.884134769434	   1.7426569e-16
8230.172307729716	    1.891089e-16
8232.460480689997	   1.9777634e-16
8234.748653650278	    1.945322e-16
8237.03682661056	   1.8859677e-16
8239.324999570841	   1.9242977e-16
8241.613172531122	   2.0110633e-16
8243.901345491404	   2.0651345e-16
8246.189518451685	   2.0714825e-16
8248.477691411967	   2.0380367e-16
8250.765864372248	   2.0464845e-16
8253.05403733253	   2.1539939e-16
8255.34221029281	   2.2773818e-16
8257.630383253092	    2.346683e-16
8259.918556213373	   2.3757514e-16
8262.206729173655	    2.387514e-16
8264.494902133936	    2.415764e-16
8266.783075094218	   2.4777649e-16
8269.071248054499	    2.553752e-16
8271.35942101478	    2.623885e-16
8273.647593975062	    2.674576e-16
8275.935766935343	    2.682671e-16
8278.223939895624	   2.6156732e-16
8280.512112855906	   2.4908033e-16
8282.800285816187	   2.3641756e-16
8285.088458776469	   2.3006474e-16
8287.37663173675	   2.3737744e-16
8289.664804697031	   2.4901045e-16
8291.952977657313	   2.4607964e-16
8294.241150617594	   2.3470502e-16
8296.529323577875	    2.319604e-16
8298.817496538157	   2.3327915e-16
8301.105669498438	    2.278681e-16
8303.39384245872	   2.2347453e-16
  8305.682015419	   2.3048285e-16
8307.970188379282	    2.418802e-16
8310.258361339564	   2.4867588e-16
8312.546534299845	   2.5153416e-16
8314.834707260126	    2.529764e-16
8317.122880220408	    2.582999e-16
8319.41105318069	    2.700819e-16
8321.69922614097	   2.7790037e-16
8323.987399101252	   2.7685386e-16
8326.275572061533	   2.8210477e-16
8328.563745021815	   2.9846932e-16
8330.851917982096	   3.0536332e-16
8333.140090942377	   2.9593203e-16
8335.428263902659	    2.881509e-16
8337.71643686294	   2.8879136e-16
8340.004609823221	    2.887338e-16
8342.292782783503	   2.8741585e-16
8344.580955743784	   2.9338183e-16
8346.869128704066	   3.0194067e-16
8349.157301664347	   2.9802005e-16
8351.445474624628	   2.8229075e-16
8353.73364758491	   2.6531698e-16
8356.021820545191	   2.5434179e-16
8358.309993505472	   2.5504009e-16
8360.598166465754	    2.578507e-16
8362.886339426035	    2.476835e-16
8365.174512386317	   2.3642352e-16
8367.462685346598	   2.4226458e-16
8369.75085830688	   2.5477917e-16
8372.03903126716	   2.5908562e-16
8374.327204227442	   2.6184486e-16
8376.615377187723	   2.7104652e-16
8378.903550148005	    2.803143e-16
8381.191723108286	   2.8414525e-16
8383.479896068568	   2.8705332e-16
8385.768069028849	   2.9320938e-16
8388.05624198913	   3.0365972e-16
8390.344414949412	    3.170009e-16
8392.632587909693	   3.2554123e-16
8394.920760869974	    3.267344e-16
8397.208933830256	   3.2948713e-16
8399.497106790537	   3.3616562e-16
8401.785279750819	   3.3852881e-16
 8404.0734527111	    3.335244e-16
8406.361625671381	    3.242565e-16
8408.649798631663	    3.136627e-16
8410.937971591944	   3.0422787e-16
8413.226144552225	   2.9994043e-16
8415.514317512507	   3.0616678e-16
8417.802490472788	   3.1412725e-16
8420.09066343307	   3.0663257e-16
8422.37883639335	   2.9227817e-16
8424.667009353632	   2.9110823e-16
8426.955182313914	     2.96241e-16
8429.243355274195	     2.92463e-16
8431.531528234476	    2.829021e-16
8433.819701194758	     2.75399e-16
8436.10787415504	    2.754603e-16
8438.39604711532	   2.8659463e-16
8440.684220075602	   3.0336988e-16
8442.972393035883	   3.1909274e-16
8445.260565996165	   3.2834158e-16
8447.548738956446	   3.3023027e-16
8449.836911916726	   3.4198495e-16
8452.125084877007	   3.7125833e-16
8454.413257837288	   3.9347007e-16
8456.70143079757	   3.9330085e-16
8458.989603757851	   3.7928886e-16
8461.277776718132	   3.6182593e-16
8463.565949678414	   3.5459631e-16
8465.854122638695	   3.5809964e-16
8468.142295598976	    3.520742e-16
8470.430468559258	   3.3367092e-16
8472.71864151954	    3.197401e-16
8475.00681447982	    3.152828e-16
8477.294987440102	   3.1629372e-16
8479.583160400383	   3.1571194e-16
8481.871333360665	    3.034348e-16
8484.159506320946	   2.8875607e-16
8486.447679281227	    2.911984e-16
8488.735852241509	    3.049027e-16
8491.02402520179	   3.1384177e-16
8493.312198162072	    3.182933e-16
8495.600371122353	   3.2341097e-16
8497.888544082634	   3.3071697e-16
8500.176717042916	    3.407883e-16
8502.464890003197	   3.5132375e-16
8504.753062963478	    3.596723e-16
8507.04123592376	   3.6474123e-16
8509.329408884041	    3.667153e-16
8511.617581844323	    3.700198e-16
8513.905754804604	   3.7761367e-16
8516.193927764885	   3.8570577e-16
8518.482100725167	   3.9145493e-16
8520.770273685448	   3.9727807e-16
8523.05844664573	    4.014879e-16
8525.34661960601	   3.9367733e-16
8527.634792566292	   3.7106764e-16
8529.922965526574	   3.4178206e-16
8532.211138486855	   3.1690496e-16
8534.499311447136	   3.1232654e-16
8536.787484407418	   3.2263795e-16
8539.075657367699	   3.2014087e-16
8541.36383032798	   3.0217498e-16
8543.652003288262	    2.856122e-16
8545.940176248543	    2.787684e-16
8548.228349208825	    2.850831e-16
8550.516522169106	   2.9820875e-16
8552.804695129387	   3.0674726e-16
8555.092868089669	   3.0818325e-16
8557.38104104995	   3.0413456e-16
8559.669214010231	   3.0199697e-16
8561.957386970513	   3.0981792e-16
8564.245559930794	   3.2356314e-16
8566.533732891075	   3.3649877e-16
8568.821905851357	    3.443713e-16
8571.110078811638	    3.452164e-16
8573.39825177192	   3.4659672e-16
8575.686424732201	   3.5488761e-16
8577.974597692482	    3.659001e-16
8580.262770652764	   3.7560024e-16
8582.550943613045	   3.8530091e-16
8584.839116573326	   3.9273892e-16
8587.127289533608	   3.8574595e-16
8589.41546249389	    3.632913e-16
8591.70363545417	   3.4524915e-16
8593.991808414452	   3.3990543e-16
8596.279981374733	   3.3851767e-16
8598.568154335015	   3.3312657e-16
8600.856327295296	   3.1522532e-16
8603.144500255577	   2.9173257e-16
8605.432673215859	   2.8453446e-16
8607.72084617614	    2.935936e-16
8610.009019136422	   3.0304533e-16
8612.297192096703	   3.0860703e-16
8614.585365056984	    3.122461e-16
8616.873538017266	   3.1469797e-16
8619.161710977547	   3.1638025e-16
8621.449883937828	   3.2263601e-16
8623.73805689811	    3.392335e-16
8626.026229858391	   3.4681412e-16
8628.314402818673	   3.2488298e-16
8630.602575778954	   3.0367672e-16
8632.890748739235	   3.1518612e-16
8635.178921699517	   3.3404232e-16
8637.467094659798	   3.3494663e-16
8639.75526762008	   3.3681842e-16
8642.04344058036	   3.5391935e-16
8644.331613540642	     3.68871e-16
8646.619786500924	   3.7032717e-16
8648.907959461205	   3.6860854e-16
8651.196132421486	   3.6921978e-16
8653.484305381768	    3.658065e-16
8655.772478342049	   3.5566665e-16
8658.06065130233	    3.407567e-16
8660.348824262612	   3.2664497e-16
8662.636997222893	    3.259325e-16
8664.925170183174	   3.3128846e-16
8667.213343143456	   3.1262348e-16
8669.501516103737	   2.7719127e-16
8671.789689064019	   2.6334196e-16
 8674.0778620243	    2.706257e-16
8676.366034984581	   2.7391455e-16
8678.654207944863	   2.7226916e-16
8680.942380905144	   2.7574528e-16
8683.230553865425	   2.8342292e-16
8685.518726825707	   2.9096238e-16
8687.806899785988	   2.9647156e-16
8690.09507274627	   2.9896068e-16
8692.383245706551	   3.0104218e-16
8694.671418666832	    3.058827e-16
8696.959591627114	   3.0984801e-16
8699.247764587395	   3.1026105e-16
8701.535937547676	    3.195218e-16
8703.824110507958	   3.4498188e-16
8706.11228346824	    3.655613e-16
8708.40045642852	    3.666943e-16
8710.688629388802	    3.636149e-16
8712.976802349083	   3.6624469e-16
8715.264975309365	    3.661241e-16
8717.553148269646	    3.595111e-16
8719.841321229927	   3.5233434e-16
8722.129494190209	    3.462192e-16
8724.41766715049	   3.3627057e-16
8726.705840110772	   3.2241772e-16
8728.994013071053	    3.104597e-16
8731.282186031334	   3.0109374e-16
8733.570358991616	   2.9000351e-16
8735.858531951897	   2.7888134e-16
8738.146704912178	   2.7370255e-16
8740.43487787246	   2.7236831e-16
8742.723050832741	   2.6861164e-16
8745.011223793023	    2.606208e-16
8747.299396753304	   2.4881926e-16
8749.587569713585	    2.417214e-16
8751.875742673867	   2.4959742e-16
8754.163915634148	   2.6567162e-16
8756.45208859443	   2.7893666e-16
8758.74026155471	   2.9343387e-16
8761.028434514992	    3.136443e-16
8763.316607475273	   3.2371455e-16
8765.604780435555	    3.116606e-16
8767.892953395836	   2.9654073e-16
8770.181126356118	     2.94956e-16
8772.469299316399	   2.9960627e-16
8774.75747227668	   3.0416718e-16
8777.045645236962	    3.114649e-16
8779.333818197243	   3.2129776e-16
8781.621991157524	    3.268656e-16
8783.910164117806	    3.263592e-16
8786.198337078087	   3.2720359e-16
8788.486510038369	   3.3082513e-16
8790.77468299865	   3.2950582e-16
8793.062855958931	    3.236394e-16
8795.351028919213	   3.2263427e-16
8797.639201879494	   3.2518188e-16
8799.927374839775	   3.2137828e-16
8802.215547800057	   3.0873893e-16
8804.503720760338	    2.893593e-16
8806.79189372062	   2.7082057e-16
8809.080066680901	    2.637258e-16
8811.368239641182	   2.6181394e-16
8813.656412601464	    2.521563e-16
8815.944585561745	   2.4316257e-16
8818.232758522026	    2.482468e-16
8820.520931482308	   2.5691862e-16
8822.80910444259	   2.5537646e-16
8825.09727740287	   2.5397844e-16
8827.385450363152	   2.6357863e-16
8829.673623323433	    2.679483e-16
8831.961796283715	   2.5548555e-16
8834.249969243996	   2.5199715e-16
8836.538142204277	   2.7353711e-16
8838.826315164559	    2.912974e-16
8841.11448812484	    2.880374e-16
8843.402661085122	   2.8390345e-16
8845.690834045403	    2.908913e-16
8847.979007005684	    3.026121e-16
8850.267179965966	   3.1360918e-16
8852.555352926247	    3.191289e-16
8854.843525886528	   3.1845432e-16
8857.13169884681	   3.1690618e-16
8859.419871807091	   3.1610184e-16
8861.708044767372	   3.1361045e-16
8863.996217727654	   3.0981093e-16
8866.284390687935	   3.0759554e-16
8868.572563648217	   3.0205706e-16
8870.860736608498	   2.8350315e-16
8873.14890956878	   2.6188072e-16
8875.43708252906	   2.5599742e-16
8877.725255489342	    2.550725e-16
8880.013428449623	   2.3894402e-16
8882.301601409905	   2.2090783e-16
8884.589774370186	   2.2086632e-16
8886.877947330468	   2.2775922e-16
8889.166120290749	   2.2653944e-16
8891.45429325103	    2.248816e-16
8893.742466211312	   2.3068786e-16
8896.030639171593	   2.3116842e-16
8898.318812131874	   2.1923295e-16
8900.606985092156	   2.1937239e-16
8902.895158052437	   2.4542123e-16
8905.183331012719	   2.7279305e-16
  8907.471503973	   2.8446524e-16
8909.759676933281	   2.8698302e-16
8912.047849893563	   2.8391824e-16
8914.336022853844	   2.7137768e-16
8916.624195814125	   2.5459624e-16
8918.912368774407	   2.5137534e-16
8921.200541734688	   2.6340837e-16
8923.48871469497	   2.7381047e-16
8925.77688765525	     2.77425e-16
8928.065060615532	   2.7900559e-16
8930.353233575814	   2.8230234e-16
8932.641406536095	   2.9119426e-16
8934.929579496376	   2.9973081e-16
8937.217752456658	    2.968314e-16
8939.50592541694	   2.8295305e-16
8941.79409837722	   2.6395767e-16
8944.082271337502	   2.4628542e-16
8946.370444297783	   2.3610355e-16
8948.658617258065	    2.316721e-16
8950.946790218346	    2.290114e-16
8953.234963178627	   2.2909192e-16
8955.523136138909	   2.3279176e-16
8957.81130909919	   2.3716324e-16
8960.099482059471	   2.3889987e-16
8962.387655019753	   2.3335406e-16
8964.675827980034	   2.1979903e-16
8966.964000940316	   2.1196812e-16
8969.252173900597	   2.1632357e-16
8971.540346860878	   2.1518962e-16
8973.82851982116	   2.0201683e-16
8976.116692781441	   1.9682712e-16
8978.404865741722	    2.065432e-16
8980.693038702004	   2.1556632e-16
8982.981211662285	   2.1779558e-16
8985.269384622567	   2.1928915e-16
8987.557557582848	   2.2237437e-16
8989.84573054313	    2.264546e-16
8992.13390350341	   2.2995886e-16
8994.422076463692	   2.3046697e-16
8996.710249423973	   2.2785337e-16
8998.998422384255	   2.2287054e-16
9001.286595344536	   2.2463647e-16
9003.574768304818	   2.4573831e-16
9005.862941265099	   2.7042877e-16
9008.15111422538	   2.7364508e-16
9010.439287185662	   2.6640496e-16
9012.727460145943	   2.6890196e-16
9015.015633106224	   2.7561129e-16
9017.303806066506	   2.7691416e-16
9019.591979026787	   2.7728518e-16
9021.880151987069	     2.81276e-16
9024.16832494735	   2.8142154e-16
9026.456497907631	   2.7281338e-16
9028.744670867913	   2.6819324e-16
9031.032843828194	    2.738833e-16
9033.321016788475	    2.701746e-16
9035.609189748757	    2.480426e-16
9037.897362709038	    2.282926e-16
9040.18553566932	   2.2121353e-16
 9042.4737086296	   2.1435815e-16
9044.761881589882	   2.0447451e-16
9047.050054550164	   2.0257628e-16
9049.338227510445	   2.0919817e-16
9051.626400470726	   2.1285745e-16
9053.914573431008	   2.1128366e-16
9056.20274639129	   2.1079417e-16
9058.49091935157	   2.1059367e-16
9060.779092311852	   2.0523774e-16
9063.067265272133	   1.9652342e-16
9065.355438232415	   1.8995429e-16
9067.643611192696	   1.8891367e-16
9069.931784152977	   1.9530849e-16
9072.219957113259	   2.0530087e-16
9074.50813007354	    2.132552e-16
9076.796303033821	   2.1468714e-16
9079.084475994103	   2.0720673e-16
9081.372648954384	   2.0454946e-16
9083.660821914666	   2.1965528e-16
9085.948994874947	   2.3594934e-16
9088.237167835228	   2.3807799e-16
9090.52534079551	   2.4206322e-16
9092.813513755791	   2.5934664e-16
9095.101686716072	    2.721702e-16
9097.389859676354	   2.6901195e-16
9099.678032636635	   2.6045151e-16
9101.966205596917	   2.5515033e-16
9104.254378557198	   2.5522627e-16
9106.54255151748	   2.6128944e-16
9108.83072447776	   2.7179297e-16
9111.118897438042	    2.812121e-16
9113.407070398323	   2.7841234e-16
9115.695243358605	   2.6524366e-16
9117.983416318886	   2.5822932e-16
9120.271589279168	   2.5821326e-16
9122.559762239449	   2.5313887e-16
9124.84793519973	   2.4008008e-16
9127.136108160012	    2.216215e-16
9129.424281120293	   2.0449009e-16
9131.712454080574	   1.9749071e-16
9134.000627040856	   1.9887303e-16
9136.288800001137	   2.0222099e-16
9138.576972961419	   2.0479676e-16
 9140.8651459217	   2.0515841e-16
9143.153318881981	   2.0388991e-16
9145.441491842263	   2.0249863e-16
9147.729664802544	   2.0019797e-16
9150.017837762825	   1.9702857e-16
9152.306010723107	   2.0238481e-16
9154.594183683388	   2.2133707e-16
9156.88235664367	   2.3578192e-16
9159.17052960395	   2.3333823e-16
9161.458702564232	   2.2897617e-16
9163.746875524514	   2.3145252e-16
9166.035048484795	   2.2628464e-16
9168.323221445076	   2.1255729e-16
9170.611394405358	   2.1940255e-16
9172.899567365639	   2.4991869e-16
9175.18774032592	   2.6507631e-16
9177.475913286202	   2.5524348e-16
9179.764086246483	    2.474818e-16
9182.052259206765	     2.50863e-16
9184.340432167046	    2.582706e-16
9186.628605127327	   2.6487358e-16
9188.916778087609	   2.6625642e-16
9191.20495104789	    2.623694e-16
9193.493124008171	     2.56558e-16
9195.781296968453	   2.4878115e-16
9198.069469928734	   2.3756693e-16
9200.357642889016	   2.2751705e-16
9202.645815849297	   2.2456635e-16
9204.933988809578	   2.2386716e-16
9207.22216176986	   2.1831824e-16
9209.510334730141	   2.1022095e-16
9211.798507690422	    2.034387e-16
9214.086680650704	   1.9822613e-16
9216.374853610985	   1.9416424e-16
9218.663026571267	   1.9007402e-16
9220.951199531548	   1.8487923e-16
9223.23937249183	   1.7690486e-16
9225.52754545211	   1.6787391e-16
9227.815718412392	   1.7031514e-16
9230.103891372673	   1.8826655e-16
9232.392064332955	   2.0543643e-16
9234.680237293236	   2.1262805e-16
9236.968410253518	   2.1482987e-16
9239.256583213799	   2.1607233e-16
9241.54475617408	   2.1833132e-16
9243.832929134362	    2.251396e-16
9246.121102094643	   2.4321603e-16
9248.409275054924	   2.6019378e-16
9250.697448015206	    2.452293e-16
9252.985620975487	   2.1533726e-16
9255.273793935768	   2.2086334e-16
9257.56196689605	   2.5012695e-16
9259.850139856331	    2.586078e-16
9262.138312816613	    2.518339e-16
9264.426485776894	   2.5462147e-16
9266.714658737175	   2.6188086e-16
9269.002831697457	   2.6088617e-16
9271.291004657738	   2.5287928e-16
9273.57917761802	   2.4225325e-16
 9275.8673505783	    2.343758e-16
9278.155523538582	   2.3307414e-16
9280.443696498864	   2.2962671e-16
9282.731869459145	   2.1694477e-16
9285.020042419426	   2.0465977e-16
9287.308215379708	   2.0002634e-16
9289.596388339989	   1.9673162e-16
9291.88456130027	   1.8953776e-16
9294.172734260552	   1.7704307e-16
9296.460907220833	   1.6234341e-16
9298.749080181115	   1.5797282e-16
9301.037253141396	   1.6831348e-16
9303.325426101677	   1.8385536e-16
9305.613599061959	   1.9796221e-16
9307.90177202224	   2.0944189e-16
9310.189944982521	   2.1219177e-16
9312.478117942803	   1.9352602e-16
9314.766290903084	   1.7044275e-16
9317.054463863366	   1.8418375e-16
9319.342636823647	   2.1981008e-16
9321.630809783928	   2.2762758e-16
9323.91898274421	   2.1067789e-16
9326.207155704491	   1.9754873e-16
9328.495328664772	    1.891107e-16
9330.783501625054	   1.7741447e-16
9333.071674585335	   1.7543152e-16
9335.359847545617	   1.9776834e-16
9337.648020505898	     2.28756e-16
9339.93619346618	    2.480155e-16
9342.22436642646	   2.5189738e-16
9344.512539386742	   2.4230534e-16
9346.800712347023	    2.323439e-16
9349.088885307305	   2.3249517e-16
9351.377058267586	    2.342226e-16
9353.665231227867	   2.2989544e-16
9355.953404188149	   2.2165149e-16
9358.24157714843	   2.1023836e-16
9360.529750108712	   1.9011727e-16
9362.817923068993	     1.65802e-16
9365.106096029274	   1.6264848e-16
9367.394268989556	   1.8109793e-16
9369.682441949837	   1.8259738e-16
9371.970614910118	   1.6212879e-16
 9374.2587878704	   1.5420032e-16
9376.546960830681	   1.6719938e-16
9378.835133790963	   1.8740097e-16
9381.123306751244	   2.0273841e-16
9383.411479711525	   2.0096509e-16
9385.699652671807	   1.8936949e-16
9387.987825632088	   1.8705592e-16
9390.27599859237	   1.9228533e-16
9392.56417155265	   1.9407874e-16
9394.852344512932	   1.9692305e-16
9397.140517473214	   2.0909943e-16
9399.428690433495	   2.1754986e-16
9401.716863393776	   2.0735817e-16
9404.005036354058	   1.9860748e-16
9406.293209314339	   2.1211893e-16
9408.58138227462	    2.276263e-16
9410.869555234902	   2.2519795e-16
9413.157728195183	   2.1364351e-16
9415.445901155465	   2.0451964e-16
9417.734074115746	   2.1063542e-16
9420.022247076027	    2.344174e-16
9422.310420036309	     2.47833e-16
9424.59859299659	   2.3732646e-16
9426.886765956871	   2.2416682e-16
9429.174938917153	   2.2184296e-16
9431.463111877434	   2.3036927e-16
9433.751284837716	   2.4261191e-16
9436.039457797997	   2.4024673e-16
9438.327630758278	   2.2209829e-16
9440.61580371856	   2.0553041e-16
9442.903976678841	   1.9849864e-16
9445.192149639122	   2.0196687e-16
9447.480322599404	   2.0727959e-16
9449.768495559685	   1.9912712e-16
9452.056668519966	   1.8193975e-16
9454.344841480248	   1.6981203e-16
9456.63301444053	   1.6913088e-16
9458.92118740081	   1.8237134e-16
9461.209360361092	    1.921825e-16
9463.497533321373	   1.7807747e-16
9465.785706281655	   1.5465151e-16
9468.073879241936	   1.4291931e-16
9470.362052202217	   1.4373608e-16
9472.650225162499	   1.5349036e-16
9474.93839812278	   1.6593689e-16
9477.226571083062	   1.7517356e-16
9479.514744043343	   1.8308213e-16
9481.802917003624	   1.9008419e-16
9484.091089963906	   1.8812947e-16
9486.379262924187	   1.7452497e-16
9488.667435884468	    1.587095e-16
9490.95560884475	    1.499184e-16
9493.243781805031	   1.5591623e-16
9495.531954765313	   1.7682537e-16
9497.820127725594	   2.0255276e-16
9500.108300685875	    2.206529e-16
9502.396473646157	   2.1445148e-16
9504.684646606438	   1.9493807e-16
9506.97281956672	   2.0110512e-16
  9509.260992527	   2.2839775e-16
9511.549165487282	   2.3963467e-16
9513.837338447564	    2.314629e-16
9516.125511407845	   2.1937707e-16
9518.413684368126	   2.1156613e-16
9520.701857328408	   2.1368177e-16
9522.990030288689	   2.1558966e-16
9525.27820324897	    2.024089e-16
9527.566376209252	    1.876544e-16
9529.854549169533	   1.8962422e-16
9532.142722129815	   1.9796217e-16
9534.430895090096	   1.9812383e-16
9536.719068050377	    1.857668e-16
9539.007241010659	    1.618321e-16
9541.29541397094	    1.448739e-16
9543.583586931221	   1.4843245e-16
9545.871759891503	   1.5970678e-16
9548.159932851784	   1.6606894e-16
9550.448105812065	   1.6224393e-16
9552.736278772347	   1.4866283e-16
9555.024451732628	   1.3821819e-16
9557.31262469291	   1.3832862e-16
9559.600797653191	   1.4486124e-16
9561.888970613472	   1.5459018e-16
9564.177143573754	   1.6627831e-16
9566.465316534035	   1.7531438e-16
9568.753489494316	   1.7373221e-16
9571.041662454598	   1.6385425e-16
9573.32983541488	   1.5679562e-16
9575.61800837516	    1.561096e-16
9577.906181335442	   1.6022495e-16
9580.194354295723	   1.6588603e-16
9582.482527256005	   1.6846382e-16
9584.770700216286	    1.705966e-16
9587.058873176567	   1.7821544e-16
9589.347046136849	    1.834547e-16
9591.63521909713	   1.7567953e-16
9593.923392057412	   1.7751868e-16
9596.211565017693	   2.1244141e-16
9598.499737977974	   2.4044788e-16
9600.787910938256	   2.2227812e-16
9603.076083898537	   1.9359588e-16
9605.364256858818	   1.8975604e-16
 9607.6524298191	    1.965096e-16
9609.940602779381	   1.9941036e-16
9612.228775739663	   1.9790651e-16
9614.516948699944	   1.9369534e-16
9616.805121660225	   1.9647481e-16
9619.093294620507	   2.0700671e-16
9621.381467580788	   2.0473674e-16
9623.66964054107	   1.8630318e-16
9625.95781350135	   1.7767149e-16
9628.245986461632	    1.840484e-16
9630.534159421914	   1.8408372e-16
9632.822332382195	   1.7234176e-16
9635.110505342476	   1.5843197e-16
9637.398678302758	    1.475851e-16
9639.686851263039	   1.4176955e-16
9641.97502422332	   1.4434574e-16
9644.263197183602	   1.5928866e-16
9646.551370143883	   1.7290588e-16
9648.839543104164	   1.6405611e-16
9651.127716064446	   1.4724592e-16
9653.415889024727	    1.489182e-16
9655.704061985009	   1.5834872e-16
9657.99223494529	   1.5642574e-16
9660.280407905571	   1.5548375e-16
9662.568580865853	   1.7026486e-16
9664.856753826134	     1.82555e-16
9667.144926786415	   1.7608461e-16
9669.433099746697	   1.7385767e-16
9671.721272706978	   1.9311594e-16
9674.00944566726	   2.1203847e-16
9676.297618627541	   2.1235492e-16
9678.585791587822	   1.9401156e-16
9680.873964548104	   1.6418791e-16
9683.162137508385	   1.4389801e-16
9685.450310468666	   1.4554383e-16
9687.738483428948	   1.6409929e-16
9690.02665638923	   1.9071921e-16
9692.31482934951	   2.1129273e-16
9694.603002309792	   2.2198525e-16
9696.891175270073	    2.333392e-16
9699.179348230355	   2.4109438e-16
9701.467521190636	   2.2767947e-16
9703.755694150917	   1.9968024e-16
9706.043867111199	   1.7948316e-16
9708.33204007148	   1.7579561e-16
9710.620213031762	   1.8946833e-16
9712.908385992043	   2.0553882e-16
9715.196558952324	   2.0291328e-16
9717.484731912606	   1.8845223e-16
9719.772904872887	   1.7819976e-16
9722.061077833168	   1.7696448e-16
9724.34925079345	   1.8525698e-16
9726.637423753731	   1.9207833e-16
9728.925596714012	     1.86367e-16
9731.213769674294	    1.714271e-16
9733.501942634575	   1.5402419e-16
9735.790115594857	   1.4745848e-16
9738.078288555138	   1.5730271e-16
9740.36646151542	   1.5674026e-16
 9742.6546344757	   1.3304298e-16
9744.942807435982	   1.2064912e-16
9747.230980396263	    1.344751e-16
9749.519153356545	   1.4243988e-16
9751.807326316826	   1.3272796e-16
9754.095499277108	   1.2929484e-16
9756.383672237389	    1.382127e-16
9758.67184519767	   1.4286636e-16
9760.960018157952	    1.378199e-16
9763.248191118233	   1.2795599e-16
9765.536364078514	   1.1841056e-16
9767.824537038796	    1.151914e-16
9770.112709999077	     1.18565e-16
9772.400882959359	   1.2409821e-16
9774.68905591964	   1.3170833e-16
9776.977228879921	   1.4361523e-16
9779.265401840203	   1.4710245e-16
9781.553574800484	   1.2608502e-16
9783.841747760765	   9.7641227e-17
9786.129920721047	    8.716376e-17
9788.418093681328	   8.6765496e-17
9790.70626664161	    8.368574e-17
9792.994439601891	  1.01180944e-16
9795.282612562172	   1.5603224e-16
9797.570785522454	   2.0063006e-16
9799.858958482735	     1.97013e-16
9802.147131443016	   1.7933118e-16
9804.435304403298	   1.7706562e-16
9806.72347736358	   1.8038002e-16
9809.01165032386	   1.8352533e-16
9811.299823284142	   1.9671398e-16
9813.587996244423	   2.1689487e-16
9815.876169204705	   2.1477909e-16
9818.164342164986	   1.8768418e-16
9820.452515125267	   1.7496041e-16
9822.740688085549	   1.8522942e-16
9825.02886104583	   1.8984111e-16
9827.317034006111	   1.8105901e-16
9829.605206966393	   1.6962403e-16
9831.893379926674	   1.5938852e-16
9834.181552886956	   1.5026002e-16
9836.469725847237	   1.4469099e-16
9838.757898807518	   1.4570873e-16
 9841.0460717678	   1.5103932e-16
9843.334244728081	   1.5597971e-16
9845.622417688362	   1.5852294e-16
9847.910590648644	    1.578404e-16
9850.198763608925	   1.5423214e-16
9852.486936569207	   1.4875354e-16
9854.775109529488	   1.4007643e-16
9857.06328248977	   1.2783618e-16
9859.35145545005	   1.2299469e-16
9861.639628410332	   1.3303313e-16
9863.927801370613	   1.4309816e-16
9866.215974330895	   1.3971116e-16
9868.504147291176	    1.214398e-16
9870.792320251458	    9.457731e-17
9873.080493211739	    8.278716e-17
9875.36866617202	    9.987585e-17
9877.656839132302	   1.3584127e-16
9879.945012092583	     1.78809e-16
9882.233185052864	   2.1782804e-16
9884.521358013146	   2.4014318e-16
9886.809530973427	   2.3160096e-16
9889.097703933709	   1.9688631e-16
9891.38587689399	   1.5950615e-16
9893.674049854271	   1.3755973e-16
9895.962222814553	   1.4519033e-16
9898.250395774834	   1.6648803e-16
9900.538568735115	   1.6391738e-16
9902.826741695397	    1.503722e-16
9905.114914655678	   1.6453231e-16
9907.40308761596	   1.9267588e-16
9909.69126057624	   2.0206168e-16
9911.979433536522	   1.9919253e-16
9914.267606496804	    2.011568e-16
9916.555779457085	   2.0790458e-16
9918.843952417366	   2.1580519e-16
9921.132125377648	   2.1584136e-16
9923.42029833793	   2.0223708e-16
9925.70847129821	   2.0343942e-16
9927.996644258492	   2.3668284e-16
9930.284817218773	   2.4785796e-16
9932.572990179055	   2.0313183e-16
9934.861163139336	   1.5476723e-16
9937.149336099617	   1.4255036e-16
9939.437509059899	   1.6226555e-16
9941.72568202018	   1.9882124e-16
9944.013854980461	   2.1658452e-16
9946.302027940743	   2.0451898e-16
9948.590200901024	   1.9266372e-16
9950.878373861306	    2.003256e-16
9953.166546821587	   2.3558718e-16
9955.454719781868	   2.7928646e-16
9957.74289274215	   2.8287785e-16
9960.031065702431	   2.5112137e-16
9962.319238662712	   2.2974943e-16
9964.607411622994	   2.2845196e-16
9966.895584583275	   2.3714156e-16
9969.183757543557	   2.3294886e-16
9971.471930503838	   1.8786852e-16
9973.76010346412	   1.3358968e-16
 9976.0482764244	   1.1972514e-16
9978.336449384682	    1.432926e-16
9980.624622344963	   1.8383836e-16
9982.912795305245	   1.9343889e-16
9985.200968265526	   1.3387612e-16
9987.489141225808	    7.803117e-17
9989.777314186089	    9.543529e-17
9992.06548714637	   1.4419677e-16
9994.353660106652	   1.7586977e-16
9996.641833066933	   1.6527365e-16
9998.930006027214	   1.1229905e-16
