3801.0798339843755	   1.6116449e-15
3803.36766409874	   1.4714621e-15
3805.6554942131047	   1.7559514e-15
3807.9433243274693	   1.8734543e-15
3810.231154441834	   1.7483894e-15
3812.5189845561986	   1.8152155e-15
3814.806814670563	    1.857132e-15
3817.094644784928	     1.58305e-15
3819.3824748992924	   1.7763478e-15
3821.670305013657	   1.8232945e-15
3823.9581351280217	   1.7713905e-15
3826.2459652423863	   2.0260242e-15
3828.533795356751	   1.7271186e-15
3830.8216254711156	   1.7247014e-15
3833.10945558548	   1.8248543e-15
3835.397285699845	   1.9842814e-15
3837.6851158142094	   2.0480255e-15
3839.972945928574	   2.0279428e-15
3842.2607760429387	   1.9491666e-15
3844.5486061573033	    1.962878e-15
3846.836436271668	   2.1117863e-15
3849.1242663860326	   2.2468495e-15
3851.412096500397	   2.1910078e-15
3853.699926614762	   1.9498876e-15
3855.9877567291264	   2.1096408e-15
3858.275586843491	   1.9366777e-15
3860.5634169578557	     1.88292e-15
3862.8512470722203	   2.0334148e-15
3865.139077186585	   2.0859995e-15
3867.4269073009496	    2.066087e-15
3869.714737415314	   2.3350106e-15
3872.002567529679	   2.3759416e-15
3874.2903976440434	   2.4057936e-15
3876.578227758408	     2.12929e-15
3878.8660578727727	   2.1140085e-15
3881.1538879871373	   2.3696596e-15
3883.441718101502	   2.3649827e-15
3885.7295482158665	    2.299267e-15
3888.017378330231	   2.4347005e-15
3890.305208444596	   2.4133597e-15
3892.5930385589604	    2.305338e-15
3894.880868673325	   2.2699486e-15
3897.1686987876897	   2.2585583e-15
3899.4565289020543	    2.288182e-15
3901.744359016419	   2.5020445e-15
3904.0321891307835	   2.5158969e-15
3906.320019245148	   2.2207525e-15
3908.607849359513	   2.4413336e-15
3910.8956794738774	   2.3719322e-15
3913.1835095882416	   2.1896124e-15
3915.471339702606	   2.4207535e-15
3917.759169816971	   2.2713593e-15
3920.0469999313354	   2.2558158e-15
 3922.3348300457	   2.5570855e-15
3924.6226601600647	   2.3824735e-15
3926.9104902744293	   2.3026328e-15
3929.198320388794	   2.1122427e-15
3931.4861505031586	   2.4717133e-15
3933.773980617523	   2.5534433e-15
3936.061810731888	    2.463354e-15
3938.3496408462524	   2.5631933e-15
3940.637470960617	   2.3662615e-15
3942.9253010749817	   2.4338693e-15
3945.2131311893463	   2.4520606e-15
3947.500961303711	   2.5993044e-15
3949.7887914180756	   2.3393477e-15
3952.07662153244	   2.2798883e-15
3954.364451646805	    2.256577e-15
3956.6522817611694	   2.3648103e-15
3958.940111875534	    2.447093e-15
3961.2279419898987	    2.511198e-15
3963.5157721042633	    2.793467e-15
3965.803602218628	   2.5895673e-15
3968.0914323329926	   2.4719979e-15
3970.379262447357	   2.4745244e-15
3972.667092561722	   2.6400168e-15
3974.9549226760864	    2.599316e-15
3977.242752790451	   2.5902037e-15
3979.5305829048157	   2.8017724e-15
3981.8184130191803	   2.6119925e-15
3984.106243133545	    2.558158e-15
3986.3940732479095	   2.4903607e-15
3988.681903362274	    2.311342e-15
3990.969733476639	   2.7752003e-15
3993.2575635910034	   2.3632315e-15
3995.545393705368	   2.4699138e-15
3997.8332238197327	   2.3354185e-15
4000.1210539340973	   2.2852271e-15
4002.408884048462	   2.2906858e-15
4004.6967141628265	    2.271335e-15
4006.984544277191	   2.4214266e-15
4009.272374391556	   2.3389174e-15
4011.5602045059204	    2.268405e-15
4013.848034620285	   2.2472333e-15
4016.1358647346497	   2.2073505e-15
4018.4236948490143	   2.1138635e-15
4020.711524963379	   2.2135205e-15
4022.9993550777435	   2.0903054e-15
4025.287185192108	   2.0399471e-15
4027.575015306473	    1.935673e-15
4029.8628454208374	   2.1909742e-15
4032.150675535202	   2.0807602e-15
4034.4385056495667	    1.819746e-15
4036.7263357639313	   1.8734097e-15
4039.014165878296	    2.169262e-15
4041.3019959926605	   1.9072402e-15
4043.589826107025	   2.0331336e-15
4045.8776562213898	    2.163583e-15
4048.1654863357544	   2.0985146e-15
4050.453316450119	    1.931218e-15
4052.7411465644836	   2.1739962e-15
4055.0289766788483	   1.9091987e-15
4057.316806793213	    1.970531e-15
4059.6046369075775	   1.9051715e-15
4061.892467021942	   1.9044037e-15
4064.1802971363068	   2.2839964e-15
4066.4681272506714	   2.1046429e-15
4068.755957365036	   1.8415568e-15
4071.0437874794006	   1.8757259e-15
4073.3316175937653	    1.966421e-15
4075.61944770813	   2.2706745e-15
4077.9072778224945	   2.3093843e-15
4080.195107936859	   2.2378998e-15
4082.4829380512238	    2.112807e-15
4084.7707681655884	   2.0865215e-15
4087.058598279953	   2.0113903e-15
4089.3464283943176	   2.2191819e-15
4091.6342585086823	   2.1144481e-15
4093.922088623047	   1.8682707e-15
4096.2099187374115	    2.049184e-15
4098.497748851776	   2.1819437e-15
4100.785578966141	   1.8667789e-15
4103.073409080505	   1.9305274e-15
4105.36123919487	   1.9533046e-15
4107.649069309235	    2.257922e-15
4109.936899423599	   2.2530272e-15
4112.224729537964	   2.0923056e-15
4114.5125596523285	   1.9952045e-15
4116.800389766693	   1.8142281e-15
4119.088219881058	    1.823445e-15
4121.376049995422	   1.9445693e-15
4123.663880109787	   2.0903386e-15
4125.951710224152	    1.975134e-15
4128.239540338516	   1.9779261e-15
4130.527370452881	   2.1849569e-15
4132.8152005672455	    2.122843e-15
4135.10303068161	   1.7095935e-15
4137.390860795975	   1.7871923e-15
4139.678690910339	   2.0253337e-15
4141.966521024704	   2.0164828e-15
4144.254351139069	   1.6710127e-15
4146.542181253433	   1.7296531e-15
4148.830011367798	    1.719096e-15
4151.1178414821625	    1.963604e-15
4153.405671596527	   2.2132916e-15
4155.693501710892	   1.6653038e-15
4157.981331825256	   1.5361146e-15
4160.269161939621	   1.8767747e-15
4162.556992053986	   2.0700805e-15
4164.84482216835	   1.7451022e-15
4167.132652282715	   1.7056291e-15
4169.4204823970795	   1.5855078e-15
4171.708312511444	   1.6878376e-15
4173.996142625809	   1.8574975e-15
4176.283972740173	    1.523641e-15
4178.571802854538	   1.6958961e-15
4180.859632968903	   1.5440996e-15
4183.147463083267	   1.6481524e-15
4185.435293197632	    1.794725e-15
4187.7231233119965	    1.846983e-15
4190.010953426361	   1.5780199e-15
4192.298783540726	   1.5469032e-15
4194.58661365509	   1.8186807e-15
4196.874443769455	   1.7272484e-15
4199.16227388382	   1.4159966e-15
4201.450103998184	    1.382036e-15
4203.737934112549	   1.6074982e-15
4206.025764226913	    1.564671e-15
4208.313594341278	   1.6242274e-15
4210.601424455643	   1.5735719e-15
4212.889254570007	    1.502032e-15
4215.177084684372	    1.785272e-15
4217.464914798737	   1.4285168e-15
4219.752744913101	   1.4283343e-15
4222.040575027466	   1.4370452e-15
4224.32840514183	   1.4050426e-15
4226.616235256195	   1.4825356e-15
4228.90406537056	   1.5937385e-15
4231.191895484924	   1.3550561e-15
4233.479725599289	   1.1325465e-15
4235.767555713654	   1.0075111e-15
4238.055385828018	   1.1897876e-15
4240.343215942383	   1.1176691e-15
4242.631046056747	   1.2517687e-15
4244.918876171112	     1.33358e-15
4247.206706285477	   1.2275642e-15
4249.494536399841	   1.0930919e-15
4251.782366514206	   1.0244819e-15
4254.070196628571	   1.2495455e-15
4256.358026742935	    9.839841e-16
 4258.6458568573	   1.1684463e-15
4260.933686971664	     1.02914e-15
4263.221517086029	    9.075619e-16
4265.509347200394	    9.442199e-16
4267.797177314758	   1.2000543e-15
4270.085007429123	   1.0486659e-15
4272.372837543488	   1.2028517e-15
4274.660667657852	    9.644117e-16
4276.948497772217	   8.3384883e-16
4279.236327886581	   1.1063138e-15
4281.524158000946	   1.2737426e-15
4283.811988115311	   1.0217951e-15
4286.099818229675	   7.3861204e-16
4288.38764834404	    7.753506e-16
4290.6754784584045	   8.3855785e-16
4292.963308572769	     8.39156e-16
4295.251138687134	    8.628875e-16
4297.538968801498	   8.5555685e-16
4299.826798915863	    9.186636e-16
4302.114629030228	       8.965e-16
4304.402459144592	   8.8150444e-16
4306.690289258957	    8.997651e-16
4308.9781193733215	     9.17247e-16
4311.265949487686	    9.704238e-16
4313.553779602051	   1.1725883e-15
4315.841609716415	   1.0319315e-15
4318.12943983078	   1.0656134e-15
4320.417269945145	    9.231239e-16
4322.705100059509	   1.0083643e-15
4324.992930173874	    9.509664e-16
4327.2807602882385	   7.8996966e-16
4329.568590402603	   1.1734045e-15
4331.856420516968	   1.0101062e-15
4334.144250631332	   1.0795099e-15
4336.432080745697	    7.853972e-16
4338.719910860062	   1.0082997e-15
4341.007740974426	   1.0857822e-15
4343.295571088791	    9.930774e-16
4345.5834012031555	    9.612171e-16
4347.87123131752	   1.2519804e-15
4350.159061431885	   1.3049857e-15
4352.446891546249	   1.1235297e-15
4354.734721660614	    9.020577e-16
4357.022551774979	   1.0443497e-15
4359.310381889343	     9.56223e-16
4361.598212003708	   1.2863758e-15
4363.8860421180725	   1.1418651e-15
4366.173872232437	   1.0669011e-15
4368.461702346802	   8.2417963e-16
4370.749532461166	    9.259797e-16
4373.037362575531	   1.0646124e-15
4375.325192689896	    9.413736e-16
4377.61302280426	   1.3008691e-15
4379.900852918625	   1.3668335e-15
4382.1886830329895	    9.564712e-16
4384.476513147354	   1.1563837e-15
4386.764343261719	   1.1295549e-15
4389.052173376083	   1.1086953e-15
4391.340003490448	   1.2227836e-15
4393.627833604813	   1.2171852e-15
4395.915663719177	    9.542583e-16
4398.203493833542	    9.211639e-16
4400.491323947906	   1.0841325e-15
4402.77915406227	   1.2403814e-15
4405.066984176635	   1.0320034e-15
4407.3548142909995	   1.0206405e-15
4409.642644405364	   1.2074943e-15
4411.930474519729	   1.2160154e-15
4414.218304634093	   1.0918236e-15
4416.506134748458	   1.0921577e-15
4418.793964862823	   1.0111518e-15
4421.081794977187	   1.0294013e-15
4423.369625091552	   1.2536741e-15
4425.657455205916	    9.934586e-16
4427.945285320281	    7.705558e-16
4430.233115434646	   1.0944319e-15
4432.52094554901	   8.6361944e-16
4434.808775663375	     8.14796e-16
4437.09660577774	   1.0434693e-15
4439.384435892104	   1.1520753e-15
4441.672266006469	    7.775817e-16
4443.960096120833	   1.0292671e-15
4446.247926235198	    9.243139e-16
4448.535756349563	   8.8618953e-16
4450.823586463927	    8.108316e-16
4453.111416578292	   1.0280794e-15
4455.399246692657	   1.2581783e-15
4457.687076807021	   1.0303409e-15
4459.974906921386	    9.539989e-16
4462.26273703575	    9.290573e-16
4464.550567150115	    9.439195e-16
4466.83839726448	    9.915618e-16
4469.126227378844	    9.192102e-16
4471.414057493209	   1.0548122e-15
4473.701887607574	    9.811311e-16
4475.989717721938	    9.116162e-16
4478.277547836303	    8.833082e-16
4480.565377950667	    1.040111e-15
4482.853208065032	    8.934073e-16
4485.141038179397	     9.33375e-16
4487.428868293761	   1.2034375e-15
4489.716698408126	   1.1655521e-15
4492.004528522491	   1.4442008e-15
4494.292358636855	   1.0396581e-15
4496.58018875122	     8.92999e-16
4498.868018865584	   1.1612912e-15
4501.155848979949	   1.2401229e-15
4503.443679094314	    9.779879e-16
4505.731509208678	   1.0895092e-15
4508.019339323043	   1.0083849e-15
4510.3071694374075	   1.3322171e-15
4512.594999551772	   1.2623481e-15
4514.882829666137	   1.0121905e-15
4517.170659780501	   7.2077665e-16
4519.458489894866	    1.143682e-15
4521.746320009231	   1.1038983e-15
4524.034150123595	   1.1012118e-15
4526.32198023796	   1.1825322e-15
4528.6098103523245	   1.1789934e-15
4530.897640466689	   1.2668431e-15
4533.185470581054	   1.1419215e-15
4535.473300695418	    9.921782e-16
4537.761130809783	   1.1177929e-15
4540.048960924148	   1.1115917e-15
4542.336791038512	    8.552922e-16
4544.624621152877	   1.0141619e-15
4546.9124512672415	   1.3631972e-15
4549.200281381606	   1.5291316e-15
4551.488111495971	   1.1409549e-15
4553.775941610335	   1.2418663e-15
 4556.0637717247	   1.0239819e-15
4558.351601839065	   1.3259417e-15
4560.639431953429	     1.02256e-15
4562.927262067794	   1.0314437e-15
4565.2150921821585	   1.0762274e-15
4567.502922296523	    9.527988e-16
4569.790752410888	   1.1864345e-15
4572.078582525252	   1.1262949e-15
4574.366412639617	   1.1791459e-15
4576.654242753982	    9.504318e-16
4578.942072868346	   1.3156662e-15
4581.229902982711	   1.0940534e-15
4583.5177330970755	    1.154974e-15
4585.80556321144	   1.2303688e-15
4588.093393325805	    1.231337e-15
4590.381223440169	    9.420928e-16
4592.669053554534	   8.6830745e-16
4594.956883668899	   8.7420703e-16
4597.244713783263	    1.057611e-15
4599.532543897628	   1.0435459e-15
4601.8203740119925	   1.1903123e-15
4604.108204126357	   1.1862005e-15
4606.396034240722	   1.1256817e-15
4608.683864355086	   1.1866688e-15
4610.971694469451	   1.1504526e-15
4613.259524583816	   1.0423972e-15
4615.54735469818	    9.796316e-16
4617.835184812545	   1.1494702e-15
4620.1230149269095	    8.797415e-16
4622.410845041274	    9.054899e-16
4624.698675155639	   1.0068692e-15
4626.986505270003	    9.843613e-16
4629.274335384368	   1.0988387e-15
4631.562165498733	   1.1625746e-15
4633.849995613097	   1.2439604e-15
4636.137825727462	   1.1764879e-15
4638.4256558418265	    9.099898e-16
4640.713485956191	   1.0155439e-15
4643.001316070556	   1.0456459e-15
4645.28914618492	   1.1312232e-15
4647.576976299285	   7.2870435e-16
4649.86480641365	   1.0292977e-15
4652.152636528014	   1.1151262e-15
4654.440466642379	    1.357339e-15
4656.7282967567435	   1.3357323e-15
4659.016126871108	   1.3714277e-15
4661.303956985473	   1.0073634e-15
4663.591787099837	   8.5829245e-16
4665.879617214202	   1.0374663e-15
4668.167447328567	   8.8551053e-16
4670.455277442931	    8.714004e-16
4672.743107557296	    9.609003e-16
4675.0309376716605	    9.652296e-16
4677.318767786025	    9.308667e-16
4679.60659790039	    8.417245e-16
4681.894428014754	   1.0354956e-15
4684.182258129119	   1.0307416e-15
4686.470088243484	   7.0362355e-16
4688.757918357848	    8.395519e-16
4691.045748472213	    9.483153e-16
4693.3335785865775	    8.228306e-16
4695.621408700942	    9.389017e-16
4697.909238815307	   7.1390277e-16
4700.197068929671	    9.312171e-16
4702.484899044036	    7.382089e-16
4704.772729158401	    9.471043e-16
4707.060559272765	    8.515195e-16
4709.34838938713	    7.900792e-16
4711.636219501494	    9.192678e-16
4713.924049615859	    8.843092e-16
4716.211879730224	    9.014475e-16
4718.499709844588	   8.3750674e-16
4720.787539958953	   6.1880595e-16
4723.075370073318	   1.1076446e-15
4725.363200187682	    9.803903e-16
4727.651030302047	    8.486065e-16
4729.938860416411	    7.784489e-16
4732.226690530776	   7.9507203e-16
4734.514520645141	   1.0002266e-15
4736.802350759505	   1.0270172e-15
4739.09018087387	     9.02896e-16
4741.378010988235	   6.7296413e-16
4743.665841102599	    8.840041e-16
4745.953671216964	    9.269489e-16
4748.241501331328	   1.0685584e-15
4750.529331445693	   1.0592807e-15
4752.817161560058	     9.87737e-16
4755.104991674422	     1.00031e-15
4757.392821788787	   1.0482922e-15
4759.680651903152	    6.134409e-16
4761.968482017516	    8.634142e-16
4764.256312131881	   7.9272135e-16
4766.544142246245	   8.2825963e-16
4768.83197236061	    7.753964e-16
4771.119802474975	    8.396689e-16
4773.407632589339	   5.7127105e-16
4775.695462703704	   6.5589033e-16
4777.983292818069	   6.6308725e-16
4780.271122932433	   7.0671823e-16
4782.558953046798	    8.906623e-16
4784.846783161162	    9.970808e-16
4787.134613275527	   1.1705978e-15
4789.422443389892	   1.0435841e-15
4791.710273504255	   6.6594953e-16
4793.99810361862	    9.226415e-16
4796.285933732985	    7.774093e-16
4798.573763847349	    6.412361e-16
4800.861593961714	     6.29249e-16
4803.1494240760785	    9.280469e-16
4805.437254190443	    9.289163e-16
4807.725084304808	   7.8546694e-16
4810.012914419172	    9.554794e-16
4812.300744533537	    9.615294e-16
4814.588574647902	   1.1274481e-15
4816.876404762266	     8.32561e-16
4819.164234876631	    5.408143e-16
4821.4520649909955	   6.1690823e-16
4823.73989510536	   8.1903126e-16
4826.027725219725	   1.1599825e-15
4828.315555334089	   7.9447466e-16
4830.603385448454	    9.144907e-16
4832.891215562819	   1.0269308e-15
4835.179045677183	    9.416246e-16
4837.466875791548	   6.6520425e-16
4839.7547059059125	   8.0513065e-16
4842.042536020277	    7.415256e-16
4844.330366134642	   1.0941204e-15
4846.618196249006	   8.6093943e-16
4848.906026363371	    6.935405e-16
4851.193856477736	   8.4231836e-16
 4853.4816865921	    6.884815e-16
4855.769516706465	   1.0599208e-15
4858.0573468208295	   8.5942663e-16
4860.345176935194	    7.347366e-16
4862.633007049559	    9.007988e-16
4864.920837163923	    6.332311e-16
4867.208667278288	   7.8042646e-16
4869.496497392653	   6.3955244e-16
4871.784327507017	     6.21166e-16
4874.072157621382	   7.1959446e-16
4876.3599877357465	   7.3477985e-16
4878.647817850111	   7.2883633e-16
4880.935647964476	    7.476199e-16
4883.22347807884	    7.638996e-16
4885.511308193205	    7.815284e-16
4887.79913830757	   7.7722764e-16
4890.086968421934	   6.4585765e-16
4892.374798536299	    8.128673e-16
4894.6626286506635	    6.914937e-16
4896.950458765028	    7.803472e-16
4899.238288879393	   5.2563037e-16
4901.526118993757	   5.8912227e-16
4903.813949108122	   5.6163933e-16
4906.101779222487	    6.621623e-16
4908.389609336851	    6.956566e-16
4910.677439451216	    5.056555e-16
4912.9652695655805	   6.9862573e-16
4915.253099679945	   6.7839605e-16
4917.54092979431	   7.0618995e-16
4919.828759908674	   6.3266283e-16
4922.116590023039	   3.7923619e-16
4924.404420137404	    7.154657e-16
4926.692250251768	    6.931784e-16
4928.980080366133	    7.651526e-16
4931.267910480497	   6.5099257e-16
4933.555740594862	    3.310628e-16
4935.843570709227	    5.567304e-16
4938.131400823591	    6.331741e-16
4940.419230937956	    6.219982e-16
4942.707061052321	    6.230512e-16
4944.994891166685	    7.123219e-16
4947.28272128105	    6.195581e-16
4949.570551395414	   5.6556644e-16
4951.858381509779	    5.229645e-16
4954.146211624144	   5.5482236e-16
4956.434041738508	   5.8424415e-16
4958.721871852873	    5.058104e-16
4961.009701967238	    4.861184e-16
4963.297532081602	   6.2492095e-16
4965.585362195967	    5.834346e-16
4967.873192310331	   6.5111454e-16
4970.161022424696	   8.2126186e-16
4972.448852539061	    7.162317e-16
4974.736682653425	    6.500832e-16
4977.02451276779	    5.886325e-16
4979.312342882155	    5.749039e-16
4981.600172996519	   6.6975107e-16
4983.888003110884	   5.9002865e-16
4986.175833225248	   7.8858683e-16
4988.463663339613	    7.000798e-16
4990.751493453978	   5.5910617e-16
4993.039323568342	   5.1831767e-16
4995.327153682707	    6.312309e-16
4997.614983797072	    6.329007e-16
4999.902813911436	   7.4962797e-16
5002.190644025801	     7.92663e-16
5004.478474140165	   7.3769846e-16
5006.76630425453	    5.800756e-16
5009.054134368895	   5.8263394e-16
5011.341964483259	    7.101733e-16
5013.629794597624	    7.770474e-16
5015.9176247119885	    7.909633e-16
5018.205454826353	   7.2711463e-16
5020.493284940718	   7.2748187e-16
5022.781115055082	    7.262474e-16
5025.068945169447	   7.2946086e-16
5027.356775283812	   7.2503696e-16
5029.644605398176	    6.949999e-16
5031.932435512541	     6.63197e-16
5034.2202656269055	   6.6348054e-16
5036.50809574127	    6.778107e-16
5038.795925855635	    6.783887e-16
5041.083755969999	    6.786401e-16
5043.371586084364	   6.9568923e-16
5045.659416198729	    7.190491e-16
5047.947246313093	   7.3708955e-16
5050.235076427458	   7.5138313e-16
5052.5229065418225	    7.649155e-16
5054.810736656187	    7.855539e-16
5057.098566770552	   8.1217066e-16
5059.386396884916	    8.098154e-16
5061.674226999281	     7.66627e-16
5063.962057113646	   7.3238227e-16
5066.24988722801	    7.345911e-16
5068.537717342375	   7.5224594e-16
5070.8255474567395	    7.664674e-16
5073.113377571104	   7.6095804e-16
5075.401207685469	    7.385982e-16
5077.689037799833	   7.3103353e-16
5079.976867914198	    7.438193e-16
5082.264698028563	    7.542584e-16
5084.552528142927	   7.5503416e-16
5086.840358257292	   7.4852323e-16
5089.1281883716565	   7.5337254e-16
5091.416018486021	    8.027583e-16
5093.703848600386	     8.59403e-16
5095.99167871475	    8.463879e-16
5098.279508829115	   8.0161075e-16
5100.56733894348	   8.1242885e-16
5102.855169057844	   8.5035146e-16
5105.142999172209	     8.49497e-16
5107.4308292865735	   8.2846276e-16
5109.718659400938	    8.253336e-16
5112.006489515303	   8.2759846e-16
5114.294319629667	    8.163373e-16
5116.582149744032	    8.066359e-16
5118.869979858397	   8.1382454e-16
5121.157809972761	   8.2543737e-16
5123.445640087126	   8.2850114e-16
5125.7334702014905	     8.21141e-16
5128.021300315855	   8.0733564e-16
5130.30913043022	    8.101525e-16
5132.596960544584	    8.391933e-16
5134.884790658949	    8.625222e-16
5137.172620773314	   8.6004914e-16
5139.460450887678	    8.417165e-16
5141.748281002043	     8.21242e-16
5144.0361111164075	    8.199875e-16
5146.323941230772	   8.3906766e-16
5148.611771345137	    8.441053e-16
5150.899601459501	    8.371901e-16
5153.187431573866	    8.692209e-16
5155.475261688231	    9.255741e-16
5157.763091802595	    9.274316e-16
5160.05092191696	   8.7935456e-16
5162.3387520313245	   8.4979915e-16
5164.626582145689	    8.511846e-16
5166.914412260054	   8.6245387e-16
5169.202242374418	   8.7035817e-16
5171.490072488783	    8.640425e-16
5173.777902603148	    8.506036e-16
5176.065732717512	    8.448028e-16
5178.353562831877	   8.5336865e-16
5180.6413929462415	    8.780965e-16
5182.929223060606	    9.033205e-16
5185.217053174971	    9.104348e-16
5187.504883289335	    8.919138e-16
 5189.7927134037	     8.48169e-16
5192.080543518065	   8.1015456e-16
5194.368373632429	    8.046199e-16
5196.656203746794	   8.0608515e-16
5198.9440338611585	   7.9300855e-16
5201.231863975523	    7.895117e-16
5203.519694089888	    8.116209e-16
5205.807524204252	    8.426386e-16
5208.095354318617	   8.6592056e-16
5210.383184432982	    8.677886e-16
5212.671014547346	   8.4707133e-16
5214.958844661711	   8.2816815e-16
5217.246674776075	     8.24323e-16
5219.53450489044	   8.2875943e-16
5221.822335004805	     8.34278e-16
5224.110165119169	    8.296684e-16
5226.397995233534	    8.246542e-16
5228.685825347899	    8.576141e-16
5230.973655462263	    9.044626e-16
5233.261485576628	    8.832786e-16
5235.549315690992	   8.1900357e-16
5237.837145805357	   8.1260836e-16
5240.124975919722	    8.519271e-16
5242.412806034086	    8.613648e-16
5244.700636148451	   8.5000714e-16
5246.988466262816	   8.6222575e-16
5249.27629637718	   8.8174854e-16
5251.564126491545	    8.738977e-16
5253.851956605909	     8.53617e-16
5256.139786720274	   8.4746467e-16
5258.427616834639	    8.264129e-16
5260.715446949003	    7.606758e-16
5263.003277063368	    7.213896e-16
5265.291107177733	    7.727875e-16
5267.578937292097	   8.4213863e-16
5269.866767406462	   8.5573785e-16
5272.154597520826	   8.1894613e-16
5274.442427635191	    7.558055e-16
5276.730257749556	    7.302412e-16
5279.01808786392	    7.734474e-16
5281.305917978285	    8.103316e-16
5283.59374809265	   7.9246677e-16
5285.881578207014	   7.4565793e-16
5288.169408321379	    6.955863e-16
5290.457238435743	    6.656282e-16
5292.745068550108	    6.644263e-16
5295.032898664473	   6.7489743e-16
5297.320728778837	    6.849477e-16
5299.608558893202	    6.893301e-16
5301.8963890075665	    6.874579e-16
5304.184219121931	    6.865851e-16
5306.472049236296	   6.8076917e-16
5308.75987935066	   6.5082687e-16
5311.047709465025	   6.2272084e-16
5313.33553957939	    6.515107e-16
5315.623369693754	    7.039096e-16
5317.911199808119	   7.0205823e-16
5320.1990299224835	    6.703789e-16
5322.486860036848	   6.7358474e-16
5324.774690151213	   6.8258494e-16
5327.062520265577	    6.447893e-16
5329.350350379942	    6.078082e-16
5331.638180494307	   6.3360214e-16
5333.926010608671	   6.8283905e-16
5336.213840723036	   7.0367315e-16
5338.5016708374005	   7.0639043e-16
5340.789500951765	   7.0824517e-16
5343.07733106613	   7.1576095e-16
5345.365161180494	    7.299248e-16
5347.652991294859	   7.2530505e-16
5349.940821409224	   6.8959975e-16
5352.228651523588	   6.5919434e-16
5354.516481637953	   6.5942224e-16
5356.8043117523175	    6.828001e-16
5359.092141866682	    7.127829e-16
5361.379971981047	   7.1443396e-16
5363.667802095411	    6.823884e-16
5365.955632209776	   6.6386096e-16
5368.243462324141	    6.767758e-16
5370.531292438505	    6.984648e-16
5372.81912255287	    7.142911e-16
5375.1069526672345	   7.1683064e-16
5377.394782781599	    7.076993e-16
5379.682612895964	      6.9754e-16
5381.970443010328	   6.9507614e-16
5384.258273124693	    7.079765e-16
5386.546103239058	   7.2439036e-16
5388.833933353422	   7.2054594e-16
5391.121763467787	   7.0694556e-16
5393.4095935821515	     7.09607e-16
5395.697423696516	   7.1603374e-16
5397.985253810881	    7.019903e-16
5400.273083925245	    6.775581e-16
5402.56091403961	   6.6157355e-16
5404.848744153975	    6.617869e-16
5407.136574268339	   6.8064847e-16
5409.424404382704	    7.023235e-16
5411.7122344970685	     7.10342e-16
5414.000064611433	   7.0906457e-16
5416.287894725798	   7.0553726e-16
5418.575724840162	   7.0244723e-16
5420.863554954527	    7.015487e-16
5423.151385068892	   7.0260854e-16
5425.439215183256	    7.026127e-16
5427.727045297621	    6.883645e-16
5430.0148754119855	    6.609199e-16
5432.30270552635	   6.5812766e-16
5434.590535640715	    6.890293e-16
5436.878365755079	    7.053891e-16
5439.166195869444	   6.9028384e-16
5441.454025983809	     6.76609e-16
5443.741856098173	    6.741202e-16
5446.029686212538	    6.647376e-16
5448.3175163269025	     6.47497e-16
5450.605346441267	    6.363768e-16
5452.893176555632	   6.3596213e-16
5455.181006669996	    6.433416e-16
5457.468836784361	    6.567594e-16
5459.756666898726	   6.7588946e-16
5462.04449701309	   6.8385554e-16
5464.332327127455	   6.5661925e-16
5466.6201572418195	    6.180994e-16
5468.907987356184	   6.1050297e-16
5471.195817470549	    6.252594e-16
5473.483647584913	     6.37032e-16
5475.771477699278	   6.4505106e-16
5478.059307813643	   6.5362806e-16
5480.347137928007	    6.494691e-16
5482.634968042372	   6.2235534e-16
5484.9227981567365	   6.0814525e-16
5487.210628271101	   6.3582226e-16
5489.498458385466	   6.5707856e-16
5491.78628849983	     6.32529e-16
5494.074118614195	   5.9802067e-16
5496.36194872856	   5.8501553e-16
5498.649778842924	    5.910231e-16
5500.937608957289	   6.0682563e-16
5503.225439071653	   6.0721224e-16
5505.513269186018	   5.8487816e-16
5507.801099300382	    5.740289e-16
5510.088929414746	   5.8976675e-16
5512.376759529111	    6.138809e-16
5514.664589643476	   6.3184137e-16
5516.95241975784	   6.3290715e-16
5519.240249872205	   6.1998063e-16
5521.5280799865695	   6.1264014e-16
5523.815910100934	    6.165999e-16
5526.103740215299	    6.247146e-16
5528.391570329663	   6.3184587e-16
5530.679400444028	   6.3427564e-16
5532.967230558393	   6.2777863e-16
5535.255060672757	    6.084127e-16
5537.542890787122	   5.8815946e-16
5539.8307209014865	    5.859056e-16
5542.118551015851	   5.9414025e-16
5544.406381130216	     5.95852e-16
5546.69421124458	    5.971859e-16
5548.982041358945	   6.0952094e-16
5551.26987147331	   6.2583696e-16
5553.557701587674	    6.363898e-16
5555.845531702039	   6.4595495e-16
5558.1333618164035	    6.596379e-16
5560.421191930768	    6.678649e-16
5562.709022045133	      6.6282e-16
5564.996852159497	    6.521426e-16
5567.284682273862	   6.4344995e-16
5569.572512388227	    6.400751e-16
5571.860342502591	   6.3989025e-16
5574.148172616956	    6.208572e-16
5576.4360027313205	    5.814042e-16
5578.723832845685	   5.7381527e-16
5581.01166296005	   6.1281844e-16
5583.299493074414	    6.389037e-16
5585.587323188779	   6.2643645e-16
5587.875153303144	    6.008864e-16
5590.162983417508	   5.8624225e-16
5592.450813531873	    6.086996e-16
5594.7386436462375	    6.565607e-16
5597.026473760602	    6.770868e-16
5599.314303874967	   6.6291297e-16
5601.602133989331	    6.450559e-16
5603.889964103696	   6.2917724e-16
5606.177794218061	    6.038236e-16
5608.465624332425	   5.9185405e-16
5610.75345444679	    6.325366e-16
5613.0412845611545	    6.808977e-16
5615.329114675519	    6.599641e-16
5617.616944789884	   6.2062443e-16
5619.904774904248	    6.494131e-16
5622.192605018613	   6.9555513e-16
5624.480435132978	    6.827614e-16
5626.768265247342	     6.48349e-16
5629.056095361707	   6.4442457e-16
5631.3439254760715	   6.5517586e-16
5633.631755590436	    6.601132e-16
5635.919585704801	    6.771917e-16
5638.207415819165	    7.153747e-16
5640.49524593353	    7.290304e-16
5642.783076047895	   6.9258147e-16
5645.070906162259	    6.598797e-16
5647.358736276624	    6.660305e-16
5649.6465663909885	   6.8229526e-16
5651.934396505353	   6.8996233e-16
5654.222226619718	    6.981272e-16
5656.510056734082	    7.050614e-16
5658.797886848447	    6.904443e-16
5661.085716962812	    6.574409e-16
5663.373547077176	   6.3986775e-16
5665.661377191541	   6.5156824e-16
5667.9492073059055	    6.864624e-16
5670.23703742027	   7.1944146e-16
5672.524867534635	   7.0642426e-16
5674.812697648999	       6.577e-16
5677.100527763364	    6.240812e-16
5679.388357877729	   6.1894905e-16
5681.676187992093	   6.3350166e-16
5683.964018106458	    6.539302e-16
5686.2518482208225	   6.6250687e-16
5688.539678335187	    6.624312e-16
5690.827508449552	   6.6588394e-16
5693.115338563916	    6.633555e-16
5695.403168678281	     6.41769e-16
5697.690998792646	    6.288217e-16
5699.97882890701	   6.5400155e-16
5702.266659021375	    6.795247e-16
5704.5544891357395	   6.6576176e-16
5706.842319250104	   6.4122877e-16
5709.130149364469	    6.367464e-16
5711.417979478833	   6.5033686e-16
5713.705809593198	   6.7216294e-16
5715.993639707563	    6.693935e-16
5718.281469821927	   6.3054234e-16
5720.569299936292	   6.1839996e-16
5722.857130050656	   6.6027124e-16
5725.144960165021	   6.8722404e-16
5727.432790279386	   6.6838973e-16
5729.72062039375	   6.5329047e-16
5732.008450508115	   6.5863164e-16
5734.29628062248	   6.4828106e-16
5736.584110736844	    6.197083e-16
5738.871940851209	   6.1109033e-16
5741.159770965573	    6.269926e-16
5743.447601079938	   6.3994626e-16
5745.735431194303	    6.383763e-16
5748.023261308667	   6.2158856e-16
5750.311091423032	    6.029106e-16
5752.598921537397	    6.066461e-16
5754.886751651761	    6.216503e-16
5757.174581766126	   6.1737447e-16
5759.46241188049	    6.057528e-16
5761.750241994855	      6.1564e-16
5764.03807210922	   6.3074843e-16
5766.325902223583	   6.2206883e-16
5768.613732337948	   6.1198236e-16
5770.901562452313	    6.309624e-16
5773.189392566677	   6.4409084e-16
5775.477222681042	    6.131747e-16
5777.7650527954065	   5.7513664e-16
5780.052882909771	   5.6927713e-16
5782.340713024136	    5.776583e-16
 5784.6285431385	   5.8094157e-16
5786.916373252865	    5.877034e-16
5789.20420336723	    6.016765e-16
5791.492033481594	   6.0281286e-16
5793.779863595959	    5.846462e-16
5796.0676937103235	    5.815139e-16
5798.355523824688	    6.053045e-16
5800.643353939053	   6.1306794e-16
5802.931184053417	   5.9366443e-16
5805.219014167782	    5.964244e-16
5807.506844282147	   6.2681306e-16
5809.794674396511	    6.264032e-16
5812.082504510876	     5.89897e-16
5814.3703346252405	    5.728751e-16
5816.658164739605	   5.8260636e-16
5818.94599485397	   5.8197866e-16
5821.233824968334	    5.750329e-16
5823.521655082699	    5.954435e-16
5825.809485197064	    6.261928e-16
5828.097315311428	    6.213597e-16
5830.385145425793	   5.9680443e-16
5832.6729755401575	    5.967884e-16
5834.960805654522	   6.0873706e-16
5837.248635768887	     6.00463e-16
5839.536465883251	    5.840434e-16
5841.824295997616	    5.821765e-16
5844.112126111981	   5.8234955e-16
5846.399956226345	   5.6762574e-16
5848.68778634071	    5.533773e-16
5850.9756164550745	   5.5649943e-16
5853.263446569439	    5.691237e-16
5855.551276683804	   5.8040053e-16
5857.839106798168	   5.8285735e-16
5860.126936912533	    5.729988e-16
5862.414767026898	   5.6150703e-16
5864.702597141262	   5.5619926e-16
5866.990427255627	   5.5132755e-16
5869.2782573699915	    5.427257e-16
5871.566087484356	    5.305707e-16
5873.853917598721	   5.1832937e-16
5876.141747713085	    5.160758e-16
5878.42957782745	   5.2740967e-16
5880.717407941815	   5.4566074e-16
5883.005238056179	   5.6467727e-16
5885.293068170544	    5.795966e-16
5887.5808982849085	   5.8678324e-16
5889.868728399273	   5.8407093e-16
5892.156558513638	    5.750986e-16
5894.444388628002	    5.692043e-16
5896.732218742367	   5.6298924e-16
5899.020048856732	    5.434376e-16
5901.307878971096	    5.243827e-16
5903.595709085461	   5.3385384e-16
5905.8835391998255	    5.529194e-16
5908.17136931419	      5.4382e-16
5910.459199428555	    5.290979e-16
5912.747029542919	    5.484336e-16
5915.034859657284	   5.8032747e-16
5917.322689771649	   5.9041426e-16
5919.610519886013	    5.930262e-16
5921.898350000378	   6.0806224e-16
5924.1861801147425	   6.1173953e-16
5926.474010229107	   5.8413557e-16
5928.761840343472	   5.6536146e-16
5931.049670457836	   5.8666614e-16
5933.337500572201	    6.083152e-16
5935.625330686566	   6.0066373e-16
5937.91316080093	    5.923633e-16
5940.200990915295	   6.0159583e-16
5942.488821029659	    6.114759e-16
5944.776651144024	   6.0824827e-16
5947.064481258389	   5.8275104e-16
5949.352311372753	    5.436729e-16
5951.640141487118	   5.3290024e-16
5953.927971601483	    5.601849e-16
5956.215801715847	   5.8874274e-16
5958.503631830212	    5.993689e-16
5960.791461944576	   5.9261363e-16
5963.079292058941	   5.7578483e-16
5965.367122173306	   5.6428896e-16
5967.65495228767	    5.635516e-16
5969.942782402035	     5.69657e-16
 5972.2306125164	    5.811445e-16
5974.518442630764	    5.991688e-16
5976.806272745129	    6.021572e-16
5979.094102859493	    5.589998e-16
5981.381932973858	   5.1115257e-16
5983.669763088223	    5.239686e-16
5985.957593202587	    5.596241e-16
5988.245423316952	    5.537141e-16
5990.533253431317	    5.264069e-16
5992.821083545681	   5.1437436e-16
5995.108913660046	    5.137606e-16
5997.39674377441	   5.1514193e-16
5999.684573888775	     5.19969e-16
6001.97240400314	     5.28389e-16
6004.260234117504	   5.3200265e-16
6006.548064231869	   5.2492336e-16
6008.8358943462335	    5.115405e-16
6011.123724460598	    4.979565e-16
6013.411554574963	    4.935304e-16
6015.699384689327	    4.996149e-16
6017.987214803692	   4.9521575e-16
6020.275044918057	   4.7593437e-16
6022.562875032421	     4.73886e-16
6024.850705146786	   4.9564064e-16
6027.1385352611505	     5.05274e-16
6029.426365375515	    4.938981e-16
6031.71419548988	   4.8823434e-16
6034.002025604244	    4.922093e-16
6036.289855718609	    4.862581e-16
6038.577685832974	   4.7294926e-16
6040.865515947338	   4.7285953e-16
6043.153346061703	   4.8182686e-16
6045.4411761760675	    4.788323e-16
6047.729006290432	    4.707806e-16
6050.016836404797	      4.7955e-16
6052.304666519161	    4.903357e-16
6054.592496633526	    4.742165e-16
6056.880326747891	   4.4934203e-16
6059.168156862255	    4.474646e-16
6061.45598697662	    4.594296e-16
6063.7438170909845	   4.6608745e-16
6066.031647205349	   4.5921796e-16
6068.319477319714	   4.3617522e-16
6070.607307434078	   4.1934235e-16
6072.895137548443	   4.2923156e-16
6075.182967662808	    4.530213e-16
6077.470797777172	   4.7346527e-16
6079.758627891537	    4.744279e-16
6082.0464580059015	   4.4982267e-16
6084.334288120266	   4.2646198e-16
6086.622118234631	     4.23863e-16
6088.909948348995	   4.3499647e-16
6091.19777846336	   4.4888257e-16
6093.485608577725	   4.4623755e-16
6095.773438692089	   4.2632598e-16
6098.061268806454	   4.2577104e-16
6100.3490989208185	   4.4912106e-16
6102.636929035183	   4.5280867e-16
6104.924759149548	     4.27143e-16
6107.212589263912	   4.0075887e-16
6109.500419378277	   3.8820645e-16
6111.788249492642	   3.9243042e-16
6114.076079607006	   4.0739016e-16
6116.363909721371	   4.1877182e-16
6118.6517398357355	   4.2169617e-16
 6120.9395699501	   4.1793453e-16
6123.227400064465	   4.0919336e-16
6125.515230178829	    3.979291e-16
6127.803060293194	   3.8851707e-16
6130.090890407559	    3.853802e-16
6132.378720521923	    3.898694e-16
6134.666550636288	   4.0092875e-16
6136.9543807506525	    4.152782e-16
6139.242210865017	   4.2846788e-16
6141.530040979382	   4.2092897e-16
6143.817871093746	    3.794769e-16
6146.105701208111	   3.4854903e-16
6148.393531322476	   3.6633466e-16
6150.68136143684	   3.9599775e-16
6152.969191551205	   4.0346244e-16
6155.2570216655695	   4.0357367e-16
6157.544851779934	   4.0722742e-16
6159.832681894299	   4.0195056e-16
6162.120512008663	   3.8306557e-16
6164.408342123028	   3.6434492e-16
6166.696172237393	    3.544783e-16
6168.984002351757	   3.5154628e-16
6171.271832466122	   3.5246796e-16
6173.5596625804865	   3.5184764e-16
6175.847492694851	   3.4942378e-16
6178.135322809216	   3.5287067e-16
6180.42315292358	   3.6122477e-16
6182.710983037945	   3.6420185e-16
6184.99881315231	    3.610024e-16
6187.286643266674	   3.5887277e-16
6189.574473381039	   3.5778677e-16
6191.8623034954035	   3.5315387e-16
6194.150133609768	    3.461861e-16
6196.437963724133	   3.4075995e-16
6198.725793838497	   3.3995956e-16
6201.013623952862	     3.46487e-16
6203.301454067227	   3.5302462e-16
6205.589284181591	   3.4930548e-16
6207.877114295956	    3.480254e-16
6210.1649444103205	   3.6521022e-16
6212.452774524685	   3.8037126e-16
6214.74060463905	    3.703009e-16
6217.028434753414	    3.461475e-16
6219.316264867779	   3.2516523e-16
6221.604094982144	   3.2741164e-16
6223.891925096508	   3.6219176e-16
6226.179755210873	    3.905819e-16
6228.467585325237	    3.839598e-16
6230.755415439602	   3.6867432e-16
6233.043245553967	   3.6497223e-16
6235.331075668331	   3.6367005e-16
6237.618905782696	    3.606623e-16
6239.906735897061	   3.6524262e-16
6242.194566011425	   3.7691717e-16
6244.48239612579	   3.7689949e-16
6246.770226240154	   3.6493695e-16
6249.058056354519	   3.6875865e-16
6251.345886468884	    3.923623e-16
6253.633716583248	    4.123227e-16
6255.921546697613	   4.1873444e-16
6258.209376811978	   4.1276252e-16
6260.497206926342	   4.0465556e-16
6262.785037040707	   4.1342564e-16
6265.072867155071	   4.3010816e-16
6267.360697269436	   4.2815993e-16
6269.648527383801	    4.140219e-16
6271.936357498165	   4.0949075e-16
6274.22418761253	   4.1786536e-16
6276.512017726895	    4.349101e-16
6278.799847841259	    4.464729e-16
6281.087677955624	   4.3720797e-16
6283.375508069988	    4.165958e-16
6285.663338184353	   4.0060278e-16
6287.951168298718	   3.9585119e-16
6290.238998413082	   4.0573016e-16
6292.526828527447	   4.3259076e-16
6294.814658641812	    4.729642e-16
6297.102488756176	    5.014759e-16
6299.390318870541	   4.9980365e-16
6301.678148984905	   4.8403735e-16
6303.96597909927	   4.7135806e-16
6306.253809213635	    4.713525e-16
6308.541639327999	    4.855405e-16
6310.829469442364	    4.944849e-16
6313.1172995567285	    4.900142e-16
6315.405129671093	   4.9034065e-16
6317.692959785458	   5.0186453e-16
6319.980789899822	    5.114856e-16
6322.268620014187	    5.133617e-16
6324.556450128552	    5.104086e-16
6326.844280242916	    5.064433e-16
6329.132110357281	   5.0612966e-16
6331.4199404716455	    5.135865e-16
6333.70777058601	    5.330007e-16
6335.995600700375	    5.525271e-16
6338.283430814739	    5.493226e-16
6340.571260929104	   5.3008264e-16
6342.859091043469	   5.1781427e-16
6345.146921157833	    5.173063e-16
6347.434751272198	    5.251387e-16
6349.7225813865625	     5.31603e-16
6352.010411500927	    5.256364e-16
6354.298241615292	    5.138092e-16
6356.586071729656	   5.0742626e-16
6358.873901844021	    5.194235e-16
6361.161731958386	   5.5721115e-16
6363.44956207275	    5.876985e-16
6365.737392187115	    5.792423e-16
6368.0252223014795	    5.462995e-16
6370.313052415844	      5.1067e-16
6372.600882530209	   4.9459816e-16
6374.888712644573	   5.0957497e-16
6377.176542758938	   5.2741904e-16
6379.464372873303	     5.28877e-16
6381.752202987667	   5.3322656e-16
6384.040033102032	    5.480866e-16
6386.3278632163965	   5.4978415e-16
6388.615693330761	    5.332634e-16
6390.903523445126	    5.292586e-16
6393.19135355949	    5.422682e-16
6395.479183673855	    5.364937e-16
6397.76701378822	    5.081366e-16
6400.054843902584	    4.911195e-16
6402.342674016949	     4.94617e-16
6404.6305041313135	   5.0470665e-16
6406.918334245678	    5.155618e-16
6409.206164360043	    5.273921e-16
6411.493994474407	   5.3046365e-16
6413.781824588772	   5.1022083e-16
6416.069654703137	   4.8094165e-16
6418.357484817501	    4.700456e-16
6420.645314931866	   4.8324055e-16
6422.9331450462305	    5.160099e-16
6425.220975160595	    5.435134e-16
6427.50880527496	    5.373576e-16
6429.796635389324	    5.169721e-16
6432.084465503689	     5.11743e-16
6434.372295618054	   5.1207435e-16
6436.660125732418	    5.041611e-16
6438.947955846783	    5.026575e-16
6441.2357859611475	    5.191209e-16
6443.523616075512	    5.302283e-16
6445.811446189877	     5.18324e-16
6448.099276304241	   5.0401907e-16
6450.387106418606	    5.026333e-16
6452.674936532971	   5.0060166e-16
6454.962766647335	    4.917226e-16
 6457.2505967617	   4.9386383e-16
6459.5384268760645	   5.0960514e-16
6461.826256990429	   5.0787386e-16
6464.114087104794	      4.8302e-16
6466.401917219158	      4.7349e-16
6468.689747333523	    4.872046e-16
6470.977577447888	   4.9025653e-16
6473.265407562252	    4.770878e-16
6475.553237676617	    4.720465e-16
6477.8410677909815	   4.7812183e-16
6480.128897905346	   4.8105103e-16
6482.416728019711	    4.786992e-16
6484.704558134075	     4.76522e-16
6486.99238824844	   4.7458705e-16
6489.280218362805	    4.707426e-16
6491.568048477169	    4.643101e-16
6493.855878591534	   4.5538265e-16
6496.1437087058985	    4.483674e-16
6498.431538820263	    4.482817e-16
6500.719368934628	   4.5848353e-16
6503.007199048992	   4.8008065e-16
6505.295029163357	    4.896231e-16
6507.582859277722	   4.6504295e-16
6509.870689392086	   4.4346595e-16
6512.158519506451	     4.60818e-16
6514.446349620815	   4.7781584e-16
6516.73417973518	    4.595397e-16
6519.022009849545	   4.3627713e-16
6521.309839963909	   4.3530026e-16
6523.597670078274	   4.5396096e-16
6525.885500192639	    4.825985e-16
6528.173330307003	    4.974559e-16
6530.461160421368	   4.8483695e-16
6532.748990535732	    4.555889e-16
6535.036820650097	    4.240332e-16
6537.324650764462	   4.0866994e-16
6539.612480878826	   4.1463234e-16
6541.900310993191	    4.251012e-16
6544.188141107556	   4.3349902e-16
6546.47597122192	    4.474833e-16
6548.763801336284	   4.6206383e-16
6551.0516314506485	   4.5992904e-16
6553.339461565013	    4.472896e-16
6555.627291679378	   4.4893254e-16
6557.915121793742	   4.6035113e-16
6560.202951908107	   4.5911515e-16
6562.490782022472	    4.456412e-16
6564.778612136836	   4.3110136e-16
6567.066442251201	    4.239408e-16
6569.3542723655655	   4.3125174e-16
6571.64210247993	   4.3962707e-16
6573.929932594295	   4.3068984e-16
6576.217762708659	   4.1698042e-16
6578.505592823024	   4.1683018e-16
6580.793422937389	   4.2754584e-16
6583.081253051753	   4.4170862e-16
6585.369083166118	    4.483159e-16
6587.6569132804825	   4.3986712e-16
6589.944743394847	   4.3214594e-16
6592.232573509212	   4.3774546e-16
6594.520403623576	   4.4253898e-16
6596.808233737941	   4.3670692e-16
6599.096063852306	    4.312121e-16
6601.38389396667	   4.3351395e-16
6603.671724081035	   4.4008372e-16
6605.9595541953995	    4.475876e-16
6608.247384309764	    4.539293e-16
6610.535214424129	    4.565129e-16
6612.823044538493	    4.524119e-16
6615.110874652858	   4.4237736e-16
6617.398704767223	   4.3083865e-16
6619.686534881587	   4.2490203e-16
6621.974364995952	     4.35454e-16
6624.2621951103165	      4.5415e-16
6626.550025224681	    4.560094e-16
6628.837855339046	   4.3804923e-16
6631.12568545341	   4.1218444e-16
6633.413515567775	   3.9440183e-16
6635.70134568214	    4.032106e-16
6637.989175796504	   4.2283027e-16
6640.277005910869	   4.2205937e-16
6642.5648360252335	   4.0716527e-16
6644.852666139598	   3.9775375e-16
6647.140496253963	   3.9618365e-16
6649.428326368327	   3.9989638e-16
6651.716156482692	   4.0693265e-16
6654.003986597057	    4.145267e-16
6656.291816711421	   4.1723737e-16
6658.579646825786	   4.1134273e-16
6660.8674769401505	    4.037394e-16
6663.155307054515	    4.013417e-16
6665.44313716888	   4.0290835e-16
6667.730967283244	   4.0649905e-16
6670.018797397609	   4.1227653e-16
6672.306627511974	   4.1848954e-16
6674.594457626338	    4.175077e-16
6676.882287740703	   4.0771534e-16
6679.1701178550675	   4.0140134e-16
6681.457947969432	   4.0494313e-16
6683.745778083797	   4.1358025e-16
6686.033608198161	    4.207224e-16
6688.321438312526	   4.1753346e-16
6690.609268426891	   4.0159444e-16
6692.897098541255	   3.7690743e-16
6695.18492865562	    3.582842e-16
6697.4727587699845	   3.7248435e-16
6699.760588884349	   4.0830842e-16
6702.048418998714	   4.2311988e-16
6704.336249113078	      4.1773e-16
6706.624079227443	   4.2121408e-16
6708.911909341808	   4.2784576e-16
6711.199739456172	   4.1580074e-16
6713.487569570537	   3.9332195e-16
6715.7753996849015	    3.796157e-16
6718.063229799266	   3.7462404e-16
6720.351059913631	   3.7234674e-16
6722.638890027995	   3.6863403e-16
6724.92672014236	   3.6053717e-16
6727.214550256725	    3.587426e-16
6729.502380371089	    3.733886e-16
6731.790210485454	   3.9406675e-16
6734.078040599818	    4.082166e-16
6736.365870714183	   4.0607228e-16
6738.653700828548	   3.8633803e-16
6740.941530942912	   3.8210845e-16
6743.229361057277	    4.119896e-16
6745.517191171642	   4.3652417e-16
6747.805021286006	   4.3135981e-16
6750.092851400371	    4.220099e-16
6752.380681514735	   4.2192127e-16
 6754.6685116291	   4.1517685e-16
6756.956341743465	    3.987948e-16
6759.244171857829	    3.912053e-16
6761.532001972194	   3.9627727e-16
6763.819832086559	    3.983284e-16
6766.107662200923	   3.9315249e-16
6768.395492315288	   3.8918197e-16
6770.683322429652	    3.868804e-16
6772.971152544017	   3.8000648e-16
6775.258982658382	   3.7088928e-16
6777.546812772746	   3.6796625e-16
6779.834642887111	    3.680139e-16
6782.122473001476	   3.6100052e-16
6784.41030311584	   3.5360968e-16
6786.698133230205	   3.5956093e-16
6788.985963344569	   3.7079182e-16
6791.273793458934	     3.72225e-16
6793.561623573299	   3.6794052e-16
6795.849453687663	   3.6692154e-16
6798.137283802028	   3.7045076e-16
6800.425113916393	     3.77653e-16
6802.712944030757	    3.797572e-16
6805.000774145122	    3.698052e-16
6807.2886042594855	    3.688732e-16
6809.57643437385	   3.9057886e-16
6811.864264488215	    3.907537e-16
6814.152094602579	    3.420404e-16
6816.439924716944	    2.963507e-16
6818.727754831309	   2.9310776e-16
6821.015584945673	   3.2227896e-16
6823.303415060038	   3.6363177e-16
6825.5912451744025	   3.7693646e-16
6827.879075288767	   3.5045414e-16
6830.166905403132	   3.3051654e-16
6832.454735517496	   3.3783314e-16
6834.742565631861	    3.520338e-16
6837.030395746226	   3.6085385e-16
6839.31822586059	   3.5987952e-16
6841.606055974955	    3.518321e-16
6843.8938860893195	   3.4857886e-16
6846.181716203684	   3.5141846e-16
6848.469546318049	   3.5289526e-16
6850.757376432413	   3.5249898e-16
6853.045206546778	    3.533309e-16
6855.333036661143	   3.5897815e-16
6857.620866775507	   3.7344134e-16
6859.908696889872	   3.8669317e-16
6862.1965270042365	   3.8382385e-16
6864.484357118601	   3.7197272e-16
6866.772187232966	   3.6490206e-16
6869.06001734733	   3.6502774e-16
6871.347847461695	   3.7065582e-16
6873.63567757606	   3.6924633e-16
6875.923507690424	    3.494513e-16
6878.211337804789	     3.20242e-16
6880.4991679191535	   2.9466945e-16
6882.786998033518	   2.9035704e-16
6885.074828147883	   3.1522045e-16
6887.362658262247	   3.3438171e-16
6889.650488376612	    3.254023e-16
6891.938318490977	    3.236515e-16
6894.226148605341	   3.4814097e-16
6896.513978719706	    3.650088e-16
6898.8018088340705	   3.5729946e-16
6901.089638948435	    3.470927e-16
 6903.3774690628	   3.4358526e-16
6905.665299177164	    3.331535e-16
6907.953129291529	   3.1437263e-16
6910.240959405894	   3.0053634e-16
6912.528789520258	   2.9950765e-16
6914.816619634623	    3.156628e-16
6917.1044497489875	    3.354301e-16
6919.392279863352	   3.2713773e-16
6921.680109977717	   3.0209732e-16
6923.967940092081	    3.033929e-16
6926.255770206446	    3.257862e-16
6928.543600320811	   3.3659933e-16
6930.831430435175	   3.3205822e-16
6933.11926054954	   3.2154154e-16
6935.4070906639045	    3.115614e-16
6937.694920778269	   3.0756214e-16
6939.982750892634	   3.1586494e-16
6942.270581006998	   3.4028545e-16
6944.558411121363	   3.5303682e-16
6946.846241235728	   3.2633127e-16
6949.134071350092	    2.957334e-16
6951.421901464457	   2.9948809e-16
6953.709731578821	   3.1279275e-16
6955.997561693186	   3.1025152e-16
6958.285391807551	    3.109628e-16
6960.573221921915	    3.277662e-16
6962.86105203628	    3.350861e-16
6965.148882150645	   3.1820786e-16
6967.436712265009	   3.0037819e-16
6969.724542379374	    2.963965e-16
6972.012372493738	   2.9533355e-16
6974.300202608103	     2.94434e-16
6976.588032722468	   3.0886612e-16
6978.875862836832	   3.3666013e-16
6981.163692951197	   3.4966402e-16
6983.451523065562	    3.415808e-16
6985.739353179926	   3.3331178e-16
6988.027183294291	   3.3333992e-16
6990.315013408655	   3.3856516e-16
6992.60284352302	    3.440942e-16
6994.890673637385	   3.4282467e-16
6997.178503751749	    3.346404e-16
6999.466333866114	   3.2350708e-16
7001.754163980479	   3.2013271e-16
7004.041994094843	   3.3845578e-16
7006.329824209208	   3.5919464e-16
7008.617654323572	   3.5085762e-16
7010.905484437937	   3.2373443e-16
7013.193314552302	     3.01934e-16
7015.481144666666	   2.9432584e-16
7017.768974781031	   3.0397755e-16
7020.0568048953955	    3.214584e-16
7022.34463500976	    3.346763e-16
7024.632465124125	   3.3945743e-16
7026.920295238489	    3.350495e-16
7029.208125352854	   3.2933604e-16
7031.495955467219	   3.2923744e-16
7033.783785581583	   3.3223629e-16
7036.071615695948	   3.3368813e-16
7038.3594458103125	   3.2420165e-16
7040.647275924677	   3.0130074e-16
7042.935106039042	   2.7969306e-16
7045.222936153406	   2.7217053e-16
7047.510766267771	    2.876911e-16
7049.798596382136	    3.195128e-16
 7052.0864264965	    3.343231e-16
7054.374256610865	   3.1949977e-16
7056.6620867252295	     2.91517e-16
7058.949916839594	   2.6642948e-16
7061.237746953959	   2.6077344e-16
7063.525577068323	   2.7247988e-16
7065.813407182688	   2.8110326e-16
7068.101237297053	    2.818555e-16
7070.389067411417	   2.8092282e-16
7072.676897525782	   2.8511155e-16
7074.9647276401465	   3.0261112e-16
7077.252557754511	   3.2222356e-16
7079.540387868876	   3.2351891e-16
7081.82821798324	   3.1881833e-16
7084.116048097605	    3.316012e-16
7086.40387821197	   3.4589604e-16
7088.691708326334	   3.3704262e-16
7090.979538440699	   3.2167762e-16
7093.2673685550635	   3.2249056e-16
7095.555198669428	   3.2765564e-16
7097.843028783793	   3.2256065e-16
7100.130858898157	   3.1516982e-16
7102.418689012522	   3.1398553e-16
7104.706519126887	    3.190192e-16
7106.994349241251	   3.2667697e-16
7109.282179355616	   3.1970962e-16
7111.5700094699805	   2.9235506e-16
7113.857839584345	    2.772427e-16
7116.14566969871	   2.9037107e-16
7118.433499813074	   3.0328406e-16
7120.721329927439	    2.996668e-16
7123.009160041804	    2.872646e-16
7125.296990156168	    2.775024e-16
7127.584820270533	   2.9024299e-16
7129.8726503848975	   3.2113759e-16
7132.160480499262	   3.3346766e-16
7134.448310613627	   3.1998117e-16
7136.736140727991	    3.032018e-16
7139.023970842356	   2.9430917e-16
7141.311800956721	   2.9699646e-16
7143.599631071085	   3.0261004e-16
7145.88746118545	   2.9298544e-16
7148.1752912998145	   2.7556886e-16
7150.463121414179	   2.7120777e-16
7152.750951528544	   2.7844691e-16
7155.038781642908	   2.8638684e-16
7157.326611757273	   2.9028595e-16
7159.614441871638	    2.876951e-16
7161.902271986002	    2.785133e-16
7164.190102100367	   2.6461513e-16
7166.4779322147315	   2.5384963e-16
7168.765762329096	   2.5377957e-16
7171.053592443461	   2.5885626e-16
7173.341422557825	   2.6314272e-16
7175.62925267219	   2.7739604e-16
7177.917082786555	    3.070929e-16
7180.204912900919	    3.257309e-16
7182.492743015284	    3.175928e-16
7184.7805731296485	   3.1492754e-16
7187.068403244013	    3.338811e-16
7189.356233358378	   3.3647452e-16
7191.644063472742	   3.0782845e-16
7193.931893587107	    2.880575e-16
7196.219723701472	   2.9141417e-16
7198.507553815836	   2.8381342e-16
7200.795383930201	    2.595483e-16
7203.0832140445655	    2.541338e-16
7205.37104415893	   2.6919107e-16
7207.658874273295	   2.6824583e-16
7209.946704387659	   2.4771325e-16
7212.234534502024	   2.3249138e-16
7214.522364616389	   2.3229227e-16
7216.810194730753	   2.4730506e-16
7219.098024845118	    2.652552e-16
7221.3858549594825	   2.6579073e-16
7223.673685073847	   2.5602868e-16
7225.961515188212	   2.5589085e-16
7228.249345302576	   2.7032397e-16
7230.537175416941	   2.9765249e-16
7232.825005531306	   3.2086865e-16
7235.11283564567	   3.2014767e-16
7237.400665760035	   3.0725435e-16
7239.688495874399	   3.0021243e-16
7241.976325988764	    2.882305e-16
7244.264156103129	   2.6061393e-16
7246.551986217493	    2.449022e-16
7248.839816331858	   2.6202988e-16
7251.127646446223	    2.749648e-16
7253.415476560587	   2.5605465e-16
7255.703306674952	    2.386152e-16
7257.991136789316	    2.460973e-16
7260.278966903681	   2.5906288e-16
7262.566797018046	   2.6293343e-16
7264.85462713241	   2.5794046e-16
7267.142457246775	    2.478638e-16
7269.43028736114	   2.4446798e-16
7271.718117475504	   2.5145129e-16
7274.005947589869	   2.5739314e-16
7276.293777704233	    2.617212e-16
7278.581607818598	   2.7898658e-16
7280.869437932963	   3.0419275e-16
7283.157268047327	   3.1322257e-16
7285.445098161692	   3.0028123e-16
7287.732928276057	   2.7357955e-16
7290.020758390421	    2.486369e-16
7292.308588504786	    2.465698e-16
7294.59641861915	   2.5692667e-16
7296.884248733515	   2.5218032e-16
7299.17207884788	   2.3360433e-16
7301.459908962244	   2.1452233e-16
7303.747739076609	   2.0689559e-16
7306.035569190974	   2.2075141e-16
7308.323399305338	   2.3716708e-16
7310.611229419703	   2.3211959e-16
7312.899059534067	   2.1587926e-16
7315.186889648432	   2.0574032e-16
7317.474719762797	   2.0170135e-16
7319.762549877161	   2.0410748e-16
7322.050379991526	   2.4289607e-16
7324.3382101058905	   3.2982235e-16
7326.626040220255	   3.8762385e-16
7328.91387033462	    3.643066e-16
7331.201700448984	   3.2052804e-16
7333.489530563349	    3.027082e-16
7335.777360677714	   2.9372474e-16
7338.065190792078	   2.8388513e-16
7340.353020906443	   2.8339772e-16
7342.6408510208075	   2.9070817e-16
7344.928681135172	   2.8596502e-16
7347.216511249537	   2.6498004e-16
7349.504341363901	   2.4578805e-16
7351.792171478266	   2.3705525e-16
7354.080001592631	   2.3575743e-16
7356.367831706995	    2.425366e-16
7358.65566182136	   2.6243167e-16
7360.9434919357245	   2.7913296e-16
7363.231322050089	   2.6022305e-16
7365.519152164454	   2.2154922e-16
7367.806982278818	   2.0796139e-16
7370.094812393183	   2.1762382e-16
7372.382642507548	   2.2620677e-16
7374.670472621912	   2.2861946e-16
7376.958302736277	   2.2685612e-16
7379.2461328506415	     2.22422e-16
7381.533962965006	   2.1776799e-16
7383.821793079371	    2.240338e-16
7386.109623193735	   2.5074295e-16
 7388.3974533081	    2.770579e-16
7390.685283422465	   2.8158332e-16
7392.973113536829	   2.8040488e-16
7395.260943651194	   2.9011021e-16
7397.5487737655585	     3.02385e-16
7399.836603879923	   3.0726538e-16
7402.124433994288	   2.9569565e-16
7404.412264108652	   2.6644374e-16
7406.700094223017	    2.416574e-16
7408.987924337382	    2.353547e-16
7411.275754451746	   2.3714373e-16
7413.563584566111	    2.406498e-16
7415.8514146804755	   2.4978774e-16
7418.13924479484	   2.6337105e-16
7420.427074909205	   2.7482005e-16
7422.714905023569	    2.751012e-16
7425.002735137934	   2.5040396e-16
7427.290565252299	    2.094604e-16
7429.578395366663	   1.8440867e-16
7431.866225481028	   1.8369463e-16
7434.1540555953925	    1.960188e-16
7436.441885709757	   2.0920066e-16
7438.729715824122	   2.0941247e-16
7441.017545938486	    2.017835e-16
7443.305376052851	   2.0274035e-16
7445.593206167216	   2.0924501e-16
7447.88103628158	   2.1005087e-16
7450.168866395945	   2.0967986e-16
7452.4566965103095	   2.1723018e-16
7454.744526624674	   2.2430933e-16
7457.032356739039	   2.1949031e-16
7459.320186853403	   2.2120948e-16
7461.608016967768	     2.47797e-16
7463.895847082133	    2.582365e-16
7466.183677196497	   2.1767394e-16
7468.471507310862	   1.8560898e-16
7470.7593374252265	    2.108765e-16
7473.047167539591	   2.4188055e-16
7475.334997653956	   2.3634686e-16
7477.62282776832	   2.1656089e-16
7479.910657882685	   2.0225888e-16
7482.19848799705	   1.9683595e-16
7484.486318111414	   2.0046496e-16
7486.774148225779	     2.03648e-16
7489.0619783401435	   2.0376992e-16
7491.349808454508	   2.1355437e-16
7493.637638568873	   2.3271725e-16
7495.925468683237	    2.418955e-16
7498.213298797602	   2.3691977e-16
7500.501128911967	    2.313015e-16
7502.788959026331	   2.2954924e-16
7505.076789140696	   2.2796402e-16
7507.3646192550605	   2.2688738e-16
7509.652449369425	   2.2931212e-16
7511.94027948379	    2.318622e-16
7514.228109598154	   2.2755495e-16
7516.515939712519	    2.203023e-16
7518.803769826884	   2.1932274e-16
7521.091599941248	    2.233856e-16
7523.379430055613	   2.2654325e-16
7525.667260169977	   2.3573922e-16
7527.955090284342	    2.597285e-16
7530.242920398707	   2.6833464e-16
7532.530750513071	   2.3011434e-16
7534.818580627436	   1.8909685e-16
7537.106410741801	   1.9240818e-16
7539.394240856165	   2.0341187e-16
7541.68207097053	   1.8486372e-16
7543.969901084894	    1.636152e-16
7546.257731199259	   1.6252384e-16
7548.545561313624	   1.6101018e-16
7550.833391427988	   1.4724557e-16
7553.121221542353	   1.4612871e-16
7555.409051656718	   1.6878467e-16
7557.696881771082	   1.9069233e-16
7559.984711885447	   1.9538729e-16
7562.272541999811	    1.810177e-16
7564.560372114176	   1.6095619e-16
7566.848202228541	   1.7562737e-16
7569.136032342905	   2.2633628e-16
7571.42386245727	    2.614699e-16
7573.711692571635	   2.6395312e-16
7575.999522685999	    2.539624e-16
7578.287352800364	   2.3814763e-16
7580.575182914728	    2.130893e-16
7582.863013029093	   1.8945115e-16
7585.150843143458	   1.8567867e-16
7587.438673257822	    1.996983e-16
7589.726503372187	   2.1825718e-16
7592.014333486552	   2.3387046e-16
7594.302163600916	   2.4061834e-16
7596.589993715281	   2.5587754e-16
7598.877823829645	    3.022027e-16
7601.16565394401	    3.360939e-16
7603.453484058375	    3.042125e-16
7605.741314172739	   2.3694505e-16
7608.029144287104	   1.8068891e-16
7610.3169744014685	   1.4475325e-16
7612.604804515833	   1.3027087e-16
7614.892634630198	   1.3267674e-16
7617.180464744562	   1.4347596e-16
7619.468294858927	      1.4453e-16
7621.756124973292	   1.3085314e-16
7624.043955087656	    1.519077e-16
7626.331785202021	   2.2717072e-16
7628.6196153163855	    2.836301e-16
7630.90744543075	   2.7840512e-16
7633.195275545115	   2.4370356e-16
7635.483105659479	   2.0579546e-16
7637.770935773844	   1.7638453e-16
7640.058765888209	   1.6234518e-16
7642.346596002573	   1.6193372e-16
7644.634426116938	   1.6262736e-16
7646.9222562313025	   1.3806928e-16
7649.210086345667	     9.77872e-17
7651.497916460032	    8.698611e-17
7653.785746574396	   1.0656669e-16
7656.073576688761	   1.2381429e-16
7658.361406803126	   1.3018798e-16
7660.64923691749	   1.3021976e-16
7662.937067031855	   1.3488465e-16
7665.2248971462195	   1.5950385e-16
7667.512727260584	   1.8322391e-16
7669.800557374949	   1.7265033e-16
7672.088387489313	   1.5072675e-16
7674.376217603678	   1.5529441e-16
7676.664047718043	   1.6944461e-16
7678.951877832407	   1.6677013e-16
7681.239707946772	   1.6382745e-16
7683.5275380611365	   1.8006856e-16
7685.815368175501	   2.0767198e-16
7688.103198289866	   2.3369014e-16
7690.39102840423	   2.3696906e-16
7692.678858518595	   2.0698742e-16
7694.96668863296	   1.7767018e-16
7697.254518747324	   1.7372595e-16
7699.542348861689	     1.76149e-16
7701.8301789760535	    1.721303e-16
7704.118009090418	   1.7253401e-16
7706.405839204783	   1.7878334e-16
7708.693669319147	   1.7250727e-16
7710.981499433512	   1.5131225e-16
7713.269329547877	   1.3927546e-16
7715.557159662241	   1.4289155e-16
7717.844989776606	   1.4435145e-16
7720.132819890969	   1.4142728e-16
7722.420650005333	   1.4860822e-16
7724.708480119698	    1.624376e-16
7726.996310234063	   1.6481763e-16
7729.284140348427	   1.5540295e-16
7731.571970462792	   1.4634636e-16
7733.859800577156	   1.3892337e-16
7736.147630691521	   1.2867657e-16
7738.435460805886	   1.2457744e-16
7740.72329092025	   1.3937525e-16
7743.011121034615	   1.7035103e-16
7745.2989511489795	   2.0837221e-16
7747.586781263344	   2.3071272e-16
7749.874611377709	   2.1580744e-16
7752.162441492073	   1.8521027e-16
7754.450271606438	    1.682843e-16
7756.738101720803	    1.712983e-16
7759.025931835167	   1.9241587e-16
7761.313761949532	   2.1296735e-16
7763.6015920638965	   2.1564603e-16
7765.889422178261	   2.0257097e-16
7768.177252292626	   1.8073225e-16
7770.46508240699	    1.659464e-16
7772.752912521355	   1.6551582e-16
7775.04074263572	    1.564611e-16
7777.328572750084	   1.3212455e-16
7779.616402864449	    1.281227e-16
7781.9042329788135	   1.5552164e-16
7784.192063093178	   1.7999357e-16
7786.479893207543	   1.8410116e-16
7788.767723321907	   1.7476262e-16
7791.055553436272	   1.6165764e-16
7793.343383550637	   1.5991521e-16
7795.631213665001	   1.6928409e-16
7797.919043779366	   1.7206727e-16
7800.2068738937305	   1.7118971e-16
7802.494704008095	   1.8737359e-16
7804.78253412246	   2.0432368e-16
7807.070364236824	   1.8213884e-16
7809.358194351189	   1.4962235e-16
7811.646024465554	   1.6867008e-16
7813.933854579918	   2.0852526e-16
7816.221684694283	    2.039442e-16
7818.5095148086475	   1.7922885e-16
7820.797344923012	   1.8288676e-16
7823.085175037377	   1.9027011e-16
7825.373005151741	   1.6537265e-16
7827.660835266106	   1.3167187e-16
7829.948665380471	   1.1877191e-16
7832.236495494835	   1.1775486e-16
 7834.5243256092	   1.1700778e-16
7836.8121557235645	   1.2472069e-16
7839.099985837929	   1.4492957e-16
7841.387815952294	   1.5840797e-16
7843.675646066658	   1.5434149e-16
7845.963476181023	   1.5457155e-16
7848.251306295388	   1.7063477e-16
7850.539136409752	   1.8292346e-16
7852.826966524117	    1.807717e-16
7855.1147966384815	   1.7285166e-16
7857.402626752846	   1.6587444e-16
7859.690456867211	   1.6335463e-16
7861.978286981575	   1.6650926e-16
7864.26611709594	   1.7297063e-16
7866.553947210305	   1.7903771e-16
7868.841777324669	   1.7964276e-16
7871.129607439034	   1.7511595e-16
7873.4174375533985	   1.7060174e-16
7875.705267667763	    1.670769e-16
7877.993097782128	   1.6312465e-16
7880.280927896492	   1.5354492e-16
7882.568758010857	   1.3137133e-16
7884.856588125222	  1.03937944e-16
7887.144418239586	   8.5099984e-17
7889.432248353951	   7.8236324e-17
7891.7200784683155	    8.153768e-17
7894.00790858268	   1.0047526e-16
7896.295738697045	   1.3901182e-16
7898.583568811409	   1.6426747e-16
7900.871398925774	   1.4384787e-16
7903.159229040139	  1.09896443e-16
7905.447059154503	    9.960323e-17
7907.734889268868	   1.0337323e-16
7910.0227193832325	   1.0805409e-16
7912.310549497597	   1.1651914e-16
7914.598379611962	   1.2893005e-16
7916.886209726326	   1.3385224e-16
7919.174039840691	    1.260776e-16
7921.461869955056	   1.1853141e-16
7923.74970006942	   1.1970288e-16
7926.037530183785	   1.2633418e-16
7928.3253602981495	   1.3355171e-16
7930.613190412514	   1.3217036e-16
7932.901020526879	    1.244965e-16
7935.188850641243	   1.3272145e-16
7937.476680755608	   1.5376991e-16
7939.764510869973	   1.5331237e-16
7942.052340984337	   1.2693505e-16
7944.340171098702	    9.836457e-17
7946.628001213066	   8.0966946e-17
7948.915831327431	     8.10557e-17
7951.203661441796	    9.090938e-17
7953.49149155616	    9.274658e-17
7955.779321670525	    8.573181e-17
7958.06715178489	    7.840599e-17
7960.354981899254	   7.0623185e-17
7962.642812013619	    5.954054e-17
7964.930642127983	   5.3402916e-17
7967.218472242348	    6.197932e-17
7969.506302356713	    8.066029e-17
7971.794132471077	  1.00650516e-16
7974.081962585442	  1.08127296e-16
7976.369792699807	   9.3111017e-17
7978.657622814171	    8.188309e-17
7980.945452928536	    9.695779e-17
 7983.2332830429	    9.797678e-17
7985.521113157265	   6.0007725e-17
7987.80894327163	    6.029407e-17
7990.096773385994	   1.3854457e-16
7992.384603500359	   1.8585686e-16
7994.672433614724	   1.4249596e-16
7996.960263729088	   9.8306776e-17
7999.248093843453	   1.0049144e-16
8001.535923957817	   9.4148897e-17
8003.823754072182	   6.5481576e-17
8006.111584186547	    7.156521e-17
8008.399414300911	   1.1609358e-16
8010.687244415276	   1.3034887e-16
8012.975074529641	  1.06593094e-16
8015.262904644005	   1.0634015e-16
8017.55073475837	   1.2339219e-16
8019.838564872734	    9.120575e-17
8022.126394987099	   3.0785823e-17
8024.414225101464	     2.45332e-17
8026.702055215828	   5.3831028e-17
8028.989885330193	    4.377728e-17
8031.2777154445575	   1.2007549e-17
8033.565545558922	   1.5269187e-17
8035.853375673287	   4.2481597e-17
8038.141205787651	   6.0038655e-17
8040.429035902016	    6.856751e-17
8042.716866016381	    7.712002e-17
8045.004696130745	    7.850037e-17
8047.29252624511	    6.569026e-17
8049.5803563594745	   5.5782605e-17
8051.868186473839	    6.478038e-17
8054.156016588204	   7.6926076e-17
8056.443846702568	   7.6829025e-17
8058.731676816933	     7.16182e-17
8061.019506931298	    6.933927e-17
8063.307337045662	   7.5454946e-17
8065.595167160027	   8.9478344e-17
8067.8829972743915	   9.1537626e-17
8070.170827388756	   7.5224175e-17
8072.458657503121	    6.921742e-17
8074.746487617485	    8.346977e-17
8077.03431773185	     9.08641e-17
8079.322147846215	    8.062664e-17
8081.609977960579	    6.594551e-17
8083.897808074944	   5.6654355e-17
8086.1856381893085	    6.058383e-17
8088.473468303673	   7.1798635e-17
8090.761298418038	      6.9477e-17
8093.049128532402	     5.42865e-17
8095.336958646767	   4.3507377e-17
8097.624788761132	   4.5486794e-17
8099.912618875496	    6.324193e-17
8102.200448989861	    8.465698e-17
8104.4882791042255	     9.00893e-17
8106.77610921859	    8.068969e-17
8109.063939332955	   6.6462625e-17
8111.351769447319	   6.1107835e-17
8113.639599561684	    7.783529e-17
8115.927429676049	    9.138027e-17
8118.215259790413	    7.176009e-17
8120.503089904778	    5.439071e-17
8122.7909200191425	   7.7972996e-17
8125.078750133507	   1.0528998e-16
8127.366580247872	    9.907779e-17
8129.654410362236	    8.413714e-17
8131.942240476601	    8.607968e-17
8134.230070590966	   1.0946006e-16
8136.51790070533	   1.4714052e-16
8138.805730819695	   1.5664003e-16
8141.0935609340595	   1.1870223e-16
8143.381391048424	    8.054741e-17
8145.669221162789	    7.072507e-17
8147.957051277153	    7.318964e-17
8150.244881391518	   7.4135586e-17
8152.532711505883	   6.1868603e-17
8154.820541620247	    3.984234e-17
8157.108371734612	   3.5299694e-17
8159.3962018489765	   5.1031002e-17
8161.684031963341	    6.335417e-17
8163.971862077706	    6.065578e-17
8166.25969219207	   3.9088966e-17
8168.547522306435	   1.9571176e-17
 8170.8353524208	    4.324867e-17
8173.123182535164	    8.582006e-17
8175.411012649529	    8.454106e-17
8177.6988427638935	   6.0111764e-17
8179.986672878258	    7.040416e-17
8182.274502992623	     9.78419e-17
8184.562333106987	    9.999029e-17
8186.850163221352	    9.070977e-17
8189.137993335717	    9.706392e-17
8191.425823450081	   1.0533836e-16
8193.713653564446	    9.716615e-17
8196.00148367881	    9.245967e-17
8198.289313793175	   1.1101187e-16
8200.57714390754	   1.3423944e-16
8202.864974021904	   1.4274751e-16
8205.152804136269	   1.3797551e-16
8207.440634250634	   1.2487901e-16
8209.728464364998	    1.114527e-16
8212.016294479363	  1.04955065e-16
8214.304124593727	   1.0972516e-16
8216.591954708092	   1.2235554e-16
8218.879784822457	   1.2164897e-16
8221.167614936821	   1.0131287e-16
8223.455445051186	    8.487088e-17
8225.74327516555	    8.319471e-17
8228.031105279915	    8.630721e-17
8230.31893539428	   9.1128615e-17
8232.606765508644	  1.03940366e-16
8234.894595623009	   1.1680725e-16
8237.182425737374	   1.0719297e-16
8239.470255851738	   8.3714205e-17
8241.758085966103	   8.0420187e-17
8244.045916080468	    9.564907e-17
8246.333746194832	  1.04726915e-16
8248.621576309197	   1.0771996e-16
8250.909406423561	   1.1616746e-16
8253.197236537926	   1.3263006e-16
8255.48506665229	   1.5588179e-16
8257.772896766655	   1.7521708e-16
8260.06072688102	   1.7790275e-16
8262.348556995385	   1.6335693e-16
8264.63638710975	   1.3628793e-16
8266.924217224114	  1.08583145e-16
8269.212047338478	   9.2174476e-17
8271.499877452843	    8.872325e-17
8273.787707567208	   9.5611206e-17
8276.075537681572	   1.0306674e-16
8278.363367795937	   1.0245986e-16
8280.651197910302	    9.153326e-17
8282.939028024666	    7.522892e-17
8285.22685813903	    8.261157e-17
8287.514688253395	   1.2201994e-16
8289.80251836776	   1.4173319e-16
8292.090348482125	   1.1920987e-16
8294.37817859649	    9.868954e-17
8296.666008710854	   1.0329487e-16
8298.953838825219	   1.2013313e-16
8301.241668939583	   1.3412415e-16
8303.529499053948	   1.2264288e-16
8305.817329168312	    9.467868e-17
8308.105159282677	   9.8372646e-17
8310.392989397042	   1.3084735e-16
8312.680819511406	   1.4259229e-16
8314.968649625771	   1.2948164e-16
8317.256479740136	   1.2008341e-16
 8319.5443098545	   1.1657025e-16
8321.832139968865	    1.063581e-16
8324.11997008323	   1.0389915e-16
8326.407800197594	    1.334321e-16
8328.695630311959	   1.7387297e-16
8330.983460426323	   1.8896923e-16
8333.271290540688	   1.7879594e-16
8335.559120655053	   1.5544316e-16
8337.846950769417	    1.243759e-16
8340.134780883782	   9.1187464e-17
8342.422610998146	     6.64992e-17
8344.710441112511	    5.821352e-17
8346.998271226876	    5.522336e-17
8349.28610134124	   4.7722548e-17
8351.573931455605	   5.1655897e-17
8353.86176156997	   7.5991296e-17
8356.149591684334	    9.366064e-17
8358.437421798699	   8.8684846e-17
8360.725251913063	    8.569502e-17
8363.013082027428	    9.826401e-17
8365.300912141793	   1.1006772e-16
8367.588742256157	   1.0965827e-16
8369.876572370522	   9.3158636e-17
8372.164402484887	     6.93099e-17
8374.452232599251	   6.7912084e-17
8376.740062713616	     9.32037e-17
8379.02789282798	    1.173713e-16
8381.315722942345	   1.2533637e-16
8383.60355305671	   1.1376214e-16
8385.891383171074	    9.367432e-17
8388.179213285439	    8.891344e-17
8390.467043399804	  1.00994445e-16
8392.754873514168	   1.1689884e-16
8395.042703628533	   1.2478975e-16
8397.330533742897	   1.1288219e-16
8399.618363857262	   1.0067158e-16
8401.906193971627	   1.1994749e-16
8404.194024085991	   1.4889201e-16
8406.481854200356	   1.4978086e-16
8408.76968431472	   1.4386125e-16
8411.057514429085	    1.625182e-16
8413.34534454345	   1.7263871e-16
8415.633174657814	   1.3773588e-16
8417.921004772179	   8.8558466e-17
8420.208834886544	   5.9673015e-17
8422.496665000908	   4.1669333e-17
8424.784495115273	   2.4451924e-17
8427.072325229637	    1.803954e-17
8429.360155344002	    2.858155e-17
8431.647985458367	   4.9704787e-17
8433.935815572731	   7.3193725e-17
8436.223645687096	    8.978549e-17
8438.51147580146	    9.251488e-17
8440.799305915825	    7.634907e-17
8443.08713603019	   5.1873423e-17
8445.374966144554	    5.672964e-17
8447.66279625892	    9.742857e-17
8449.950626373284	    1.360436e-16
8452.238456487648	   1.5510338e-16
8454.526286602013	   1.6101207e-16
8456.814116716378	   1.5637433e-16
8459.101946830742	   1.4079384e-16
8461.389776945107	   1.2646973e-16
8463.677607059471	   1.3537151e-16
8465.965437173836	   1.4979825e-16
 8468.2532672882	   1.2816872e-16
8470.541097402565	   9.2303516e-17
8472.82892751693	    9.247582e-17
8475.116757631295	   1.1460225e-16
8477.40458774566	   1.2185358e-16
8479.692417860024	    1.141585e-16
8481.980247974388	   1.0236176e-16
8484.268078088753	    8.901651e-17
8486.555908203118	   7.6395225e-17
8488.843738317482	    8.145187e-17
8491.131568431847	   1.1534592e-16
8493.419398546212	    1.405472e-16
8495.707228660576	   1.2511997e-16
8497.99505877494	    9.546608e-17
8500.282888889305	   7.9209214e-17
8502.57071900367	    8.449669e-17
8504.858549118035	  1.08968426e-16
 8507.1463792324	   1.2117453e-16
8509.434209346764	   1.0598635e-16
8511.722039461129	   9.3882346e-17
8514.009869575493	   1.0050761e-16
8516.297699689858	   1.0980179e-16
8518.585529804222	   1.1330498e-16
8520.873359918587	   1.1406266e-16
8523.161190032952	   1.1310157e-16
8525.449020147316	  1.09768244e-16
8527.736850261681	  1.06927004e-16
8530.024680376046	   1.1000464e-16
8532.31251049041	   1.2120741e-16
8534.600340604775	   1.4074783e-16
8536.88817071914	   1.5761273e-16
8539.176000833504	   1.5330868e-16
8541.463830947869	   1.3445846e-16
8543.751661062233	   1.2208895e-16
8546.039491176598	   1.1175393e-16
8548.327321290963	   8.8192984e-17
8550.615151405327	    7.358666e-17
8552.902981519692	    9.846666e-17
8555.190811634056	   1.2189516e-16
8557.478641748421	      9.2548e-17
8559.766471862786	    5.095326e-17
8562.05430197715	   4.8784618e-17
8564.342132091515	   7.6922013e-17
8566.62996220588	    1.141573e-16
8568.917792320244	   1.2999805e-16
8571.205622434609	  1.04553075e-16
8573.493452548973	   6.9886134e-17
8575.781282663338	   5.4151534e-17
8578.069112777703	   5.0555913e-17
8580.356942892067	   5.1920413e-17
8582.644773006432	   5.7150974e-17
8584.932603120797	    6.172074e-17
8587.220433235161	   5.3812675e-17
8589.508263349526	   3.6052247e-17
8591.79609346389	    3.740202e-17
8594.083923578255	    6.285403e-17
8596.37175369262	   8.2561976e-17
8598.659583806984	   8.6394906e-17
8600.947413921349	    8.607103e-17
8603.235244035714	    8.886213e-17
8605.523074150078	    9.994752e-17
8607.810904264443	   1.1378503e-16
8610.098734378807	   1.1523101e-16
8612.386564493172	   1.1094829e-16
8614.674394607537	   1.2182679e-16
8616.962224721901	   1.3385658e-16
8619.250054836266	   1.1696286e-16
8621.53788495063	  1.00492624e-16
8623.825715064995	   1.3178759e-16
8626.11354517936	    1.836279e-16
8628.401375293724	   2.0871887e-16
8630.689205408089	    1.962991e-16
8632.977035522454	   1.4922996e-16
8635.264865636818	    9.159617e-17
8637.552695751183	   5.1087264e-17
8639.840525865548	   4.3309377e-17
8642.128355979912	   7.2602595e-17
8644.416186094277	    1.137771e-16
8646.704016208641	   1.3923341e-16
8648.991846323006	     1.24747e-16
8651.27967643737	   6.9224085e-17
8653.567506551735	    3.980437e-17
 8655.8553366661	    6.893469e-17
8658.143166780465	   9.0478835e-17
8660.43099689483	   7.5127554e-17
8662.718827009194	    7.688922e-17
8665.006657123558	   1.0463303e-16
8667.294487237923	    9.177365e-17
8669.582317352288	   3.8300874e-17
8671.870147466652	   3.1061886e-17
8674.157977581017	    7.556061e-17
8676.445807695382	    9.225756e-17
8678.733637809746	   7.6669935e-17
8681.02146792411	    8.602179e-17
8683.309298038475	   1.1367456e-16
8685.59712815284	   1.1142845e-16
8687.884958267205	   9.6962144e-17
8690.17278838157	   1.2214846e-16
8692.460618495934	   1.5641645e-16
8694.748448610299	   1.3684196e-16
8697.036278724663	  1.02591956e-16
8699.324108839028	   1.2193079e-16
8701.611938953392	   1.5770398e-16
8703.899769067757	   1.5101507e-16
8706.187599182122	   1.2778557e-16
8708.475429296486	   1.2481556e-16
8710.76325941085	   1.1690161e-16
8713.051089525216	    7.975236e-17
8715.33891963958	    4.742025e-17
8717.626749753945	   4.8349163e-17
8719.91457986831	    5.962179e-17
8722.202409982674	   5.9463056e-17
8724.490240097039	    4.426737e-17
8726.778070211403	   1.9007866e-17
8729.065900325768	   1.1764656e-17
8731.353730440132	   3.2515133e-17
8733.641560554497	   4.7119447e-17
8735.929390668862	    4.109005e-17
8738.217220783226	    3.740392e-17
8740.505050897591	   4.5328538e-17
8742.792881011956	   5.3957018e-17
8745.08071112632	    6.385785e-17
8747.368541240685	     8.74516e-17
8749.65637135505	   1.2184917e-16
8751.944201469414	   1.5366219e-16
8754.232031583779	    1.601521e-16
8756.519861698143	  1.10133963e-16
8758.807691812508	   4.1225057e-17
8761.09552192687	   3.1271106e-17
8763.383352041235	    7.467411e-17
 8765.6711821556	   1.2409692e-16
8767.959012269965	   1.4967358e-16
8770.24684238433	   1.3107075e-16
8772.534672498694	   7.8615014e-17
8774.822502613059	   1.5799097e-17
8777.110332727423	   -1.591037e-17
8779.398162841788	   1.8458736e-17
8781.685992956152	    6.112681e-17
8783.973823070517	   5.0338245e-17
8786.261653184882	    3.569853e-17
8788.549483299246	    6.540141e-17
8790.83731341361	    9.480883e-17
8793.125143527976	    8.667556e-17
8795.41297364234	    6.796976e-17
8797.700803756705	   5.9880584e-17
8799.98863387107	   5.1244405e-17
8802.276463985434	    3.647557e-17
8804.564294099799	   2.4601314e-17
8806.852124214163	   2.1366075e-17
8809.139954328528	   2.7586273e-17
8811.427784442893	   3.9513127e-17
8813.715614557257	   4.5311697e-17
8816.003444671622	    4.485863e-17
8818.291274785986	    5.325509e-17
8820.579104900351	    7.614549e-17
8822.866935014716	   1.0999997e-16
8825.15476512908	   1.4376979e-16
8827.442595243445	   1.6035185e-16
8829.73042535781	   1.5546526e-16
8832.018255472174	   1.3397351e-16
8834.306085586539	   1.1110056e-16
8836.593915700903	  1.06890866e-16
8838.881745815268	    1.174744e-16
8841.169575929633	   1.2804168e-16
8843.457406043997	   1.2367916e-16
8845.745236158362	    9.195101e-17
8848.033066272727	   5.3718882e-17
8850.320896387091	    3.733636e-17
8852.608726501456	    3.599855e-17
8854.89655661582	   3.6581156e-17
8857.184386730185	   5.2268405e-17
8859.47221684455	    9.206804e-17
8861.760046958914	   1.2097917e-16
8864.047877073279	   1.1158801e-16
8866.335707187643	   9.2928534e-17
8868.623537302008	   8.9127116e-17
8870.911367416373	    8.598626e-17
8873.199197530737	    7.306234e-17
8875.487027645102	    5.531317e-17
8877.774857759467	    3.686784e-17
8880.062687873831	   1.8460016e-17
8882.350517988196	    5.700399e-18
8884.63834810256	    1.461383e-17
8886.926178216925	   4.0597667e-17
8889.21400833129	   4.7871278e-17
8891.501838445654	   3.1750875e-17
8893.789668560019	   2.5992177e-17
8896.077498674384	   3.3634454e-17
8898.365328788748	   2.7628911e-17
8900.653158903113	   1.6484332e-17
8902.940989017477	    3.573117e-17
8905.228819131842	    6.940238e-17
8907.516649246207	    6.995679e-17
8909.804479360571	   5.4309403e-17
8912.092309474936	    7.039587e-17
 8914.3801395893	     9.28514e-17
8916.667969703665	   7.1657525e-17
8918.95579981803	    3.765711e-17
8921.243629932394	    4.192893e-17
8923.53146004676	      7.0287e-17
8925.819290161124	    9.462884e-17
8928.107120275488	   1.1485355e-16
8930.394950389853	   1.3445989e-16
8932.682780504218	   1.5523087e-16
8934.970610618582	   1.7627996e-16
8937.258440732947	   1.7639007e-16
8939.546270847311	   1.4429487e-16
8941.834100961676	   1.1293007e-16
8944.12193107604	  1.07436236e-16
8946.409761190405	   1.1867055e-16
8948.69759130477	   1.3334489e-16
8950.985421419135	   1.3477006e-16
 8953.2732515335	   1.1290512e-16
8955.561081647864	    6.995765e-17
8957.848911762228	   2.1830711e-17
8960.136741876593	    7.492701e-18
8962.424571990958	    2.857905e-17
8964.712402105322	   3.4482387e-17
8967.000232219687	   1.8964388e-17
8969.288062334052	    2.313102e-17
8971.575892448416	   5.1983663e-17
8973.86372256278	    8.237015e-17
8976.151552677145	   9.9233185e-17
8978.43938279151	   9.2177646e-17
8980.727212905875	    6.848694e-17
8983.01504302024	   4.6094176e-17
8985.302873134604	    3.395162e-17
8987.590703248969	   3.6458995e-17
8989.878533363333	   4.1679844e-17
8992.166363477698	   3.3238704e-17
8994.454193592062	   2.5453127e-17
8996.742023706427	    3.845617e-17
8999.029853820792	   8.0803357e-17
9001.317683935156	   1.5117079e-16
9003.605514049521	   1.8991177e-16
9005.893344163886	   1.4792693e-16
9008.18117427825	    9.474788e-17
9010.469004392615	   9.3799125e-17
9012.75683450698	   1.0240441e-16
9015.044664621344	    8.385702e-17
9017.332494735709	    5.785299e-17
9019.620324850073	     4.00383e-17
9021.908154964438	    2.813629e-17
9024.195985078803	   2.1452196e-17
9026.483815193167	    2.419605e-17
9028.771645307532	   3.1531427e-17
9031.059475421896	   2.1401343e-17
9033.347305536261	  -5.6231167e-18
9035.635135650626	  -1.5701043e-17
9037.92296576499	   2.5185094e-18
9040.210795879355	   3.4881426e-17
9042.49862599372	   6.4956356e-17
9044.786456108084	    7.214221e-17
9047.074286222449	   6.2921015e-17
9049.362116336813	   6.6267556e-17
9051.649946451178	    8.074185e-17
9053.937776565543	    8.622484e-17
9056.225606679907	    8.229458e-17
9058.513436794272	     7.76402e-17
9060.801266908637	   7.4617495e-17
9063.089097023001	   7.3275464e-17
9065.376927137366	    7.495527e-17
9067.66475725173	   8.0866176e-17
9069.952587366095	   8.0666124e-17
9072.24041748046	     6.44568e-17
9074.528247594824	   5.6523356e-17
9076.816077709189	    8.027296e-17
9079.103907823554	   1.0972148e-16
9081.391737937918	    1.175096e-16
9083.679568052283	   1.1261404e-16
9085.967398166647	   1.0428335e-16
9088.255228281012	     7.71064e-17
9090.543058395377	    3.226088e-17
9092.830888509741	   3.2747776e-17
9095.118718624106	    9.814975e-17
9097.40654873847	   1.2718029e-16
9099.694378852835	    8.163105e-17
 9101.9822089672	   6.4716355e-17
9104.270039081564	   1.0833174e-16
9106.557869195929	   1.2435487e-16
9108.845699310294	    8.387936e-17
9111.133529424658	    3.099994e-17
9113.421359539023	  -1.4083861e-18
9115.709189653388	  1.32129604e-17
9117.997019767752	    5.754461e-17
9120.284849882117	   7.3778323e-17
9122.572679996481	   5.3397943e-17
9124.860510110846	   2.2584387e-17
9127.14834022521	   7.8816767e-19
9129.436170339575	    4.398165e-18
9131.72400045394	   2.6753943e-17
9134.011830568305	   4.9428862e-17
9136.29966068267	    6.463123e-17
9138.587490797034	   6.8959335e-17
9140.875320911398	    7.302523e-17
9143.163151025763	    8.985531e-17
9145.450981140128	  1.01978796e-16
9147.738811254492	    8.972228e-17
9150.026641368857	    6.868618e-17
9152.314471483221	   5.7941805e-17
9154.602301597586	     5.44026e-17
9156.89013171195	   5.5187922e-17
9159.177961826315	    7.740318e-17
9161.46579194068	   1.2587632e-16
9163.753622055045	   1.5924942e-16
9166.04145216941	    1.521013e-16
9168.329282283774	   1.3329658e-16
9170.617112398138	   1.2131838e-16
9172.904942512503	   1.0227471e-16
9175.192772626868	    7.495041e-17
9177.480602741232	    6.274577e-17
9179.768432855597	   6.6608295e-17
9182.056262969962	   5.2080896e-17
9184.344093084326	    2.214843e-17
9186.63192319869	   2.6217743e-17
9188.919753313055	   6.4276096e-17
9191.20758342742	   8.9920005e-17
9193.495413541785	    8.927228e-17
9195.78324365615	   7.2642015e-17
9198.071073770514	    5.326711e-17
9200.358903884879	   4.6234585e-17
9202.646733999243	    6.072418e-17
9204.934564113608	  1.01586236e-16
9207.222394227972	   1.3360703e-16
9209.510224342337	   1.0902199e-16
9211.798054456702	    5.829662e-17
9214.085884571066	    3.482712e-17
9216.373714685431	   3.2611887e-17
9218.661544799796	   3.1882188e-17
9220.94937491416	   3.3283534e-17
9223.237205028525	    3.923292e-17
9225.52503514289	   5.1027846e-17
9227.812865257254	   6.7482784e-17
9230.100695371619	   6.9549425e-17
9232.388525485983	   4.6854415e-17
9234.676355600348	    3.016412e-17
9236.964185714713	   4.1342623e-17
9239.252015829077	    6.438771e-17
9241.539845943442	    8.281447e-17
9243.827676057806	     8.23885e-17
9246.115506172171	    6.448815e-17
9248.403336286536	   6.6255956e-17
 9250.6911664009	    9.508567e-17
9252.978996515265	   1.0495515e-16
9255.26682662963	    8.567745e-17
9257.554656743994	    7.680663e-17
9259.842486858359	    8.410149e-17
9262.130316972723	    7.674045e-17
9264.418147087088	    5.598566e-17
9266.705977201453	    5.145221e-17
9268.993807315817	   5.6112545e-17
9271.281637430182	   3.5052884e-17
9273.569467544547	   1.8783379e-17
9275.857297658911	   7.3945923e-17
9278.145127773276	   1.4618072e-16
9280.43295788764	   1.3060903e-16
9282.720788002005	    6.738312e-17
9285.00861811637	   4.6308085e-17
9287.296448230734	    4.503181e-17
9289.584278345099	   1.5774227e-17
9291.872108459464	    8.883648e-18
9294.159938573828	   7.7694554e-17
9296.447768688193	   1.5319307e-16
9298.735598802557	   1.5936303e-16
9301.023428916922	   9.3515984e-17
9303.311259031287	  -2.1368365e-17
9305.599089145651	  -1.0360767e-16
9307.886919260016	   -9.576484e-17
9310.17474937438	   -4.780928e-17
9312.462579488745	  -1.2195836e-17
9314.75040960311	  -2.3056366e-17
9317.038239717474	  -8.0312474e-17
9319.326069831839	   -1.050505e-16
9321.613899946204	   -5.717302e-17
9323.901730060568	   2.8384054e-17
9326.189560174933	   1.0927895e-16
9328.477390289298	   1.2860333e-16
9330.765220403662	    9.167518e-17
9333.053050518027	    8.863909e-17
9335.340880632391	   1.2175941e-16
9337.628710746756	  1.00197155e-16
9339.91654086112	    5.028289e-17
9342.204370975485	   9.1849255e-17
9344.49220108985	   1.8019403e-16
9346.780031204215	   1.6879511e-16
9349.06786131858	   9.2384534e-17
9351.355691432944	     7.21607e-17
9353.643521547308	   1.1256288e-16
9355.931351661673	    1.730571e-16
9358.219181776038	   1.8251964e-16
9360.507011890402	   7.1699215e-17
9362.794842004767	  -6.2254976e-17
9365.082672119132	   -9.239462e-17
9367.370502233496	  -2.0678862e-17
9369.65833234786	    1.108024e-16
9371.946162462225	   1.9495468e-16
9374.23399257659	   1.4616811e-16
9376.521822690955	   4.4304333e-17
9378.80965280532	  -2.2640848e-17
9381.097482919684	  -3.0865656e-17
9383.385313034049	    1.702469e-17
9385.673143148413	   4.8771327e-17
9387.960973262778	   2.1618413e-17
9390.248803377142	  -1.1616808e-17
9392.536633491507	  -1.6865453e-17
9394.824463605872	  -7.5427134e-18
9397.112293720236	    8.660649e-18
 9399.4001238346	    3.216482e-17
9401.687953948966	   5.7793673e-17
9403.97578406333	    7.742622e-17
9406.263614177695	     8.06891e-17
9408.55144429206	   5.0203454e-17
9410.839274406424	   1.4472653e-17
9413.127104520789	    4.543255e-17
9415.414934635153	   1.1628918e-16
9417.702764749518	   1.2833273e-16
9419.990594863883	   9.0965125e-17
9422.278424978247	    7.745597e-17
9424.566255092612	    6.661588e-17
9426.854085206976	  -2.9807154e-18
9429.141915321341	   -5.850293e-17
9431.429745435706	    9.481604e-18
9433.71757555007	   1.0945581e-16
9436.005405664435	   1.0604117e-16
 9438.2932357788	   4.8288167e-17
9440.581065893164	   1.9463654e-17
9442.868896007529	    2.822028e-17
9445.156726121893	    6.533201e-17
9447.444556236258	    7.233688e-17
9449.732386350623	   1.0960004e-17
9452.020216464987	  -1.6635926e-17
9454.308046579352	    5.989373e-17
9456.595876693716	   1.4826208e-16
9458.883706808081	   1.7225271e-16
9461.171536922446	   1.3076513e-16
9463.45936703681	   4.7981657e-17
9465.747197151175	   1.4774588e-18
9468.03502726554	    2.321739e-17
9470.322857379904	    5.266079e-17
9472.610687494269	   5.2070474e-17
9474.898517608633	   1.8713856e-17
9477.186347722998	  -2.9739443e-17
9479.474177837363	  -4.6199364e-17
9481.762007951727	  -2.2305231e-17
9484.049838066092	    8.114164e-18
9486.337668180457	   3.6935712e-17
9488.625498294821	   7.8356186e-17
9490.913328409186	   1.0499575e-16
9493.20115852355	    6.520795e-17
9495.488988637915	  -7.5238115e-18
9497.77681875228	  -3.7408333e-17
9500.064648866644	  -2.3184842e-17
9502.352478981009	   4.6702526e-18
9504.640309095374	   3.1738814e-17
9506.928139209738	    4.850105e-17
9509.215969324103	     5.72014e-17
9511.503799438467	    6.413909e-17
9513.791629552832	    9.008298e-17
9516.079459667197	   1.4795077e-16
9518.367289781561	   1.6687294e-16
9520.655119895926	    9.010081e-17
9522.94295001029	   -6.612104e-18
9525.230780124655	   -4.717281e-17
9527.51861023902	  -2.3929336e-17
9529.806440353384	   5.1815662e-17
9532.094270467749	   1.3755523e-16
9534.382100582114	   1.9261127e-16
9536.669930696478	   1.9156174e-16
9538.957760810843	   1.3885254e-16
9541.245590925208	    9.943472e-17
9543.533421039572	    9.804808e-17
9545.821251153937	     8.36229e-17
9548.109081268301	   4.1505025e-17
9550.396911382666	    4.581061e-18
9552.68474149703	  -5.4441963e-18
9554.972571611395	   2.6516888e-17
9557.26040172576	    7.598572e-17
9559.548231840125	    7.970751e-17
9561.83606195449	   4.5794952e-17
9564.123892068854	    3.601766e-17
9566.411722183218	    4.491818e-17
9568.699552297583	    2.854886e-17
9570.987382411948	    5.564416e-18
9573.275212526312	    2.117115e-17
9575.563042640677	   4.6647547e-17
9577.850872755042	   3.0085816e-17
9580.138702869406	    8.815428e-18
9582.42653298377	   3.8482364e-17
9584.714363098135	   8.6678946e-17
 9587.0021932125	  1.06174316e-16
9589.290023326865	    9.223428e-17
9591.57785344123	    5.292166e-17
9593.865683555594	    2.499907e-17
9596.153513669959	   3.7499287e-17
9598.441343784323	     6.10254e-17
9600.729173898688	   6.7116065e-17
9603.017004013052	   5.0170053e-17
9605.304834127417	   2.1458044e-17
9607.592664241782	   4.9121952e-17
9609.880494356146	   1.4320385e-16
9612.168324470511	   1.6400086e-16
9614.456154584876	    6.473045e-17
9616.74398469924	  -1.7329467e-17
9619.031814813605	  -1.5972864e-17
9621.31964492797	   2.0692428e-17
9623.607475042334	    7.145237e-17
9625.895305156699	   1.4968683e-16
9628.183135271063	   2.1760732e-16
9630.470965385428	   1.8763373e-16
9632.758795499793	   8.7396694e-17
9635.046625614157	    3.762902e-17
9637.334455728522	   4.9466105e-17
9639.622285842886	    6.281157e-17
9641.910115957251	    6.192209e-17
9644.197946071616	   5.2517214e-17
9646.48577618598	    2.945393e-17
9648.773606300345	  -1.4233977e-17
9651.06143641471	  -3.5964787e-17
9653.349266529074	   1.5562217e-17
9655.637096643439	    7.134683e-17
9657.924926757803	   4.4070687e-17
9660.212756872168	  -6.7017764e-18
9662.500586986533	   -3.757971e-18
9664.788417100897	    3.311224e-17
9667.076247215262	    7.012054e-17
9669.364077329627	    7.900556e-17
9671.651907443991	   4.5154466e-17
9673.939737558356	   1.4409916e-17
9676.22756767272	   1.9800917e-17
9678.515397787085	   2.4302614e-17
9680.80322790145	   1.0159755e-17
9683.091058015814	   2.7785377e-17
9685.378888130179	    8.746754e-17
9687.666718244544	   1.0851341e-16
9689.954548358908	   6.8610595e-17
9692.242378473273	   4.7508986e-17
9694.530208587637	    7.750982e-17
9696.818038702002	   1.2670002e-16
9699.105868816367	   1.6902519e-16
9701.393698930731	   1.8118198e-16
9703.681529045096	   1.6457675e-16
9705.96935915946	   1.4589419e-16
9708.257189273825	   1.3195055e-16
9710.54501938819	   1.1701252e-16
9712.832849502554	    9.037572e-17
9715.120679616919	   3.6910046e-17
9717.408509731284	    -6.19179e-18
9719.696339845648	   1.7937215e-17
9721.984169960013	   9.5329535e-17
9724.272000074378	   1.8389948e-16
9726.559830188742	   2.2145617e-16
9728.847660303107	    1.527123e-16
9731.135490417471	   4.8848228e-17
9733.423320531836	    2.717264e-18
 9735.7111506462	   1.1098908e-17
9737.998980760565	   4.8056153e-17
9740.28681087493	    6.433013e-17
9742.574640989294	   2.6570108e-17
9744.86247110366	    1.284581e-17
9747.150301218024	    7.637141e-17
9749.438131332388	   1.2791512e-16
9751.725961446753	   1.0705228e-16
9754.013791561118	   7.0065725e-17
9756.301621675482	   5.3359946e-17
9758.589451789847	    3.102887e-17
9760.877281904211	   -2.706069e-18
9763.165112018576	  -1.3813491e-17
9765.45294213294	   1.7574124e-18
9767.740772247305	    2.871425e-19
9770.02860236167	  -2.1129995e-17
9772.316432476035	  -1.1499679e-17
 9774.6042625904	   2.7532452e-17
9776.892092704764	   3.9395708e-17
9779.179922819128	    2.828264e-17
9781.467752933493	    4.874903e-17
9783.755583047858	    8.217122e-17
9786.043413162222	   6.4503935e-17
9788.331243276587	   1.0978823e-17
9790.619073390952	  -2.4780842e-17
9792.906903505316	  -1.8986432e-17
9795.19473361968	    3.849908e-17
9797.482563734045	   8.7004465e-17
9799.77039384841	    4.930449e-17
9802.058223962773	   -6.214572e-18
9804.346054077138	   1.5630995e-17
9806.633884191502	   7.9407704e-17
9808.921714305867	   1.2550015e-16
9811.209544420231	   1.1383624e-16
9813.497374534596	   2.7051384e-17
9815.78520464896	  -4.1922182e-17
9818.073034763325	  -1.9752592e-17
9820.36086487769	   1.3720416e-17
9822.648694992055	  -3.4329933e-18
9824.93652510642	  -2.2108488e-17
9827.224355220784	   -7.864541e-18
9829.512185335148	   2.1085062e-17
9831.800015449513	    5.177443e-17
9834.087845563878	    8.607868e-17
9836.375675678242	   1.1437876e-16
9838.663505792607	   1.0837294e-16
9840.951335906972	   6.5200374e-17
9843.239166021336	   1.6018702e-17
 9845.5269961357	  -1.7623063e-17
9847.814826250065	   -2.649582e-17
9850.10265636443	  -1.0705354e-17
9852.390486478795	   2.1970255e-17
9854.67831659316	   4.6461425e-17
9856.966146707524	   2.3314938e-17
9859.253976821889	   -1.740424e-17
9861.541806936253	  -1.4283042e-18
9863.829637050618	   3.0832684e-17
9866.117467164982	  -1.3099542e-17
9868.405297279347	  -7.0126936e-17
9870.693127393712	  -2.6680555e-17
9872.980957508076	    7.148632e-17
9875.26878762244	   1.3522573e-16
9877.556617736805	   1.8117324e-16
9879.84444785117	   2.4224893e-16
9882.132277965535	   2.6790813e-16
 9884.4201080799	   2.1235177e-16
9886.707938194264	    1.353562e-16
9888.995768308629	    9.620259e-17
9891.283598422993	   6.8889845e-17
9893.571428537358	   3.0898667e-17
9895.859258651722	    9.954628e-18
9898.147088766087	   2.2347767e-17
9900.434918880452	    4.164313e-17
9902.722748994816	    5.780043e-17
9905.010579109181	   1.1612103e-16
9907.298409223546	   2.0647221e-16
9909.58623933791	   2.0376929e-16
9911.874069452275	    8.581974e-17
9914.16189956664	  -6.6997506e-18
9916.449729681004	  -1.5510743e-17
9918.737559795369	   1.1096191e-17
9921.025389909733	   5.1363777e-17
9923.313220024098	  1.04396374e-16
9925.601050138463	   1.5811756e-16
9927.888880252827	   2.0150715e-16
9930.176710367192	    1.966973e-16
9932.464540481556	   8.5335744e-17
9934.752370595921	  -4.5753087e-17
9937.040200710286	   -3.538098e-17
9939.32803082465	   5.2209265e-17
9941.615860939015	   6.1019234e-17
9943.90369105338	    -3.95934e-18
9946.191521167744	   -8.311919e-17
9948.479351282109	  -1.1929674e-16
9950.767181396473	  -6.5315756e-17
9953.055011510838	   2.3883553e-17
9955.342841625203	    7.586941e-17
9957.630671739567	    6.560958e-17
9959.918501853932	   -6.319374e-18
9962.206331968297	  -4.0475615e-17
9964.494162082661	    3.228926e-17
9966.781992197026	   8.0058305e-17
9969.06982231139	   1.4006836e-17
9971.357652425755	  -3.9242752e-17
9973.64548254012	   2.3811816e-19
9975.933312654484	   5.4522657e-17
9978.221142768849	     7.01821e-17
9980.508972883214	    5.578484e-17
9982.796802997578	   2.2237864e-17
9985.084633111943	  -1.5970446e-17
9987.372463226307	  -3.7209737e-17
9989.660293340672	  -1.0305461e-17
9991.948123455037	   5.1591225e-17
9994.235953569401	    8.233253e-17
9996.523783683766	   7.4284525e-17
9998.81161379813	     7.50125e-17
10001.099443912495	   9.1609075e-17
