5776.09451066841	   4.8354766e-16
5777.077889947534	    1.819403e-15
5778.061269226658	   2.2460101e-15
5779.044648505781	   2.1203494e-15
5780.028027784904	   2.0629896e-15
5781.011407064028	   2.1422306e-15
5781.994786343152	   2.2287578e-15
5782.978165622275	   2.1912046e-15
5783.961544901398	    2.095785e-15
5784.944924180522	   2.0916191e-15
5785.928303459646	   2.1185302e-15
5786.911682738769	    2.117014e-15
5787.895062017893	   2.1790594e-15
5788.878441297016	   2.2609702e-15
5789.8618205761395	   2.2686937e-15
5790.845199855264	   2.2540682e-15
5791.828579134387	   2.2108564e-15
5792.81195841351	   2.2637366e-15
5793.795337692634	   2.3481524e-15
5794.778716971758	   2.2712992e-15
5795.762096250881	    2.243147e-15
5796.745475530005	   2.2717712e-15
5797.728854809128	   2.3337884e-15
5798.7122340882515	   2.3371316e-15
5799.695613367375	   2.3140612e-15
5800.678992646499	   2.3647972e-15
5801.662371925622	    2.300552e-15
5802.6457512047455	   2.2399555e-15
5803.62913048387	   2.4231036e-15
5804.612509762993	   2.3755767e-15
5805.595889042116	   2.4542718e-15
5806.57926832124	   2.4279134e-15
5807.562647600364	   2.3746202e-15
5808.546026879487	   2.5735497e-15
5809.529406158611	    2.447985e-15
5810.512785437734	    2.435495e-15
5811.4961647168575	   2.4757625e-15
5812.479543995982	   2.4017914e-15
5813.462923275105	   2.4500998e-15
5814.446302554228	   2.5425365e-15
5815.429681833351	   2.5427461e-15
5816.413061112476	   2.5683678e-15
5817.396440391599	   2.5763926e-15
5818.379819670722	   2.5810345e-15
5819.363198949846	   2.5889179e-15
5820.3465782289695	   2.5339236e-15
5821.329957508093	    2.596795e-15
5822.313336787217	   2.6023673e-15
5823.29671606634	    2.583723e-15
5824.280095345463	   2.5788342e-15
5825.263474624588	   2.6339358e-15
5826.246853903711	   2.6641028e-15
5827.230233182834	    2.620499e-15
5828.213612461958	   2.6103402e-15
5829.196991741082	   2.6308104e-15
5830.180371020205	   2.6544865e-15
5831.163750299328	   2.6583557e-15
5832.147129578452	   2.6171116e-15
5833.1305088575755	    2.626333e-15
5834.113888136699	    2.722509e-15
5835.097267415823	   2.5707242e-15
5836.080646694946	   2.5191742e-15
5837.064025974069	   2.5777586e-15
5838.047405253194	   2.6432711e-15
5839.030784532317	   2.6224136e-15
5840.01416381144	   2.6163914e-15
5840.997543090564	   2.6575858e-15
5841.9809223696875	   2.6269702e-15
5842.964301648811	    2.634232e-15
5843.947680927935	   2.6841659e-15
5844.931060207058	   2.6795172e-15
5845.914439486181	    2.690243e-15
5846.897818765305	   2.6661876e-15
5847.881198044429	   2.6784457e-15
5848.864577323552	    2.685464e-15
5849.847956602675	   2.6055917e-15
5850.8313358817995	   2.6588947e-15
5851.814715160923	   2.6861943e-15
5852.798094440046	   2.5979392e-15
5853.78147371917	   2.5890085e-15
5854.7648529982935	   2.7858566e-15
5855.748232277417	   2.7153149e-15
5856.731611556541	   2.7422347e-15
5857.714990835664	   2.8256858e-15
5858.698370114787	   2.7659996e-15
5859.681749393911	   2.7550742e-15
5860.665128673035	   2.7069966e-15
5861.648507952158	    2.751201e-15
5862.631887231281	   2.6722056e-15
5863.6152665104055	   2.6351743e-15
5864.598645789529	    2.710098e-15
5865.582025068652	   2.8056205e-15
5866.565404347776	   2.7815224e-15
5867.548783626899	   2.7390678e-15
5868.532162906023	   2.7741187e-15
5869.515542185147	    2.691802e-15
5870.49892146427	   2.7596668e-15
5871.482300743393	   2.7583465e-15
5872.4656800225175	   2.7033639e-15
5873.449059301641	    2.752541e-15
5874.432438580764	   2.7807672e-15
5875.415817859887	   2.6404541e-15
5876.399197139011	   2.6204654e-15
5877.382576418135	    2.725126e-15
5878.365955697258	   2.6750084e-15
5879.349334976382	   2.6733592e-15
5880.332714255505	   2.6339133e-15
5881.316093534629	    2.693897e-15
5882.299472813753	   2.7014123e-15
5883.282852092876	   2.4343987e-15
5884.266231371999	   2.5018626e-15
5885.2496106511235	   2.5867728e-15
5886.232989930247	   2.5856276e-15
5887.21636920937	   2.6440218e-15
5888.199748488494	   2.7258842e-15
5889.183127767617	     2.60937e-15
5890.166507046741	   2.4942806e-15
5891.149886325864	   2.5094232e-15
5892.133265604988	   2.5128494e-15
5893.116644884111	   2.5747608e-15
5894.100024163235	   2.6661514e-15
5895.083403442359	   2.6441326e-15
5896.066782721482	   2.6129992e-15
5897.050162000605	   2.6761792e-15
5898.033541279729	   2.5959374e-15
5899.016920558853	    2.559723e-15
5900.000299837976	    2.672821e-15
 5900.9836791171	   2.6695908e-15
5901.967058396223	     2.64368e-15
5902.950437675347	   2.6756363e-15
5903.933816954471	   2.5819089e-15
5904.917196233594	    2.578173e-15
5905.900575512717	    2.670346e-15
5906.883954791841	   2.6154882e-15
5907.867334070965	   2.6370287e-15
5908.850713350088	   2.6139352e-15
5909.834092629211	   2.5985613e-15
5910.817471908335	   2.5489506e-15
5911.800851187459	   2.4831438e-15
5912.784230466582	    2.532859e-15
5913.767609745706	   2.4621605e-15
5914.750989024829	   2.3931173e-15
5915.734368303953	   2.4669057e-15
5916.717747583077	   2.4388503e-15
 5917.7011268622	   2.4517671e-15
5918.684506141323	    2.471963e-15
5919.667885420447	   2.3458342e-15
5920.651264699571	   2.3896436e-15
5921.634643978694	    2.570049e-15
5922.618023257817	   2.4907277e-15
5923.601402536941	    2.451853e-15
5924.584781816065	   2.5266332e-15
5925.568161095188	   2.5155741e-15
5926.551540374312	   2.4739175e-15
5927.534919653435	    2.451203e-15
5928.5182989325585	   2.4871579e-15
5929.501678211683	   2.4540524e-15
5930.485057490806	    2.426005e-15
5931.468436769929	   2.5294892e-15
5932.451816049053	   2.4716023e-15
5933.435195328177	   2.4420856e-15
 5934.4185746073	    2.365665e-15
5935.401953886423	   2.3735712e-15
5936.385333165547	   2.3312445e-15
5937.368712444671	   2.3363646e-15
5938.352091723794	   2.2838384e-15
5939.335471002918	   2.3370511e-15
5940.318850282041	   2.3390427e-15
5941.3022295611645	   2.3146247e-15
5942.285608840289	    2.316031e-15
5943.268988119412	   2.3767999e-15
5944.252367398535	   2.3023755e-15
5945.235746677659	   2.2838742e-15
5946.219125956783	    2.327222e-15
5947.202505235906	   2.2825134e-15
5948.18588451503	   2.2973126e-15
5949.169263794153	   2.3303496e-15
5950.1526430732765	    2.349251e-15
5951.136022352401	   2.2745596e-15
5952.119401631524	   2.2953638e-15
5953.102780910647	   2.3266593e-15
5954.08616018977	   2.3444083e-15
5955.069539468895	   2.3051978e-15
5956.052918748018	    2.223997e-15
5957.036298027141	   2.2052706e-15
5958.019677306265	   2.2610573e-15
5959.003056585389	   2.2883849e-15
5959.986435864512	   2.2205003e-15
5960.969815143636	   2.1679942e-15
5961.953194422759	    2.250177e-15
5962.9365737018825	   2.2426699e-15
5963.919952981007	    2.143992e-15
5964.90333226013	   2.1836855e-15
5965.886711539253	   2.1760086e-15
5966.870090818376	   2.0805135e-15
5967.853470097501	   2.1806935e-15
5968.836849376624	   2.2596465e-15
5969.820228655747	   2.1473045e-15
5970.803607934871	    2.105246e-15
5971.7869872139945	   1.9915945e-15
5972.770366493118	   2.1310356e-15
5973.753745772242	   2.0740493e-15
5974.737125051365	    2.080801e-15
5975.720504330488	   2.0977362e-15
5976.703883609613	   2.0255304e-15
5977.687262888736	    2.064295e-15
5978.670642167859	    2.051883e-15
5979.654021446983	   2.0768056e-15
5980.6374007261065	   2.0647453e-15
5981.62078000523	   2.0521251e-15
5982.604159284353	   2.0713532e-15
5983.587538563477	    2.050171e-15
5984.5709178426005	   1.9226778e-15
5985.554297121724	    1.971696e-15
5986.537676400848	   1.9944538e-15
5987.521055679971	   1.9501102e-15
5988.504434959094	   1.9758075e-15
5989.487814238219	   1.8820748e-15
5990.471193517342	   1.8133015e-15
5991.454572796465	   1.8435496e-15
5992.437952075589	   1.8019002e-15
5993.4213313547125	    1.747581e-15
5994.404710633836	    1.736508e-15
5995.38808991296	   1.6699203e-15
5996.371469192083	   1.6451046e-15
5997.354848471206	   1.7131708e-15
5998.33822775033	   1.6503425e-15
5999.321607029454	   1.6594318e-15
6000.304986308577	   1.7196331e-15
 6001.2883655877	    1.607999e-15
6002.2717448668245	   1.6475836e-15
6003.255124145948	   1.6024312e-15
6004.238503425071	   1.5871012e-15
6005.221882704195	   1.6743314e-15
6006.205261983318	   1.6292007e-15
6007.188641262442	   1.5862644e-15
6008.172020541566	   1.6012336e-15
6009.155399820689	   1.5788677e-15
6010.138779099812	   1.5518575e-15
6011.122158378936	   1.5175067e-15
6012.10553765806	   1.5429488e-15
6013.088916937183	   1.5539439e-15
6014.072296216306	   1.5258026e-15
6015.0556754954305	   1.5105553e-15
6016.039054774554	   1.4449989e-15
6017.022434053677	   1.4819484e-15
6018.005813332801	   1.5196376e-15
6018.989192611924	   1.5124776e-15
6019.972571891048	   1.5212651e-15
6020.955951170172	   1.4181036e-15
6021.939330449295	   1.4513178e-15
6022.922709728418	   1.4658405e-15
6023.9060890075425	   1.3881354e-15
6024.889468286666	   1.4076722e-15
6025.872847565789	   1.3805818e-15
6026.856226844913	   1.4222946e-15
6027.839606124036	   1.4454026e-15
6028.82298540316	   1.3950175e-15
6029.806364682283	   1.3860004e-15
6030.789743961407	   1.3573138e-15
6031.77312324053	   1.3796515e-15
6032.756502519654	   1.3800495e-15
6033.739881798778	   1.3456303e-15
6034.723261077901	   1.3381092e-15
6035.706640357024	    1.356897e-15
6036.6900196361485	   1.3620232e-15
6037.673398915272	   1.4040346e-15
6038.656778194395	   1.3987168e-15
6039.640157473519	   1.3858967e-15
6040.623536752642	   1.3602762e-15
6041.606916031766	   1.4094235e-15
6042.590295310889	   1.4123435e-15
6043.573674590013	   1.3624975e-15
6044.557053869136	   1.3647542e-15
6045.54043314826	   1.3355232e-15
6046.523812427384	   1.3122496e-15
6047.507191706507	   1.3335433e-15
6048.49057098563	   1.3466653e-15
6049.473950264754	     1.31717e-15
6050.457329543878	   1.3931987e-15
6051.440708823001	   1.3343061e-15
6052.424088102125	   1.2885515e-15
6053.407467381248	   1.3812179e-15
6054.390846660372	   1.3567782e-15
6055.374225939496	   1.3632936e-15
6056.357605218619	   1.4093868e-15
6057.340984497742	   1.3823927e-15
6058.324363776866	   1.3364976e-15
6059.30774305599	    1.319633e-15
6060.291122335113	   1.3167084e-15
6061.274501614236	   1.3030293e-15
6062.25788089336	   1.3216916e-15
6063.241260172484	   1.3663552e-15
6064.224639451607	   1.3578818e-15
6065.208018730731	   1.3525506e-15
6066.191398009854	   1.3429617e-15
6067.174777288978	   1.3052085e-15
6068.158156568102	   1.3237004e-15
6069.141535847225	   1.3414369e-15
6070.124915126348	   1.3341635e-15
6071.108294405472	    1.349657e-15
6072.091673684596	   1.3280056e-15
6073.075052963719	   1.3248574e-15
6074.058432242842	   1.3263805e-15
6075.041811521966	   1.2873031e-15
6076.02519080109	   1.3211677e-15
6077.008570080213	   1.2799648e-15
6077.991949359337	   1.2089803e-15
6078.97532863846	   1.3496641e-15
6079.9587079175835	   1.3186094e-15
6080.942087196708	   1.2318486e-15
6081.925466475831	   1.2350361e-15
6082.908845754954	   1.2474359e-15
6083.892225034078	   1.3054446e-15
6084.875604313202	   1.2058493e-15
6085.858983592325	    1.180273e-15
6086.842362871448	   1.2390934e-15
6087.825742150572	   1.2100672e-15
6088.809121429696	   1.2027052e-15
6089.792500708819	    1.174614e-15
6090.775879987943	    1.155667e-15
6091.759259267066	   1.1788603e-15
6092.7426385461895	   1.1285505e-15
6093.726017825314	   1.1348758e-15
6094.709397104437	   1.1527419e-15
6095.69277638356	   1.1563915e-15
6096.676155662684	    1.123987e-15
6097.659534941808	   1.1395583e-15
6098.642914220931	   1.1425059e-15
6099.626293500055	   1.0959279e-15
6100.609672779178	   1.0960502e-15
6101.5930520583015	   1.0673695e-15
6102.576431337426	    1.056106e-15
6103.559810616549	   1.1006633e-15
6104.543189895672	   1.0852329e-15
6105.526569174795	   1.0400986e-15
6106.50994845392	   1.0726178e-15
6107.493327733043	   1.0627747e-15
6108.476707012166	   1.0824305e-15
6109.46008629129	   1.0800043e-15
6110.4434655704135	   1.0527514e-15
6111.426844849537	   1.0692931e-15
6112.410224128661	   1.0782681e-15
6113.393603407784	   1.0799537e-15
6114.3769826869075	   1.0623907e-15
6115.360361966032	   1.0605956e-15
6116.343741245155	   1.0437211e-15
6117.327120524278	   1.0446366e-15
6118.310499803401	   1.0798392e-15
6119.293879082526	   1.0846794e-15
6120.277258361649	   1.1111173e-15
6121.260637640772	   1.0803252e-15
6122.244016919896	    1.095927e-15
6123.2273961990195	   1.1479313e-15
6124.210775478143	   1.1722141e-15
6125.194154757267	   1.1949224e-15
6126.17753403639	   1.1290831e-15
6127.160913315513	   1.0750239e-15
6128.144292594638	   1.1151071e-15
6129.127671873761	   1.1021222e-15
6130.111051152884	   1.1343778e-15
6131.094430432008	   1.1293812e-15
6132.0778097111315	   1.1239133e-15
6133.061188990255	   1.1362762e-15
6134.044568269379	   1.1466011e-15
6135.027947548502	   1.1395552e-15
6136.011326827625	   1.2003449e-15
6136.994706106749	   1.1681248e-15
6137.978085385873	   1.1465861e-15
6138.961464664996	   1.1606482e-15
6139.944843944119	   1.2007892e-15
6140.928223223244	   1.2543384e-15
6141.911602502367	   1.2083788e-15
6142.89498178149	    1.227387e-15
6143.878361060614	   1.2513648e-15
6144.8617403397375	   1.2363226e-15
6145.845119618861	   1.2806142e-15
6146.828498897985	   1.2353665e-15
6147.811878177108	   1.2706842e-15
6148.795257456231	   1.2534315e-15
6149.778636735355	   1.2377877e-15
6150.762016014479	   1.2679295e-15
6151.745395293602	   1.2480366e-15
6152.728774572725	   1.2547173e-15
6153.7121538518495	   1.2338629e-15
6154.695533130973	   1.3101174e-15
6155.678912410096	   1.3016339e-15
6156.66229168922	   1.2966935e-15
6157.645670968343	   1.3321796e-15
6158.629050247467	   1.3053407e-15
6159.612429526591	   1.3129942e-15
6160.595808805714	   1.3004993e-15
6161.579188084837	   1.3586881e-15
6162.562567363961	   1.2669281e-15
6163.545946643085	   1.2931039e-15
6164.529325922208	   1.2834007e-15
6165.512705201331	   1.2584439e-15
6166.4960844804555	   1.2678371e-15
6167.479463759579	   1.2571311e-15
6168.462843038702	   1.2594361e-15
6169.446222317826	   1.2598264e-15
6170.429601596949	   1.2738005e-15
6171.412980876073	   1.2652303e-15
6172.396360155197	   1.2194006e-15
6173.37973943432	   1.2431612e-15
6174.363118713443	    1.245049e-15
6175.3464979925675	     1.25282e-15
6176.329877271691	   1.2575694e-15
6177.313256550814	   1.2246584e-15
6178.296635829938	   1.1912658e-15
6179.280015109061	   1.1876462e-15
6180.263394388185	   1.1890364e-15
6181.246773667308	    1.143584e-15
6182.230152946432	   1.1516051e-15
6183.213532225555	   1.1663467e-15
6184.196911504679	   1.1232562e-15
6185.180290783803	   1.1057164e-15
6186.163670062926	   1.1212332e-15
6187.147049342049	    1.060893e-15
6188.130428621173	   1.0560114e-15
6189.113807900297	   1.0713139e-15
6190.09718717942	   1.0553924e-15
6191.080566458544	   1.0055227e-15
6192.063945737667	   1.0642742e-15
6193.047325016791	   1.1386534e-15
6194.030704295914	   1.0847284e-15
6195.014083575038	   1.0152544e-15
6195.997462854161	   1.0191727e-15
6196.980842133285	   1.0681855e-15
6197.964221412409	   1.0909199e-15
6198.947600691532	   1.0428905e-15
6199.930979970655	   1.0231918e-15
6200.914359249779	   1.0318657e-15
6201.897738528903	   1.0439712e-15
6202.881117808026	   1.0213273e-15
6203.86449708715	   1.0252012e-15
6204.847876366273	   1.0233831e-15
6205.831255645397	     9.74602e-16
6206.814634924521	   1.0175361e-15
6207.798014203644	    9.926862e-16
6208.781393482767	   1.0006699e-15
6209.764772761891	   1.0260088e-15
6210.748152041015	   1.0252336e-15
6211.731531320138	   1.0099393e-15
6212.714910599261	    1.032965e-15
6213.698289878385	   1.0351331e-15
6214.681669157509	   1.0421492e-15
6215.665048436632	   1.0013275e-15
6216.648427715756	   1.0226328e-15
6217.631806994879	   1.0917321e-15
6218.615186274003	    1.109109e-15
6219.598565553127	   1.0955211e-15
6220.58194483225	     1.05185e-15
6221.565324111373	   1.0546133e-15
6222.548703390497	   1.1354257e-15
6223.532082669621	   1.1306527e-15
6224.515461948744	   1.1322267e-15
6225.498841227867	   1.1332118e-15
6226.482220506991	   1.1014861e-15
6227.465599786115	   1.1556608e-15
6228.448979065238	   1.1146297e-15
6229.432358344362	    1.129861e-15
6230.415737623485	   1.1300329e-15
6231.3991169026085	   1.1746275e-15
6232.382496181733	   1.2178863e-15
6233.365875460856	   1.1929786e-15
6234.349254739979	   1.2092174e-15
6235.332634019103	   1.2174755e-15
6236.316013298227	      1.3251e-15
6237.29939257735	   1.2831715e-15
6238.282771856473	   1.2279533e-15
6239.266151135597	    1.258028e-15
6240.2495304147205	   1.3347361e-15
6241.232909693844	   1.2744864e-15
6242.216288972968	   1.2826632e-15
6243.199668252091	   1.3276265e-15
6244.1830475312145	   1.3471245e-15
6245.166426810339	   1.3741906e-15
6246.149806089462	   1.3838478e-15
6247.133185368585	    1.386124e-15
6248.116564647709	   1.3614109e-15
6249.099943926833	   1.3933672e-15
6250.083323205956	   1.3997242e-15
6251.06670248508	   1.3940223e-15
6252.050081764203	   1.4460465e-15
6253.0334610433265	   1.4426208e-15
6254.016840322451	   1.3997564e-15
6255.000219601574	   1.3927949e-15
6255.983598880697	   1.4266675e-15
6256.96697815982	   1.4204547e-15
6257.950357438945	   1.4388738e-15
6258.933736718068	   1.4298179e-15
6259.917115997191	   1.3978556e-15
6260.900495276315	   1.4364108e-15
6261.8838745554385	   1.3885712e-15
6262.867253834562	   1.3826641e-15
6263.850633113686	   1.3986078e-15
6264.834012392809	   1.4065547e-15
6265.8173916719325	   1.3840388e-15
6266.800770951057	   1.3639585e-15
6267.78415023018	   1.3816194e-15
6268.767529509303	   1.3455214e-15
6269.750908788426	   1.3179885e-15
6270.734288067551	   1.3101364e-15
6271.717667346674	   1.2936018e-15
6272.701046625797	   1.3070015e-15
6273.684425904921	    1.333908e-15
6274.6678051840445	   1.2841743e-15
6275.651184463168	   1.2380767e-15
6276.634563742292	   1.1908919e-15
6277.617943021415	    1.164152e-15
6278.601322300538	   1.1627116e-15
6279.584701579663	   1.1861661e-15
6280.568080858786	   1.1822434e-15
6281.551460137909	   1.1845194e-15
6282.534839417033	   1.1502383e-15
6283.5182186961565	   1.1409747e-15
6284.50159797528	   1.1917683e-15
6285.484977254404	   1.1813439e-15
6286.468356533527	   1.2165032e-15
6287.45173581265	    1.220941e-15
6288.435115091774	   1.1524184e-15
6289.418494370898	   1.1563996e-15
6290.401873650021	   1.0876535e-15
6291.385252929144	   1.0758884e-15
6292.3686322082685	   1.0964964e-15
6293.352011487392	   1.0906344e-15
6294.335390766515	   1.1340935e-15
6295.318770045639	      1.0601e-15
6296.3021493247625	   1.0507837e-15
6297.285528603886	   1.0322751e-15
6298.26890788301	    9.636173e-16
6299.252287162133	    9.963453e-16
6300.235666441256	    1.176578e-15
6301.21904572038	   1.0905859e-15
6302.202424999504	    9.812044e-16
6303.185804278627	    9.828833e-16
6304.16918355775	    9.448473e-16
6305.1525628368745	    9.450587e-16
6306.135942115998	    9.852886e-16
6307.119321395121	   1.0179301e-15
6308.102700674245	   1.0276329e-15
6309.086079953368	    9.916566e-16
6310.069459232492	      9.6882e-16
6311.052838511616	    9.723623e-16
6312.036217790739	    9.866198e-16
6313.019597069862	   1.0019497e-15
6314.002976348986	    9.364623e-16
6314.98635562811	     9.96449e-16
6315.969734907233	    9.627636e-16
6316.953114186357	    9.242277e-16
6317.93649346548	    9.693704e-16
6318.919872744604	      9.9672e-16
6319.903252023727	    9.327117e-16
6320.886631302851	      9.8684e-16
6321.870010581974	    9.548544e-16
6322.853389861098	    9.597305e-16
6323.836769140222	     9.40125e-16
6324.820148419345	    9.919457e-16
6325.803527698468	     9.83589e-16
6326.7869069775925	    9.240805e-16
6327.770286256716	    8.993374e-16
6328.753665535839	    9.319091e-16
6329.737044814963	     9.44975e-16
6330.720424094086	     9.47202e-16
6331.70380337321	    9.805937e-16
6332.687182652333	    9.408997e-16
6333.670561931457	    9.250524e-16
6334.65394121058	    9.446871e-16
6335.637320489704	     9.55004e-16
6336.620699768828	    9.731492e-16
6337.604079047951	    9.406619e-16
6338.587458327074	    9.430043e-16
6339.570837606198	    9.664485e-16
6340.554216885322	    9.446411e-16
6341.537596164445	    9.564199e-16
6342.520975443569	    9.601845e-16
6343.504354722692	    9.703673e-16
6344.487734001816	    9.850788e-16
6345.471113280939	    9.957595e-16
6346.454492560063	     9.56544e-16
6347.437871839186	    9.229805e-16
6348.4212511183105	    9.475466e-16
6349.404630397434	    9.392665e-16
6350.388009676557	    9.129739e-16
6351.37138895568	    9.459024e-16
6352.354768234804	    9.839271e-16
6353.338147513928	    9.735024e-16
6354.321526793051	    9.441006e-16
6355.304906072175	    9.790468e-16
6356.288285351298	    9.610713e-16
6357.271664630422	    9.589909e-16
6358.255043909546	    9.648983e-16
6359.238423188669	    9.200037e-16
6360.221802467792	    9.298804e-16
6361.205181746916	    9.704414e-16
6362.18856102604	    9.560522e-16
6363.171940305163	    9.395359e-16
6364.155319584286	    9.527381e-16
6365.13869886341	    9.599331e-16
6366.122078142534	      1.0295e-15
6367.105457421657	   1.0105337e-15
6368.088836700781	    9.905221e-16
6369.072215979904	   1.0086649e-15
6370.0555952590275	    9.884773e-16
6371.038974538152	    9.801543e-16
6372.022353817275	    9.704251e-16
6373.005733096398	    9.379121e-16
6373.989112375522	     9.62508e-16
6374.972491654646	    9.682762e-16
6375.955870933769	     9.94963e-16
6376.939250212892	    9.851731e-16
6377.922629492016	    9.868117e-16
6378.90600877114	   1.0258619e-15
6379.889388050263	   1.0074733e-15
6380.872767329387	    9.860379e-16
6381.85614660851	   1.0453489e-15
6382.8395258876335	   1.0124049e-15
6383.822905166758	   1.0065403e-15
6384.806284445881	   1.0067379e-15
6385.789663725004	   1.0745347e-15
6386.773043004128	   1.0731418e-15
6387.756422283252	   1.0571487e-15
6388.739801562375	   1.0802424e-15
6389.723180841498	   1.0700915e-15
6390.706560120622	   1.1026483e-15
6391.6899393997455	   1.1119549e-15
6392.67331867887	   1.0810268e-15
6393.656697957993	   1.0954341e-15
6394.640077237116	   1.0839913e-15
6395.6234565162395	   1.0701577e-15
6396.606835795364	   1.0276057e-15
6397.590215074487	   1.0889889e-15
6398.57359435361	    1.071858e-15
6399.556973632734	    1.089171e-15
6400.540352911858	   1.1559557e-15
6401.523732190981	   1.1761661e-15
6402.507111470105	   1.1934742e-15
6403.490490749228	   1.1360224e-15
6404.4738700283515	   1.1703832e-15
6405.457249307476	   1.1584262e-15
6406.440628586599	   1.1463462e-15
6407.424007865722	   1.1809945e-15
6408.407387144845	   1.1478266e-15
6409.39076642397	   1.1540367e-15
6410.374145703093	   1.1935029e-15
6411.357524982216	   1.2139335e-15
6412.34090426134	   1.2203924e-15
6413.3242835404635	   1.2174733e-15
6414.307662819587	   1.2254187e-15
6415.291042098711	   1.2239548e-15
6416.274421377834	   1.2388531e-15
6417.257800656957	   1.2676068e-15
6418.241179936082	   1.2158226e-15
6419.224559215205	   1.2955977e-15
6420.207938494328	    1.270483e-15
6421.191317773451	   1.2410953e-15
6422.1746970525755	   1.2878286e-15
6423.158076331699	   1.2510754e-15
6424.141455610823	   1.2498291e-15
6425.124834889946	   1.2958735e-15
6426.1082141690695	   1.3015796e-15
6427.091593448193	   1.2714371e-15
6428.074972727317	   1.2827278e-15
6429.05835200644	   1.3099527e-15
6430.041731285563	   1.2666648e-15
6431.025110564688	    1.288852e-15
6432.008489843811	   1.3258852e-15
6432.991869122934	   1.3113778e-15
6433.975248402058	    1.301487e-15
6434.9586276811815	    1.335736e-15
6435.942006960305	    1.291352e-15
6436.925386239429	   1.3454381e-15
6437.908765518552	   1.4055807e-15
6438.892144797675	   1.3840121e-15
6439.875524076799	   1.4271157e-15
6440.858903355923	   1.4311741e-15
6441.842282635046	   1.3992004e-15
6442.825661914169	   1.3570812e-15
6443.8090411932935	   1.3728419e-15
6444.792420472417	   1.4137253e-15
6445.77579975154	   1.3877335e-15
6446.759179030664	   1.3883274e-15
6447.7425583097875	   1.3943914e-15
6448.725937588911	   1.4120187e-15
6449.709316868035	    1.394012e-15
6450.692696147158	    1.411383e-15
6451.676075426281	     1.45792e-15
6452.659454705405	   1.4846236e-15
6453.642833984529	   1.4839911e-15
6454.626213263652	   1.4672298e-15
6455.609592542775	   1.4919567e-15
6456.5929718218995	   1.4674731e-15
6457.576351101023	   1.4599999e-15
6458.559730380146	   1.4852873e-15
6459.54310965927	   1.5233951e-15
6460.526488938393	   1.5189221e-15
6461.509868217517	    1.528936e-15
6462.493247496641	   1.5048976e-15
6463.476626775764	   1.4963724e-15
6464.460006054887	    1.534951e-15
6465.443385334011	   1.4919484e-15
6466.426764613135	   1.5080941e-15
6467.410143892258	   1.4927971e-15
6468.393523171382	   1.5181708e-15
6469.376902450505	   1.5270442e-15
6470.360281729629	   1.4967844e-15
6471.343661008752	   1.5338242e-15
6472.327040287876	   1.5863054e-15
6473.310419566999	     1.55551e-15
6474.293798846123	   1.5240781e-15
6475.277178125247	   1.5229254e-15
6476.26055740437	   1.5670121e-15
6477.243936683493	   1.5999825e-15
6478.2273159626175	   1.6125749e-15
6479.210695241741	   1.6127802e-15
6480.194074520864	   1.6565351e-15
6481.177453799988	    1.646746e-15
6482.160833079111	   1.6083261e-15
6483.144212358235	   1.6579551e-15
6484.127591637358	   1.6348726e-15
6485.110970916482	   1.6370524e-15
6486.094350195605	   1.6743131e-15
6487.077729474729	   1.7125236e-15
6488.061108753853	   1.6803873e-15
6489.044488032976	   1.6730031e-15
6490.027867312099	   1.7436581e-15
6491.011246591223	   1.7262678e-15
6491.994625870347	   1.7157654e-15
6492.97800514947	   1.7462269e-15
6493.961384428594	   1.7173033e-15
6494.944763707717	   1.7170319e-15
6495.928142986841	   1.7228491e-15
6496.911522265964	   1.7578877e-15
6497.894901545088	   1.7775097e-15
6498.878280824211	   1.7277416e-15
6499.861660103335	   1.6540911e-15
6500.845039382459	   1.7042351e-15
6501.828418661582	   1.7083925e-15
6502.811797940705	    1.681296e-15
6503.795177219829	    1.673456e-15
6504.778556498953	   1.7382937e-15
6505.761935778076	   1.7219198e-15
 6506.7453150572	   1.7123766e-15
6507.728694336323	   1.7282746e-15
6508.712073615447	   1.7716841e-15
6509.695452894571	   1.7414869e-15
6510.678832173694	   1.7357433e-15
6511.662211452817	   1.7621274e-15
6512.645590731941	   1.7889535e-15
6513.628970011065	   1.7837523e-15
6514.612349290188	   1.8172611e-15
6515.595728569311	   1.7800184e-15
6516.579107848435	   1.7866345e-15
6517.562487127559	   1.7893628e-15
6518.545866406682	    1.799785e-15
6519.529245685806	   1.8451272e-15
6520.512624964929	   1.8749705e-15
6521.4960042440525	   1.8768226e-15
6522.479383523177	   1.8756418e-15
 6523.4627628023	   1.8508447e-15
6524.446142081423	   1.8291732e-15
6525.429521360547	    1.821819e-15
6526.412900639671	   1.8225892e-15
6527.396279918794	   1.8342234e-15
6528.379659197917	   1.8748018e-15
6529.363038477041	   1.9022228e-15
6530.346417756165	   1.8649105e-15
6531.329797035289	   1.8572692e-15
6532.313176314412	    1.808402e-15
6533.296555593535	    1.801116e-15
6534.2799348726585	   1.9182507e-15
6535.263314151783	   1.9294625e-15
6536.246693430906	    1.886834e-15
6537.230072710029	   1.8480362e-15
6538.213451989153	   1.8572468e-15
6539.196831268277	    1.909333e-15
 6540.1802105474	   1.9258683e-15
6541.163589826523	    1.910445e-15
6542.146969105647	    1.898813e-15
6543.1303483847705	    1.862262e-15
6544.113727663895	   1.8913214e-15
6545.097106943018	   1.9334743e-15
6546.080486222141	   1.9650891e-15
6547.063865501264	   1.9255077e-15
6548.047244780389	   1.9053894e-15
6549.030624059512	   1.9622922e-15
6550.014003338635	    1.910284e-15
6550.997382617759	   1.8768478e-15
6551.9807618968825	   1.9161994e-15
6552.964141176006	    1.879667e-15
6553.94752045513	    1.940575e-15
6554.930899734253	   1.9485718e-15
6555.9142790133765	   1.9775818e-15
6556.897658292501	   1.9514885e-15
6557.881037571624	    2.015571e-15
6558.864416850747	   1.9483109e-15
6559.84779612987	   1.9195567e-15
6560.831175408995	   1.9671699e-15
6561.814554688118	    1.968027e-15
6562.797933967241	   1.8836206e-15
6563.781313246365	   1.8891988e-15
6564.7646925254885	    1.912637e-15
6565.748071804612	    1.936312e-15
6566.731451083736	   1.8619322e-15
6567.714830362859	    1.904593e-15
6568.698209641982	   1.8824664e-15
6569.681588921107	   1.8055225e-15
6570.66496820023	   1.8494954e-15
6571.648347479353	   1.9566463e-15
6572.631726758476	   2.0063256e-15
6573.6151060376005	   1.9801748e-15
6574.598485316724	   1.9253165e-15
6575.581864595848	   1.9598968e-15
6576.565243874971	   1.9416953e-15
6577.5486231540945	   1.9613226e-15
6578.532002433218	   1.9638787e-15
6579.515381712342	   1.9569354e-15
6580.498760991465	   1.9293706e-15
6581.482140270588	   1.9362305e-15
6582.465519549713	   1.9300417e-15
6583.448898828836	   1.9281405e-15
6584.432278107959	   1.9994583e-15
6585.415657387083	   2.0050972e-15
6586.3990366662065	    1.864801e-15
6587.38241594533	    1.953576e-15
6588.365795224454	   1.9628561e-15
6589.349174503577	   1.8720563e-15
 6590.3325537827	   1.8991758e-15
6591.315933061824	   1.9042374e-15
6592.299312340948	   1.9187924e-15
6593.282691620071	   1.8597928e-15
6594.266070899194	   1.8395519e-15
6595.2494501783185	    1.851023e-15
6596.232829457442	   1.8444822e-15
6597.216208736565	    1.907143e-15
6598.199588015689	   1.8660445e-15
6599.182967294812	   1.8864525e-15
6600.166346573936	   1.8789766e-15
6601.14972585306	   1.9017302e-15
6602.133105132183	   1.8714263e-15
6603.116484411306	   1.8445184e-15
6604.09986369043	   1.9075864e-15
6605.083242969554	   1.9020034e-15
6606.066622248677	   1.8683944e-15
6607.050001527801	   1.9014005e-15
6608.0333808069245	   1.8852978e-15
6609.016760086048	   1.9266224e-15
6610.000139365171	   1.9358705e-15
6610.983518644295	   1.8568955e-15
6611.966897923418	   1.8658694e-15
6612.950277202542	   1.8540679e-15
6613.933656481666	   1.8376382e-15
6614.917035760789	   1.8348277e-15
6615.900415039912	   1.8951803e-15
6616.883794319036	   1.8633842e-15
6617.86717359816	   1.8652945e-15
6618.850552877283	    1.898965e-15
6619.833932156407	   1.8413181e-15
6620.81731143553	   1.8620922e-15
6621.800690714654	   1.8585525e-15
6622.784069993777	   1.8634947e-15
6623.767449272901	   1.8995214e-15
6624.750828552024	    1.875336e-15
6625.734207831148	   1.8601083e-15
6626.717587110272	   1.8339606e-15
6627.700966389395	   1.8010131e-15
6628.684345668518	    1.826361e-15
6629.6677249476425	   1.8483773e-15
6630.651104226766	   1.8318337e-15
6631.634483505889	   1.8491223e-15
6632.617862785013	   1.8215712e-15
6633.601242064136	    1.812996e-15
6634.58462134326	   1.8234796e-15
6635.568000622383	   1.7642034e-15
6636.551379901507	    1.821767e-15
6637.53475918063	    1.848863e-15
6638.518138459754	   1.8001479e-15
6639.501517738878	   1.8198651e-15
6640.484897018001	   1.8271219e-15
6641.468276297124	    1.799326e-15
6642.451655576248	   1.7805715e-15
6643.435034855372	   1.7498381e-15
6644.418414134495	   1.7357281e-15
6645.401793413619	   1.7503015e-15
6646.385172692742	   1.7610454e-15
6647.368551971866	   1.7204474e-15
6648.351931250989	   1.7027761e-15
6649.335310530113	   1.7229314e-15
6650.318689809236	   1.7638213e-15
6651.30206908836	   1.7853796e-15
6652.285448367484	   1.7354711e-15
6653.268827646607	   1.6506702e-15
6654.25220692573	   1.7216714e-15
6655.235586204854	   1.7368124e-15
6656.218965483978	   1.6948025e-15
6657.202344763101	   1.7045518e-15
6658.185724042225	    1.753913e-15
6659.169103321348	   1.7265657e-15
6660.152482600472	   1.7112356e-15
6661.135861879596	   1.7073756e-15
6662.119241158719	   1.6763891e-15
6663.102620437842	   1.6453214e-15
6664.085999716966	   1.6928401e-15
6665.06937899609	   1.6549047e-15
6666.052758275213	   1.5648137e-15
6667.036137554336	    1.549894e-15
6668.01951683346	   1.5750112e-15
6669.002896112584	   1.6204617e-15
6669.986275391707	   1.5882092e-15
6670.969654670831	   1.6002373e-15
6671.953033949954	   1.5994846e-15
6672.9364132290775	   1.5714161e-15
6673.919792508202	    1.581308e-15
6674.903171787325	   1.5717131e-15
6675.886551066448	   1.5542384e-15
6676.869930345572	   1.5690482e-15
6677.853309624696	   1.5697117e-15
6678.836688903819	   1.5371445e-15
6679.820068182942	   1.5984456e-15
6680.803447462066	   1.5769029e-15
6681.7868267411895	   1.5367697e-15
6682.770206020314	   1.5124476e-15
6683.753585299437	   1.5402563e-15
6684.73696457856	   1.5529712e-15
6685.7203438576835	    1.511895e-15
6686.703723136808	   1.4935779e-15
6687.687102415931	    1.499484e-15
6688.670481695054	    1.504279e-15
6689.653860974178	   1.4908813e-15
6690.637240253302	   1.4752795e-15
6691.620619532425	   1.5075175e-15
6692.603998811549	   1.5275155e-15
6693.587378090672	   1.4783024e-15
6694.5707573697955	   1.4415862e-15
6695.55413664892	   1.4396408e-15
6696.537515928043	   1.4018044e-15
6697.520895207166	   1.3817359e-15
6698.504274486289	   1.3784519e-15
6699.487653765414	    1.385518e-15
6700.471033044537	   1.3950445e-15
6701.45441232366	   1.3588208e-15
6702.437791602784	   1.3487132e-15
6703.4211708819075	   1.3577175e-15
6704.404550161031	   1.3548307e-15
6705.387929440155	   1.3754774e-15
6706.371308719278	   1.3746415e-15
6707.3546879984015	    1.372671e-15
6708.338067277526	   1.3699575e-15
6709.321446556649	   1.3587173e-15
6710.304825835772	   1.3443859e-15
6711.288205114895	   1.3142347e-15
6712.27158439402	   1.3288805e-15
6713.254963673143	   1.3325966e-15
6714.238342952266	   1.2787561e-15
6715.22172223139	   1.3144375e-15
6716.2051015105135	   1.2922811e-15
6717.188480789637	   1.2805027e-15
6718.171860068761	   1.2757317e-15
6719.155239347884	   1.2691086e-15
6720.138618627007	    1.219545e-15
6721.121997906132	   1.2004684e-15
6722.105377185255	   1.2153867e-15
6723.088756464378	   1.2301597e-15
6724.072135743501	   1.2338816e-15
6725.0555150226255	   1.2169858e-15
6726.038894301749	   1.1893297e-15
6727.022273580873	   1.1543348e-15
6728.005652859996	   1.1592118e-15
6728.989032139119	   1.1672817e-15
6729.972411418243	   1.1783585e-15
6730.955790697367	   1.2047147e-15
6731.93916997649	   1.1763706e-15
6732.922549255613	   1.1544005e-15
6733.9059285347375	   1.1217923e-15
6734.889307813861	   1.1056953e-15
6735.872687092984	   1.1285471e-15
6736.856066372108	   1.1102016e-15
6737.8394456512315	   1.0903584e-15
6738.822824930355	   1.1519459e-15
6739.806204209479	   1.1244879e-15
6740.789583488602	   1.0973479e-15
6741.772962767725	    1.084572e-15
6742.756342046849	   1.0632176e-15
6743.739721325973	    9.923974e-16
6744.723100605096	     9.87717e-16
6745.706479884219	   1.0573034e-15
6746.6898591633435	   1.0254873e-15
6747.673238442467	   1.0103374e-15
6748.65661772159	   1.0343953e-15
6749.639997000714	   1.0183591e-15
6750.623376279837	    9.987701e-16
6751.606755558961	    1.012484e-15
6752.590134838085	    9.776986e-16
6753.573514117208	    9.457288e-16
6754.556893396331	     9.94676e-16
6755.540272675455	    9.831488e-16
6756.523651954579	    9.363181e-16
6757.507031233702	    9.554294e-16
6758.490410512826	    9.746165e-16
6759.4737897919495	    9.415079e-16
6760.457169071073	    9.291768e-16
6761.440548350196	    9.674393e-16
6762.42392762932	    9.604924e-16
6763.407306908443	    9.394086e-16
6764.390686187567	    9.034881e-16
6765.374065466691	    9.223883e-16
6766.357444745814	       9.134e-16
6767.340824024937	   8.8637503e-16
6768.3242033040615	    8.776835e-16
6769.307582583185	     8.99644e-16
6770.290961862308	    8.521152e-16
6771.274341141432	   8.5624665e-16
6772.257720420555	   8.8255793e-16
6773.241099699679	    8.503397e-16
6774.224478978802	    8.406815e-16
6775.207858257926	   8.7877297e-16
6776.191237537049	   8.3020235e-16
6777.174616816173	    8.087933e-16
6778.157996095297	   8.1177494e-16
6779.14137537442	   8.5147775e-16
6780.124754653543	    8.002508e-16
6781.108133932667	    8.114529e-16
6782.091513211791	   8.0451263e-16
6783.074892490914	    8.159836e-16
6784.058271770038	   8.3215767e-16
6785.041651049161	   8.0325193e-16
6786.025030328285	    8.219441e-16
6787.008409607408	    7.903635e-16
6787.991788886532	    7.811527e-16
6788.975168165655	   7.7217006e-16
6789.958547444779	    7.717293e-16
6790.941926723903	   7.4281343e-16
6791.925306003026	    7.524675e-16
6792.908685282149	    7.443719e-16
6793.892064561273	   7.4806196e-16
6794.875443840397	   6.9794334e-16
6795.85882311952	    6.990938e-16
6796.842202398644	    7.517957e-16
6797.825581677767	    7.208922e-16
6798.808960956891	    7.163702e-16
6799.792340236014	     7.80392e-16
6800.775719515138	   7.6435946e-16
6801.759098794261	    7.250605e-16
6802.742478073385	    7.282204e-16
6803.725857352509	     7.56512e-16
6804.709236631632	   7.1812184e-16
6805.692615910755	    7.300618e-16
6806.675995189879	   7.4469575e-16
6807.659374469003	    7.427794e-16
6808.642753748126	   7.2017235e-16
6809.62613302725	    7.100321e-16
6810.609512306373	    7.000095e-16
6811.592891585497	   7.1921525e-16
6812.57627086462	   7.0796697e-16
6813.559650143744	    6.806283e-16
6814.543029422867	    6.885091e-16
6815.526408701991	    7.069516e-16
6816.509787981115	    6.982244e-16
6817.493167260238	    6.962684e-16
6818.476546539361	   7.1330174e-16
6819.459925818485	   6.9976695e-16
6820.443305097609	   6.5597323e-16
6821.426684376733	   6.5128824e-16
6822.410063655856	    6.850204e-16
6823.393442934979	   6.9791274e-16
6824.3768222141025	    6.715912e-16
6825.360201493227	   6.7193906e-16
6826.34358077235	   6.8081443e-16
6827.326960051473	     6.59956e-16
6828.310339330597	   6.4660976e-16
6829.293718609721	     6.34883e-16
6830.277097888844	    6.631829e-16
6831.260477167967	    6.356617e-16
6832.243856447091	      6.2243e-16
6833.2272357262145	   6.1893047e-16
6834.210615005339	    6.631163e-16
6835.193994284462	   7.3308605e-16
6836.177373563585	   6.6997394e-16
6837.1607528427085	     6.38369e-16
6838.144132121833	   6.6602603e-16
6839.127511400956	    6.499917e-16
6840.110890680079	   6.8026974e-16
6841.094269959203	    6.916628e-16
6842.077649238327	     6.73962e-16
6843.06102851745	   7.0241446e-16
6844.044407796573	    7.041075e-16
6845.027787075697	   7.0559946e-16
6846.0111663548205	   7.3009867e-16
6846.994545633945	    6.938926e-16
6847.977924913068	    6.929095e-16
6848.961304192191	   6.8273624e-16
6849.944683471314	    6.697148e-16
6850.928062750439	   6.3308227e-16
6851.911442029562	    6.179085e-16
6852.894821308686	    6.271452e-16
6853.878200587809	   6.2267176e-16
6854.8615798669325	    6.276039e-16
6855.844959146056	   6.4432277e-16
6856.82833842518	    6.748926e-16
6857.811717704303	   6.9296316e-16
6858.795096983426	    6.928055e-16
6859.778476262551	    6.904216e-16
6860.761855541674	    7.016941e-16
6861.745234820797	     6.78572e-16
6862.72861409992	    6.327178e-16
6863.7119933790445	   6.6822805e-16
6864.695372658168	    7.555324e-16
6865.678751937292	     6.76655e-16
6866.662131216415	    5.883792e-16
6867.6455104955385	   4.5039945e-16
6868.628889774662	   3.7391489e-16
6869.612269053786	   3.9847553e-16
6870.595648332909	   4.3815024e-16
6871.579027612032	    4.482394e-16
6872.562406891157	   4.4191083e-16
6873.54578617028	   4.4267096e-16
6874.529165449403	   4.8991253e-16
6875.512544728526	   5.0897215e-16
6876.4959240076505	    5.290913e-16
6877.479303286774	   5.7782703e-16
6878.462682565898	    5.967474e-16
6879.446061845021	   6.2092534e-16
6880.429441124144	    6.492312e-16
6881.412820403268	    6.774358e-16
6882.396199682392	   6.7475005e-16
6883.379578961515	    6.901128e-16
6884.362958240638	    6.697101e-16
6885.3463375197625	    6.018763e-16
6886.329716798886	   5.8767395e-16
6887.313096078009	    6.245672e-16
6888.296475357132	   5.8664824e-16
6889.2798546362565	   5.6754733e-16
6890.26323391538	   5.7141393e-16
6891.246613194504	   6.2127527e-16
6892.229992473627	   5.8320797e-16
6893.21337175275	   5.9139703e-16
6894.196751031874	   6.7782313e-16
6895.180130310998	   6.5064074e-16
6896.163509590121	    5.753774e-16
6897.146888869245	   6.2120893e-16
6898.1302681483685	    7.084113e-16
6899.113647427492	   6.4817317e-16
6900.097026706615	   5.8414854e-16
6901.080405985739	    5.880271e-16
6902.063785264862	   6.7110966e-16
6903.047164543986	   6.6515025e-16
6904.03054382311	   6.1020836e-16
6905.013923102233	   6.2755363e-16
6905.997302381356	    7.201645e-16
6906.98068166048	    6.847429e-16
6907.964060939604	    6.621198e-16
6908.947440218727	   6.7673724e-16
6909.930819497851	   7.3532735e-16
6910.914198776974	   7.4121323e-16
6911.897578056098	    7.041106e-16
6912.880957335221	    6.877629e-16
6913.864336614345	   6.8645445e-16
6914.847715893468	    6.959199e-16
6915.831095172592	   7.0820785e-16
6916.814474451716	    7.186909e-16
6917.797853730839	    7.052325e-16
6918.781233009962	    7.057914e-16
6919.764612289086	   7.7913674e-16
6920.74799156821	    7.462257e-16
6921.731370847333	     7.73247e-16
6922.714750126457	    7.449413e-16
6923.69812940558	   6.8594226e-16
6924.681508684704	    7.274189e-16
6925.664887963827	   7.7772426e-16
6926.648267242951	   8.0253656e-16
6927.631646522074	    7.698779e-16
6928.6150258011985	    7.493346e-16
6929.598405080322	    7.780315e-16
6930.581784359445	   8.1809984e-16
6931.565163638568	    7.978535e-16
6932.548542917692	   7.8148827e-16
6933.531922196816	   8.3089787e-16
6934.515301475939	    8.567634e-16
6935.498680755063	   8.2676604e-16
6936.482060034186	   8.5002345e-16
6937.46543931331	     8.50807e-16
6938.448818592433	   8.0454773e-16
6939.432197871557	   7.9083464e-16
6940.41557715068	    8.427239e-16
6941.3989564298045	   8.2292713e-16
6942.382335708928	    8.314608e-16
6943.365714988051	   8.5414734e-16
6944.349094267174	    8.921773e-16
6945.332473546298	    9.331106e-16
6946.315852825422	    9.342414e-16
6947.299232104545	    8.376889e-16
6948.282611383669	     9.20255e-16
6949.265990662792	     9.33074e-16
6950.249369941916	    9.161163e-16
6951.232749221039	    9.167108e-16
6952.216128500163	    9.647383e-16
6953.199507779286	    9.993199e-16
6954.18288705841	    9.628337e-16
6955.166266337534	    9.915773e-16
6956.149645616657	    1.615666e-15
