5997.99503842072	   3.2123502e-15
5998.964875241878	    8.075966e-15
5999.9347120630355	   6.5326993e-15
6000.904548884193	    6.525955e-15
6001.8743857053505	   6.5760313e-15
6002.844222526508	   6.5405928e-15
6003.8140593476655	     6.45214e-15
6004.783896168823	    6.474497e-15
6005.753732989981	    6.526722e-15
6006.723569811137	   6.4931564e-15
6007.693406632295	   6.4004698e-15
6008.663243453452	     6.48279e-15
6009.63308027461	   6.4442483e-15
6010.602917095767	   6.4695534e-15
6011.572753916925	   6.4915436e-15
6012.542590738082	   6.4354565e-15
6013.51242755924	   6.4813377e-15
6014.482264380397	   6.4086415e-15
6015.452101201555	   6.5135627e-15
6016.421938022712	   6.6282835e-15
6017.39177484387	    6.655771e-15
6018.361611665027	   6.5601236e-15
6019.331448486185	   6.5240197e-15
6020.301285307342	   6.4852857e-15
 6021.2711221285	   6.4492127e-15
6022.240958949657	    6.393605e-15
6023.210795770814	    6.424696e-15
6024.1806325919715	   6.5493528e-15
6025.150469413129	   6.4693602e-15
6026.1203062342865	   6.4481734e-15
6027.090143055444	    6.442477e-15
6028.059979876602	    6.496347e-15
6029.029816697759	    6.442795e-15
6029.999653518917	   6.4221466e-15
6030.969490340074	   6.4676433e-15
6031.939327161232	   6.4290245e-15
6032.909163982389	     6.48135e-15
6033.879000803547	   6.4593182e-15
6034.848837624704	   6.4257156e-15
6035.818674445862	   6.3658194e-15
6036.788511267019	   6.4667527e-15
6037.758348088177	   6.3519903e-15
6038.728184909334	   6.3025155e-15
6039.698021730491	   6.4002047e-15
6040.667858551648	    6.376723e-15
6041.637695372806	   6.2895517e-15
6042.607532193963	   6.2043342e-15
6043.577369015121	   6.2907045e-15
6044.547205836278	   6.2398944e-15
6045.517042657436	   6.2223294e-15
6046.486879478593	   6.3359225e-15
6047.456716299751	    6.300971e-15
6048.4265531209085	    6.203523e-15
6049.396389942066	    6.305659e-15
6050.3662267632235	   6.2983087e-15
6051.336063584381	    6.139304e-15
6052.3059004055385	    6.132216e-15
6053.275737226696	    6.162069e-15
6054.245574047854	    6.152038e-15
6055.215410869011	   6.1846682e-15
6056.185247690168	   6.1596422e-15
6057.155084511325	   6.1939187e-15
6058.124921332483	   6.0958556e-15
6059.09475815364	   6.0304113e-15
6060.064594974798	   6.0898408e-15
6061.034431795955	    6.142951e-15
6062.004268617113	   5.9121896e-15
6062.97410543827	    5.857974e-15
6063.943942259428	    5.925388e-15
6064.913779080585	   5.8596075e-15
6065.883615901743	   5.8013837e-15
 6066.8534527229	     5.84769e-15
6067.823289544058	   5.7788103e-15
6068.793126365215	    5.737641e-15
6069.762963186373	   5.7077895e-15
6070.73280000753	   5.6973782e-15
6071.702636828688	   5.6676876e-15
6072.6724736498445	   5.6558978e-15
6073.642310471002	    5.682815e-15
6074.6121472921595	   5.6749026e-15
6075.581984113317	   5.6600766e-15
6076.551820934475	   5.6650555e-15
6077.521657755632	   5.6551143e-15
6078.49149457679	    5.565518e-15
6079.461331397947	   5.5748253e-15
6080.431168219105	   5.5823236e-15
6081.401005040262	   5.5633967e-15
6082.37084186142	   5.5388497e-15
6083.340678682577	   5.5074828e-15
6084.310515503735	    5.565915e-15
6085.280352324892	    5.611423e-15
6086.25018914605	    5.599542e-15
6087.220025967207	   5.5646588e-15
6088.189862788365	   5.5750777e-15
6089.159699609521	    5.570615e-15
6090.129536430679	   5.5407246e-15
6091.099373251836	    5.549127e-15
6092.069210072994	   5.5014155e-15
6093.039046894151	    5.471746e-15
6094.008883715309	    5.529408e-15
6094.978720536466	    5.511899e-15
6095.948557357624	    5.494047e-15
6096.918394178781	    5.511013e-15
6097.888230999939	   5.4900186e-15
6098.8580678210965	   5.4884868e-15
6099.827904642254	   5.4899377e-15
6100.7977414634115	   5.4844024e-15
6101.767578284569	   5.4595403e-15
6102.7374151057265	    5.394583e-15
6103.707251926884	    5.447023e-15
6104.677088748042	    5.488411e-15
6105.646925569198	    5.499543e-15
6106.616762390356	   5.3787833e-15
6107.586599211513	   5.2975744e-15
6108.556436032671	    5.358633e-15
6109.526272853828	    5.219377e-15
6110.496109674986	   5.2242244e-15
6111.465946496143	   5.3785084e-15
6112.435783317301	   5.3113133e-15
6113.405620138458	     5.31455e-15
6114.375456959616	   5.3060172e-15
6115.345293780773	   5.2679956e-15
6116.315130601931	    5.293831e-15
6117.284967423088	     5.23501e-15
6118.254804244246	    5.191558e-15
6119.224641065403	    5.173091e-15
6120.194477886561	   5.2033365e-15
6121.164314707718	    5.133852e-15
6122.134151528875	   5.1644835e-15
6123.1039883500325	    5.133808e-15
6124.07382517119	   5.0469027e-15
6125.043661992348	    4.972387e-15
6126.013498813505	   4.9158607e-15
6126.983335634663	   4.9019093e-15
6127.95317245582	    4.837683e-15
6128.923009276978	    4.755198e-15
6129.892846098135	   4.7674453e-15
6130.862682919293	    4.685191e-15
6131.83251974045	    4.641812e-15
6132.802356561608	    4.676977e-15
6133.772193382765	    4.586483e-15
6134.742030203923	    4.553724e-15
6135.71186702508	   4.5528326e-15
6136.681703846238	   4.5475865e-15
6137.651540667395	   4.4593875e-15
6138.621377488553	   4.4948934e-15
6139.591214309709	   4.3668597e-15
6140.561051130867	   4.2998946e-15
6141.530887952024	   4.3253945e-15
6142.500724773182	   4.3092746e-15
6143.470561594339	     4.25287e-15
6144.440398415497	   4.1620925e-15
6145.410235236654	    4.167444e-15
6146.380072057812	   4.1484565e-15
6147.3499088789695	    4.023715e-15
6148.319745700127	    4.021869e-15
6149.2895825212845	    3.953891e-15
6150.259419342442	   3.9007117e-15
6151.2292561635995	   3.8915116e-15
6152.199092984757	    3.870204e-15
6153.168929805915	   3.7776263e-15
6154.138766627072	   3.7393786e-15
6155.108603448229	   3.7774578e-15
6156.078440269386	   3.6563016e-15
6157.048277090544	   3.5766055e-15
6158.018113911701	   3.4986774e-15
6158.987950732859	   3.4557983e-15
6159.957787554016	   3.3650427e-15
6160.927624375174	   3.2892106e-15
6161.897461196331	   3.2565594e-15
6162.867298017489	    3.166423e-15
6163.837134838646	   3.1260503e-15
6164.806971659804	   3.0887291e-15
6165.776808480961	   2.9695031e-15
6166.746645302119	   2.9751355e-15
6167.716482123276	   2.8901626e-15
6168.686318944434	   2.8133297e-15
6169.656155765591	   2.7702244e-15
6170.625992586749	     2.74135e-15
6171.595829407906	   2.6630004e-15
6172.565666229063	   2.6036783e-15
6173.5355030502205	   2.6061954e-15
6174.505339871378	    2.528966e-15
6175.475176692536	   2.4963152e-15
6176.445013513693	    2.458132e-15
6177.414850334851	   2.4028925e-15
6178.384687156008	   2.3409956e-15
6179.354523977166	    2.289417e-15
6180.324360798323	    2.290638e-15
6181.294197619481	    2.198449e-15
6182.264034440638	   2.1904007e-15
6183.233871261796	    2.163443e-15
6184.203708082953	   2.1524136e-15
6185.173544904111	   2.0855514e-15
6186.143381725268	   2.0629146e-15
6187.113218546426	   2.0586827e-15
6188.083055367582	   2.0153338e-15
6189.05289218874	   1.9936733e-15
6190.022729009897	   1.9742877e-15
6190.992565831055	   1.9769088e-15
6191.962402652212	   1.9411477e-15
6192.93223947337	    1.876392e-15
6193.902076294527	    1.938278e-15
6194.871913115685	   1.9125106e-15
6195.8417499368425	   1.9115988e-15
  6196.811586758	   1.8989862e-15
6197.7814235791575	   1.9360143e-15
6198.751260400315	   1.9565839e-15
6199.7210972214725	   1.9302875e-15
6200.69093404263	   1.9100277e-15
6201.660770863788	   1.8871665e-15
6202.630607684945	   1.8634532e-15
6203.600444506103	   1.8494814e-15
6204.57028132726	    1.914747e-15
6205.540118148417	    1.905349e-15
6206.509954969574	   1.8778896e-15
6207.479791790732	   1.8996874e-15
6208.449628611889	   1.8907658e-15
6209.419465433047	    1.886944e-15
6210.389302254204	    1.940413e-15
6211.359139075362	   1.8990307e-15
6212.328975896519	   1.9206324e-15
6213.298812717677	   1.9247894e-15
6214.268649538834	    1.929909e-15
6215.238486359992	   1.9663222e-15
6216.208323181149	   2.0064292e-15
6217.178160002307	    2.015634e-15
6218.147996823464	   2.0268139e-15
6219.117833644622	   2.0894937e-15
6220.087670465779	   2.1526868e-15
6221.057507286936	   2.1447552e-15
6222.0273441080935	   2.1463923e-15
6222.997180929251	     2.21305e-15
6223.967017750409	   2.2542437e-15
6224.936854571566	   2.2712231e-15
6225.906691392724	   2.2610846e-15
6226.876528213881	   2.2399854e-15
6227.846365035039	   2.2521416e-15
6228.816201856196	   2.3544788e-15
6229.786038677354	   2.3842698e-15
6230.755875498511	   2.4172372e-15
6231.725712319669	   2.4674667e-15
6232.695549140826	    2.492239e-15
6233.665385961984	   2.5283728e-15
6234.635222783141	   2.5360268e-15
6235.605059604299	   2.5970864e-15
6236.574896425456	   2.6347464e-15
6237.544733246614	    2.646278e-15
6238.51457006777	   2.6456917e-15
6239.484406888928	   2.6678738e-15
6240.454243710085	   2.7067188e-15
6241.424080531243	    2.750892e-15
 6242.3939173524	    2.769048e-15
6243.363754173558	     2.80182e-15
6244.333590994715	   2.8850548e-15
6245.303427815873	   2.8941784e-15
6246.2732646370305	   2.8855126e-15
6247.243101458188	   2.9455209e-15
6248.2129382793455	    3.021382e-15
6249.182775100503	   3.0156982e-15
6250.1526119216605	   3.0510235e-15
6251.122448742818	    3.125862e-15
6252.092285563976	   3.1379845e-15
6253.062122385133	    3.167801e-15
6254.03195920629	    3.177622e-15
6255.001796027447	    3.190823e-15
6255.971632848605	   3.2012452e-15
6256.941469669762	   3.2623207e-15
6257.91130649092	   3.3282766e-15
6258.881143312077	    3.358173e-15
6259.850980133235	    3.396348e-15
6260.820816954392	    3.428299e-15
6261.79065377555	    3.450854e-15
6262.760490596707	   3.4837324e-15
6263.730327417865	   3.4907212e-15
6264.700164239022	   3.4834317e-15
6265.67000106018	   3.5077555e-15
6266.639837881337	   3.5587954e-15
6267.609674702495	   3.5281419e-15
6268.579511523652	   3.5479205e-15
6269.54934834481	   3.5755683e-15
6270.519185165967	    3.578468e-15
6271.489021987124	   3.5446995e-15
6272.458858808282	    3.526239e-15
6273.428695629439	   3.5330856e-15
6274.398532450597	   3.5728087e-15
6275.368369271754	   3.5827914e-15
6276.338206092912	   3.4361783e-15
6277.308042914069	   3.2839078e-15
6278.277879735227	     3.27606e-15
6279.247716556384	   3.3803306e-15
6280.217553377542	   3.4630474e-15
6281.187390198699	   3.5025911e-15
6282.157227019857	    3.567484e-15
6283.127063841014	    3.630557e-15
6284.096900662172	     3.66886e-15
6285.066737483329	    3.732363e-15
6286.036574304487	    3.832553e-15
6287.006411125643	    3.836854e-15
6287.976247946801	    3.830611e-15
6288.946084767958	    3.867031e-15
6289.915921589116	   3.8718672e-15
6290.885758410273	    3.899018e-15
6291.855595231431	   3.8480648e-15
6292.825432052588	    3.820025e-15
6293.795268873746	   3.8647505e-15
6294.7651056949035	   3.8972854e-15
6295.734942516061	   3.8849166e-15
6296.7047793372185	   3.9271658e-15
6297.674616158376	   3.9958762e-15
6298.6444529795335	   3.9844587e-15
6299.614289800691	     4.04445e-15
6300.584126621849	    4.133944e-15
6301.553963443006	   4.1154167e-15
6302.523800264164	    4.049686e-15
6303.493637085321	    4.069199e-15
6304.463473906478	   4.0768517e-15
6305.433310727635	   4.0348906e-15
6306.403147548793	   4.0237538e-15
6307.37298436995	     4.04807e-15
6308.342821191108	   4.1389257e-15
6309.312658012265	    4.148397e-15
6310.282494833423	    4.126521e-15
6311.25233165458	   4.1722234e-15
6312.222168475738	    4.184936e-15
6313.192005296895	   4.1794092e-15
6314.161842118053	   4.1991027e-15
6315.13167893921	     4.20177e-15
6316.101515760368	    4.199221e-15
6317.071352581525	    4.238917e-15
6318.041189402683	   4.2463252e-15
6319.01102622384	   4.2223606e-15
6319.980863044997	    4.246358e-15
6320.9506998661545	   4.2636932e-15
6321.920536687312	   4.2823555e-15
6322.89037350847	   4.2535297e-15
6323.860210329627	   4.2498815e-15
6324.830047150785	   4.2585212e-15
6325.799883971942	    4.244803e-15
 6326.7697207931	   4.2341047e-15
6327.739557614257	   4.2270684e-15
6328.709394435415	    4.256022e-15
6329.679231256572	    4.271001e-15
6330.64906807773	   4.2619136e-15
6331.618904898887	    4.236537e-15
6332.588741720045	    4.239588e-15
6333.558578541202	   4.2317868e-15
6334.52841536236	   4.2334457e-15
6335.498252183517	    4.185233e-15
6336.468089004675	   4.2049045e-15
6337.437925825831	   4.2003335e-15
6338.407762646989	   4.2175414e-15
6339.377599468146	   4.2594458e-15
6340.347436289304	    4.216211e-15
6341.317273110461	    4.208465e-15
6342.287109931619	   4.2416475e-15
6343.2569467527765	   4.2176053e-15
6344.226783573934	    4.181118e-15
6345.1966203950915	   4.2015147e-15
6346.166457216249	    4.209645e-15
6347.1362940374065	    4.239201e-15
6348.106130858564	    4.252482e-15
6349.0759676797215	   4.2648312e-15
6350.045804500879	   4.2721043e-15
6351.015641322037	   4.2484763e-15
6351.985478143194	   4.2046224e-15
6352.955314964351	    4.221146e-15
6353.925151785508	   4.2209494e-15
6354.894988606666	   4.1949163e-15
6355.864825427823	    4.212875e-15
6356.834662248981	   4.2415696e-15
6357.804499070138	   4.2184884e-15
6358.774335891296	   4.1371795e-15
6359.744172712453	    4.130051e-15
6360.714009533611	   4.1552006e-15
6361.683846354768	    4.169617e-15
6362.653683175926	   4.2051683e-15
6363.623519997083	   4.1997537e-15
6364.593356818241	    4.175788e-15
6365.563193639398	   4.1579988e-15
6366.533030460556	   4.1680344e-15
6367.502867281713	   4.1460937e-15
6368.472704102871	   4.1954363e-15
6369.442540924028	   4.1937016e-15
6370.412377745185	   4.1361563e-15
6371.382214566343	   4.1783907e-15
 6372.3520513875	   4.1928283e-15
6373.321888208658	   4.2061628e-15
6374.291725029815	   4.1895838e-15
6375.261561850973	    4.181774e-15
6376.23139867213	   4.2014444e-15
6377.201235493288	    4.200101e-15
6378.171072314445	   4.1786397e-15
6379.140909135603	    4.178747e-15
6380.11074595676	   4.1559134e-15
6381.080582777918	   4.1759677e-15
6382.050419599075	    4.152188e-15
6383.020256420233	   4.1398236e-15
6383.99009324139	    4.148927e-15
6384.959930062548	   4.1095332e-15
6385.929766883704	   4.0622603e-15
6386.899603704862	    4.050378e-15
6387.869440526019	   4.0763016e-15
6388.839277347177	    4.055149e-15
6389.809114168334	   4.0769716e-15
6390.778950989492	    4.104078e-15
6391.748787810649	   4.0392795e-15
6392.718624631807	   4.0644325e-15
6393.6884614529645	    4.052619e-15
6394.658298274122	   4.0254135e-15
6395.6281350952795	   4.0337814e-15
6396.597971916437	   4.0521764e-15
6397.5678087375945	   4.0257545e-15
6398.537645558752	     4.06023e-15
6399.50748237991	   4.0211432e-15
6400.477319201067	   4.0689565e-15
6401.447156022225	    4.056659e-15
6402.416992843382	    4.038056e-15
6403.386829664539	    4.038532e-15
6404.356666485696	     4.04438e-15
6405.326503306854	   4.0453226e-15
6406.296340128011	    4.034731e-15
6407.266176949169	   3.9971697e-15
6408.236013770326	    3.977038e-15
6409.205850591484	    3.956696e-15
6410.175687412641	   3.9752853e-15
6411.145524233799	    3.966059e-15
6412.115361054956	    3.955408e-15
6413.085197876114	   3.9587076e-15
6414.055034697271	     3.93963e-15
6415.024871518429	   3.9259643e-15
6415.994708339586	    3.906481e-15
6416.964545160744	     3.89181e-15
6417.934381981901	    3.897898e-15
6418.904218803058	    3.912351e-15
6419.8740556242155	   3.9161327e-15
6420.843892445373	    3.882549e-15
6421.813729266531	    3.875639e-15
6422.783566087688	    3.889226e-15
6423.753402908846	   3.8684338e-15
6424.723239730003	   3.8658126e-15
6425.693076551161	   3.8701736e-15
6426.662913372318	   3.8752067e-15
6427.632750193476	    3.876682e-15
6428.602587014633	   3.8903177e-15
6429.572423835791	   3.9116574e-15
6430.542260656948	    3.890822e-15
6431.512097478106	   3.8916493e-15
6432.481934299263	   3.8476052e-15
6433.451771120421	    3.862174e-15
6434.421607941578	    3.811794e-15
6435.391444762736	   3.8423282e-15
6436.361281583892	    3.856908e-15
6437.33111840505	    3.850947e-15
6438.300955226207	   3.7695393e-15
6439.270792047365	    3.722763e-15
6440.240628868522	    3.787122e-15
6441.21046568968	    3.761173e-15
6442.1803025108375	   3.7404086e-15
6443.150139331995	   3.6913463e-15
6444.1199761531525	   3.7448487e-15
6445.08981297431	   3.7250836e-15
6446.0596497954675	   3.7270953e-15
6447.029486616625	    3.740437e-15
6447.999323437783	   3.7290854e-15
6448.96916025894	    3.747822e-15
6449.938997080098	   3.7093415e-15
6450.908833901255	   3.7443587e-15
6451.878670722412	   3.7468227e-15
6452.848507543569	   3.7039006e-15
6453.818344364727	   3.7024395e-15
6454.788181185884	   3.6896836e-15
6455.758018007042	   3.7027202e-15
6456.727854828199	    3.697101e-15
6457.697691649357	   3.7173405e-15
6458.667528470514	   3.7260056e-15
6459.637365291672	   3.7126665e-15
6460.607202112829	     3.70748e-15
6461.577038933987	    3.682508e-15
6462.546875755144	    3.657375e-15
6463.516712576302	   3.6676116e-15
6464.486549397459	   3.6718175e-15
6465.456386218617	   3.6580105e-15
6466.426223039774	   3.6379646e-15
6467.396059860932	    3.623391e-15
6468.365896682089	     3.58093e-15
6469.335733503246	   3.5474864e-15
6470.305570324404	   3.5768588e-15
6471.275407145561	   3.5830984e-15
6472.245243966719	    3.561992e-15
6473.215080787876	   3.5513108e-15
6474.184917609034	   3.5413274e-15
6475.154754430191	   3.4731354e-15
6476.124591251349	    3.419606e-15
6477.094428072506	    3.480769e-15
6478.064264893664	   3.5294815e-15
6479.034101714821	    3.494242e-15
6480.003938535979	    3.499542e-15
6480.973775357136	     3.54912e-15
6481.943612178294	   3.5482572e-15
6482.913448999451	   3.4828616e-15
6483.883285820609	   3.4453215e-15
6484.853122641765	    3.514116e-15
6485.822959462923	   3.5051217e-15
6486.79279628408	   3.4708405e-15
6487.762633105238	   3.4946218e-15
6488.732469926395	   3.5437298e-15
6489.702306747553	   3.5274035e-15
6490.67214356871	   3.4861771e-15
6491.641980389868	   3.4847452e-15
6492.6118172110255	   3.4930474e-15
6493.581654032183	   3.5032103e-15
6494.5514908533405	   3.4750679e-15
6495.521327674498	   3.4554953e-15
6496.4911644956555	   3.3779377e-15
6497.461001316813	    3.383243e-15
6498.430838137971	   3.4603812e-15
6499.400674959128	    3.464749e-15
6500.370511780286	   3.3889305e-15
6501.340348601443	   3.4136599e-15
 6502.3101854226	   3.4306622e-15
6503.280022243757	   3.3895048e-15
6504.249859064915	    3.418763e-15
6505.219695886072	   3.4287987e-15
6506.18953270723	    3.414433e-15
6507.159369528387	   3.4191093e-15
6508.129206349545	   3.3147535e-15
6509.099043170702	    3.315795e-15
6510.06887999186	   3.3658713e-15
6511.038716813017	   3.3986276e-15
6512.008553634175	   3.3571645e-15
6512.978390455332	   3.3688652e-15
6513.94822727649	   3.2821864e-15
6514.918064097647	   3.2462057e-15
6515.887900918805	   3.2452642e-15
6516.857737739962	   3.2463808e-15
6517.827574561119	   3.3137337e-15
6518.797411382277	   3.3553213e-15
6519.767248203434	   3.3384493e-15
6520.737085024592	    3.353625e-15
6521.706921845749	     3.33478e-15
6522.676758666907	   3.3325154e-15
6523.646595488064	   3.3374017e-15
6524.616432309222	   3.3356551e-15
6525.586269130379	    3.328357e-15
6526.556105951537	    3.288333e-15
6527.525942772694	   3.2731964e-15
6528.495779593852	   3.2977777e-15
6529.465616415009	   3.3188348e-15
6530.435453236167	   3.2993718e-15
6531.405290057324	   3.2266426e-15
6532.375126878482	   3.2216606e-15
6533.344963699639	     3.23407e-15
6534.314800520797	    3.245234e-15
6535.284637341954	   3.2144648e-15
6536.254474163111	   3.1669482e-15
6537.224310984268	   3.2813688e-15
6538.194147805426	   3.2998115e-15
6539.163984626583	    3.214694e-15
6540.133821447741	   3.2535982e-15
6541.1036582688985	    3.281461e-15
6542.073495090056	   3.2483184e-15
6543.0433319112135	   3.2075668e-15
6544.013168732371	   3.2216354e-15
6544.9830055535285	   3.2308755e-15
6545.952842374686	   3.2994921e-15
6546.922679195844	   3.2724445e-15
6547.892516017001	   3.2371702e-15
6548.862352838159	   3.1974494e-15
6549.832189659316	   3.2395444e-15
6550.802026480473	    3.209494e-15
6551.77186330163	     3.18481e-15
6552.741700122788	   3.1638137e-15
6553.711536943945	   3.1428825e-15
6554.681373765103	   3.1881888e-15
6555.65121058626	   3.1754513e-15
6556.621047407418	   3.1796156e-15
6557.590884228575	    3.158642e-15
6558.560721049733	   3.1590056e-15
6559.53055787089	    3.180764e-15
6560.500394692048	   3.1138295e-15
6561.470231513205	    3.127249e-15
6562.440068334363	   3.1538376e-15
6563.40990515552	   3.0929999e-15
6564.379741976678	   3.1001952e-15
6565.349578797835	   3.1275461e-15
6566.319415618993	   3.1409204e-15
6567.28925244015	   3.1594164e-15
6568.259089261308	    3.164644e-15
6569.228926082465	   3.1270942e-15
6570.198762903622	   3.1326692e-15
6571.16859972478	   3.1740326e-15
6572.138436545937	   3.1362077e-15
6573.108273367095	   3.1450247e-15
6574.078110188252	   3.1386846e-15
6575.04794700941	   3.1259787e-15
6576.017783830567	   3.1099615e-15
6576.987620651725	   3.0900886e-15
6577.957457472882	   3.0989238e-15
6578.92729429404	   3.0818165e-15
6579.897131115197	   3.0257779e-15
6580.866967936355	     3.04681e-15
6581.836804757512	    3.087221e-15
6582.80664157867	   3.0435423e-15
6583.776478399826	   2.9906436e-15
6584.746315220984	   2.9870354e-15
6585.716152042141	   3.0282296e-15
6586.685988863299	   2.9895956e-15
6587.655825684456	    3.005949e-15
6588.625662505614	   3.0525047e-15
6589.5954993267715	   3.0092461e-15
6590.565336147929	   2.9867667e-15
6591.5351729690865	   3.0015244e-15
6592.505009790244	   3.0232205e-15
6593.4748466114015	    3.020477e-15
6594.444683432559	   3.0270732e-15
6595.414520253717	   2.9951034e-15
6596.384357074874	   2.9710187e-15
6597.354193896032	   3.0357697e-15
6598.324030717189	   3.0455197e-15
6599.293867538347	   3.0346844e-15
6600.263704359504	   3.0134332e-15
6601.233541180662	   3.0141113e-15
6602.203378001818	   3.0190977e-15
6603.173214822976	   2.9960235e-15
6604.143051644133	   2.9795479e-15
6605.112888465291	   2.9655068e-15
6606.082725286448	   2.9520225e-15
6607.052562107606	   2.9214933e-15
6608.022398928763	    2.925493e-15
6608.992235749921	   2.9434871e-15
6609.962072571078	   2.9406276e-15
6610.931909392236	   2.9251228e-15
6611.901746213393	    2.883771e-15
6612.871583034551	   2.8795605e-15
6613.841419855708	    2.875439e-15
6614.811256676866	   2.8629286e-15
6615.781093498023	    2.868003e-15
6616.75093031918	   2.8608756e-15
6617.720767140338	   2.8863118e-15
6618.690603961495	   2.9012998e-15
6619.660440782653	   2.9056375e-15
6620.63027760381	   2.8981258e-15
6621.600114424968	   2.8923592e-15
6622.569951246125	   2.9248638e-15
6623.539788067283	   2.9020228e-15
6624.50962488844	   2.8648842e-15
6625.479461709598	   2.8581026e-15
6626.449298530755	   2.8700795e-15
6627.419135351913	   2.8592724e-15
6628.38897217307	   2.8568007e-15
6629.358808994228	   2.8441471e-15
6630.328645815385	   2.8526268e-15
6631.298482636543	   2.8259473e-15
 6632.2683194577	   2.8260793e-15
6633.238156278858	    2.798175e-15
6634.207993100015	   2.7581517e-15
6635.177829921172	   2.7246403e-15
6636.147666742329	   2.7395714e-15
6637.117503563487	    2.782562e-15
6638.087340384644	   2.7370832e-15
6639.057177205802	   2.7129447e-15
6640.0270140269595	   2.7502774e-15
6640.996850848117	   2.7633442e-15
6641.9666876692745	    2.712015e-15
6642.936524490432	    2.677749e-15
6643.9063613115895	   2.7117825e-15
6644.876198132747	   2.7572464e-15
6645.846034953905	   2.7230947e-15
6646.815871775062	    2.703508e-15
6647.78570859622	   2.7689897e-15
6648.755545417377	   2.7450758e-15
6649.725382238534	   2.6920859e-15
6650.695219059691	   2.6833205e-15
6651.665055880849	   2.7284733e-15
6652.634892702006	   2.7200509e-15
6653.604729523164	    2.671309e-15
6654.574566344321	   2.6573626e-15
6655.544403165479	   2.6901013e-15
6656.514239986636	   2.7040712e-15
6657.484076807794	   2.7004901e-15
6658.453913628951	    2.631714e-15
6659.423750450109	   2.6370139e-15
6660.393587271266	     2.62573e-15
6661.363424092424	   2.6183116e-15
6662.333260913581	    2.620883e-15
6663.303097734739	   2.5885778e-15
6664.272934555896	   2.5571448e-15
6665.242771377054	   2.6063555e-15
6666.2126081982115	   2.6158143e-15
6667.182445019369	    2.586147e-15
6668.152281840526	    2.568718e-15
6669.122118661683	   2.6174652e-15
6670.091955482841	   2.6255465e-15
6671.061792303998	   2.6086516e-15
6672.031629125156	   2.5902085e-15
6673.001465946313	    2.614773e-15
6673.971302767471	    2.647482e-15
6674.941139588628	   2.6549697e-15
6675.910976409786	   2.5991109e-15
6676.880813230943	   2.6026438e-15
6677.850650052101	    2.635681e-15
6678.820486873258	   2.6178894e-15
6679.790323694416	   2.5806678e-15
6680.760160515573	   2.5751119e-15
6681.729997336731	   2.6021894e-15
6682.699834157887	   2.5694137e-15
6683.669670979045	   2.5681431e-15
6684.639507800202	    2.533751e-15
6685.60934462136	   2.5550563e-15
6686.579181442517	   2.5296641e-15
6687.549018263675	   2.4958262e-15
6688.5188550848325	   2.4929833e-15
6689.48869190599	    2.472383e-15
6690.4585287271475	   2.4754733e-15
6691.428365548305	   2.4779932e-15
6692.3982023694625	    2.451578e-15
6693.36803919062	   2.4717866e-15
6694.337876011778	   2.4508384e-15
6695.307712832935	   2.4571242e-15
6696.277549654093	    2.456972e-15
6697.24738647525	   2.4275556e-15
6698.217223296408	   2.4058855e-15
6699.187060117565	   2.4571526e-15
6700.156896938723	   2.4407659e-15
6701.126733759879	    2.396799e-15
6702.096570581037	   2.4295228e-15
6703.066407402194	   2.4566139e-15
6704.036244223352	    2.466957e-15
6705.006081044509	   2.4448441e-15
6705.975917865667	    2.453521e-15
6706.945754686824	   2.4632214e-15
6707.915591507982	   2.4383461e-15
6708.885428329139	   2.4224115e-15
6709.855265150297	    2.413951e-15
6710.825101971454	   2.3731695e-15
6711.794938792612	   2.3763073e-15
6712.764775613769	   2.4113645e-15
6713.734612434927	    2.380002e-15
6714.704449256084	    2.321248e-15
6715.674286077241	   2.3601989e-15
6716.644122898399	    2.348978e-15
6717.613959719556	   2.3506234e-15
6718.583796540714	   2.3154692e-15
6719.553633361871	   2.2903557e-15
6720.523470183029	   2.2813812e-15
6721.493307004186	   2.3211515e-15
6722.463143825344	   2.2798845e-15
6723.432980646501	   2.2384072e-15
6724.402817467659	   2.2410713e-15
6725.372654288816	   2.2804134e-15
6726.342491109974	   2.2834655e-15
6727.312327931131	   2.2754447e-15
6728.282164752289	   2.2552856e-15
6729.252001573446	    2.259323e-15
6730.221838394604	   2.2284603e-15
6731.191675215761	   2.2261544e-15
6732.161512036919	   2.2284245e-15
6733.131348858076	    2.249874e-15
6734.101185679233	   2.2357373e-15
6735.07102250039	    2.245658e-15
6736.040859321548	   2.2270275e-15
6737.0106961427055	   2.2080599e-15
6737.980532963863	   2.2284067e-15
6738.9503697850205	   2.2539064e-15
6739.920206606178	   2.2497066e-15
6740.8900434273355	   2.2319058e-15
6741.859880248493	   2.2589996e-15
6742.8297170696505	   2.2292577e-15
6743.799553890808	   2.2209473e-15
6744.769390711966	   2.2095881e-15
6745.739227533123	   2.1865804e-15
6746.709064354281	    2.157071e-15
6747.678901175438	    2.175915e-15
6748.648737996595	   2.1508036e-15
6749.618574817752	   2.1393693e-15
6750.58841163891	   2.1548004e-15
6751.558248460067	    2.147412e-15
6752.528085281225	   2.1363492e-15
6753.497922102382	   2.0933848e-15
6754.46775892354	   2.1137102e-15
6755.437595744697	    2.109909e-15
6756.407432565855	   2.0906304e-15
6757.377269387012	   2.0815752e-15
6758.34710620817	   2.0647468e-15
6759.316943029327	   2.0954083e-15
6760.286779850485	    2.090139e-15
6761.256616671642	   2.0671113e-15
 6762.2264534928	   2.0860926e-15
6763.196290313957	   2.0642472e-15
6764.166127135115	    2.057695e-15
6765.1359639562725	   2.0479702e-15
6766.10580077743	    2.064017e-15
6767.0756375985875	   2.0773409e-15
6768.045474419744	   2.0484981e-15
6769.015311240902	   2.0840723e-15
6769.985148062059	   2.0707169e-15
6770.954984883217	   2.0495987e-15
6771.924821704374	    2.044546e-15
6772.894658525532	   2.0690334e-15
6773.864495346689	   2.0684888e-15
6774.834332167847	   2.0742916e-15
6775.804168989004	   2.0796605e-15
6776.774005810162	    2.082314e-15
6777.743842631319	   2.0854739e-15
6778.713679452477	   2.0712636e-15
6779.683516273634	   2.0523574e-15
6780.653353094792	   2.0578341e-15
6781.623189915948	   2.0429647e-15
6782.593026737106	    2.033554e-15
6783.562863558263	   2.0540805e-15
6784.532700379421	    2.018863e-15
6785.502537200578	   2.0152386e-15
6786.472374021736	   2.0311776e-15
6787.4422108428935	   2.0120567e-15
6788.412047664051	    1.992442e-15
6789.3818844852085	   1.9891156e-15
6790.351721306366	   2.0141042e-15
6791.3215581275235	   1.9890006e-15
6792.291394948681	   1.9988093e-15
6793.261231769839	   2.0033104e-15
6794.231068590996	   1.9878718e-15
6795.200905412154	    1.974372e-15
6796.170742233311	   1.9891726e-15
6797.140579054469	   1.9796992e-15
6798.110415875626	   1.9608628e-15
6799.080252696784	    1.959861e-15
6800.050089517941	   1.9586155e-15
6801.019926339098	    1.958374e-15
6801.989763160255	   1.9570474e-15
6802.959599981413	   1.9684648e-15
6803.92943680257	   2.0104253e-15
6804.899273623728	   1.9856885e-15
6805.869110444885	    1.978868e-15
6806.838947266043	   1.9782325e-15
 6807.8087840872	   1.9730538e-15
6808.778620908358	    1.977059e-15
6809.748457729515	   1.9621715e-15
6810.718294550673	   1.9687623e-15
6811.68813137183	   1.9704352e-15
6812.657968192988	   1.9669416e-15
6813.627805014145	    1.979273e-15
6814.597641835302	   1.9627043e-15
6815.56747865646	   1.9420039e-15
6816.537315477617	   1.9549925e-15
6817.507152298775	   1.9348579e-15
6818.476989119932	   1.9289875e-15
6819.44682594109	   1.9148059e-15
6820.416662762247	   1.8932135e-15
6821.386499583405	   1.8796887e-15
6822.356336404562	   1.8790543e-15
6823.32617322572	   1.9143542e-15
6824.296010046877	    1.892495e-15
6825.265846868035	   1.8762394e-15
6826.235683689192	   1.8779942e-15
6827.20552051035	   1.8537064e-15
6828.175357331507	   1.8455416e-15
6829.145194152665	   1.8729832e-15
6830.115030973822	   1.8667033e-15
6831.08486779498	    1.863456e-15
6832.054704616137	    1.900545e-15
6833.024541437295	   1.9150498e-15
6833.994378258451	   1.9184305e-15
6834.964215079609	    1.921671e-15
6835.9340519007665	   1.8996997e-15
6836.903888721924	   1.8888794e-15
6837.8737255430815	   1.9115789e-15
6838.843562364239	    1.896051e-15
6839.8133991853965	   1.8778456e-15
6840.783236006554	     1.88191e-15
6841.753072827712	   1.8618909e-15
6842.722909648869	   1.8542798e-15
6843.692746470027	   1.8615887e-15
6844.662583291184	   1.8637664e-15
6845.632420112342	    1.840293e-15
6846.602256933499	   1.8391715e-15
6847.572093754657	    1.845569e-15
6848.541930575813	   1.8396446e-15
6849.511767396971	    1.833763e-15
6850.481604218128	   1.8211844e-15
6851.451441039286	   1.8294567e-15
6852.421277860443	    1.835867e-15
6853.391114681601	   1.8252927e-15
6854.360951502758	   1.8227376e-15
6855.330788323916	   1.8304786e-15
6856.300625145073	    1.822045e-15
6857.270461966231	   1.8188485e-15
6858.240298787388	   1.8267805e-15
6859.210135608546	   1.8391681e-15
6860.179972429703	    1.855242e-15
6861.149809250861	   1.8633505e-15
6862.119646072018	   1.8556758e-15
6863.089482893176	   1.8592098e-15
6864.0593197143335	   1.8624097e-15
6865.029156535491	    1.858668e-15
6865.9989933566485	    1.836609e-15
6866.968830177805	   1.6033964e-15
6867.938666998963	    1.223526e-15
6868.90850382012	   1.0551211e-15
6869.878340641278	   1.1530629e-15
6870.848177462435	   1.2488015e-15
6871.818014283593	   1.2389365e-15
6872.78785110475	   1.2559275e-15
6873.757687925908	   1.3023544e-15
6874.727524747065	    1.342645e-15
6875.697361568223	   1.4057366e-15
6876.66719838938	   1.4421653e-15
6877.637035210538	   1.4648903e-15
6878.606872031695	   1.5261911e-15
6879.576708852853	   1.5704162e-15
6880.54654567401	   1.6665848e-15
6881.516382495167	   1.7845394e-15
6882.486219316324	   1.8049963e-15
6883.456056137482	   1.7332438e-15
6884.425892958639	   1.6915562e-15
6885.395729779797	   1.6681728e-15
6886.3655666009545	   1.5660682e-15
6887.335403422112	   1.6086388e-15
6888.3052402432695	   1.6607414e-15
6889.275077064427	   1.5288104e-15
6890.2449138855845	   1.5461617e-15
6891.214750706742	   1.7040053e-15
 6892.1845875279	    1.637187e-15
6893.154424349057	   1.5219586e-15
6894.124261170215	   1.6356958e-15
6895.094097991372	   1.7254828e-15
6896.06393481253	   1.5614725e-15
6897.033771633687	   1.4999236e-15
6898.003608454845	   1.6599055e-15
6898.973445276002	   1.7246653e-15
6899.943282097159	   1.5832475e-15
6900.913118918316	   1.5179212e-15
6901.882955739474	   1.6627561e-15
6902.852792560631	   1.7516694e-15
6903.822629381789	   1.6263512e-15
6904.792466202946	   1.5305504e-15
6905.762303024104	   1.6227922e-15
6906.732139845261	    1.746707e-15
6907.701976666419	   1.7402813e-15
6908.671813487576	   1.6099073e-15
6909.641650308734	   1.5731885e-15
6910.611487129891	   1.7060768e-15
6911.581323951049	   1.8011586e-15
6912.5511607722065	   1.7512644e-15
6913.520997593364	    1.631553e-15
6914.490834414521	   1.6368072e-15
6915.460671235678	    1.752417e-15
6916.430508056836	   1.7773917e-15
6917.400344877993	   1.7475033e-15
6918.370181699151	   1.6718608e-15
6919.340018520308	   1.6888574e-15
6920.309855341466	   1.7660405e-15
6921.279692162623	   1.7887098e-15
6922.249528983781	   1.7595643e-15
6923.219365804938	   1.6804305e-15
6924.189202626096	   1.6507318e-15
6925.159039447253	   1.7215325e-15
6926.128876268411	   1.7694833e-15
6927.098713089568	   1.7508046e-15
6928.068549910726	    1.708617e-15
6929.038386731883	   1.6175604e-15
6930.008223553041	   1.5891124e-15
6930.978060374198	   1.6714424e-15
6931.947897195356	   1.6883516e-15
6932.917734016512	   1.6430805e-15
6933.88757083767	   1.6078938e-15
6934.8574076588275	    1.614754e-15
6935.827244479985	    1.659055e-15
6936.7970813011425	   1.6581933e-15
 6937.7669181223	   1.6519545e-15
6938.7367549434575	   1.6346266e-15
6939.706591764615	   1.6023179e-15
6940.676428585773	   1.5771537e-15
6941.64626540693	   1.5986507e-15
6942.616102228088	   1.6260995e-15
6943.585939049245	    1.648456e-15
6944.555775870403	   1.6901938e-15
6945.52561269156	   1.7317121e-15
6946.495449512718	   1.6900583e-15
6947.465286333874	   1.6192153e-15
6948.435123155032	   1.5982046e-15
6949.404959976189	    1.656707e-15
6950.374796797347	    1.689938e-15
6951.344633618504	    1.682572e-15
6952.314470439662	   1.6791724e-15
6953.284307260819	   1.6482735e-15
6954.254144081977	   1.6608956e-15
6955.223980903134	   1.6276177e-15
6956.193817724292	   1.5277117e-15
6957.163654545449	   1.5451269e-15
6958.133491366607	   1.6146047e-15
6959.103328187764	   1.6032109e-15
6960.073165008922	   1.5819135e-15
6961.043001830079	    1.560711e-15
6962.012838651237	   1.5662255e-15
6962.9826754723945	   1.6250529e-15
6963.952512293552	   1.6357273e-15
6964.9223491147095	   1.6169441e-15
6965.892185935866	   1.6621865e-15
6966.862022757024	   1.6836726e-15
6967.831859578181	    1.672937e-15
6968.801696399339	   1.6666834e-15
6969.771533220496	   1.6401242e-15
6970.741370041654	   1.6458929e-15
6971.711206862811	   1.6359328e-15
6972.681043683969	   1.6532506e-15
6973.650880505126	   1.6659691e-15
6974.620717326284	   1.6497636e-15
6975.590554147441	   1.6260523e-15
6976.560390968599	   1.6102696e-15
6977.530227789756	   1.6233293e-15
6978.500064610914	   1.6219086e-15
6979.469901432071	   1.6031364e-15
6980.439738253228	   1.5773341e-15
6981.409575074385	   1.5593202e-15
6982.379411895543	   1.5640553e-15
6983.3492487167005	   1.5680071e-15
6984.319085537858	   1.5856106e-15
6985.2889223590155	   1.5590638e-15
6986.258759180173	   1.5294336e-15
6987.2285960013305	   1.5391257e-15
6988.198432822488	   1.5240243e-15
6989.1682696436455	   1.5121406e-15
6990.138106464803	    1.567936e-15
6991.107943285961	   1.5731349e-15
6992.077780107118	     1.57074e-15
6993.047616928276	   1.5739258e-15
6994.017453749433	   1.5503142e-15
6994.987290570591	   1.5916127e-15
6995.957127391748	   1.6143531e-15
6996.926964212906	   1.5934493e-15
6997.896801034063	   1.5391369e-15
6998.86663785522	   1.5082967e-15
6999.836474676377	   1.5371836e-15
7000.806311497535	   1.5470719e-15
7001.776148318692	   1.5285229e-15
7002.74598513985	   1.5238963e-15
7003.715821961007	   1.4911358e-15
7004.685658782165	   1.4418928e-15
7005.655495603322	   1.4715371e-15
7006.62533242448	   1.5177208e-15
7007.595169245637	   1.5022198e-15
7008.565006066795	    1.517733e-15
7009.534842887952	   1.5061125e-15
7010.50467970911	    1.502576e-15
7011.4745165302675	   1.5170875e-15
7012.444353351425	   1.5333891e-15
7013.414190172582	    1.550969e-15
7014.384026993739	   1.5322297e-15
7015.353863814897	   1.4916383e-15
7016.323700636054	   1.5013691e-15
7017.293537457212	   1.5541793e-15
7018.263374278369	   1.5383273e-15
7019.233211099527	   1.5403987e-15
7020.203047920684	   1.5218763e-15
7021.172884741842	   1.5051743e-15
7022.142721562999	   1.4965398e-15
7023.112558384157	   1.4761331e-15
7024.082395205314	   1.4909146e-15
7025.052232026472	   1.4829221e-15
7026.022068847629	   1.4228693e-15
7026.991905668787	   1.3832793e-15
7027.961742489944	   1.4347738e-15
7028.931579311102	   1.4583354e-15
7029.901416132259	   1.4901691e-15
7030.871252953417	   1.5030322e-15
7031.841089774574	    1.500179e-15
7032.810926595731	   1.5109217e-15
7033.7807634168885	   1.5265563e-15
7034.750600238046	   1.5310162e-15
7035.7204370592035	   1.5203036e-15
7036.690273880361	    1.496804e-15
7037.6601107015185	   1.4992593e-15
7038.629947522676	   1.4773501e-15
7039.599784343834	   1.4710584e-15
7040.569621164991	   1.5085516e-15
7041.539457986149	   1.5161432e-15
7042.509294807306	   1.4868767e-15
7043.479131628464	   1.4663832e-15
7044.448968449621	   1.4682205e-15
7045.418805270778	   1.4788022e-15
7046.388642091935	   1.4479441e-15
7047.358478913093	   1.4618371e-15
7048.32831573425	    1.442426e-15
7049.298152555408	   1.4292763e-15
7050.267989376565	   1.4336407e-15
7051.237826197723	   1.4482607e-15
7052.20766301888	   1.4543375e-15
7053.177499840038	   1.4581891e-15
7054.147336661195	    1.466401e-15
7055.117173482353	    1.472308e-15
7056.08701030351	   1.4803303e-15
7057.056847124668	   1.5099859e-15
7058.026683945825	   1.4999871e-15
7058.996520766983	   1.5016257e-15
7059.96635758814	   1.5026884e-15
7060.936194409298	   1.5121356e-15
7061.9060312304555	   1.4822213e-15
7062.875868051613	    1.483048e-15
7063.8457048727705	   1.4847571e-15
7064.815541693928	   1.4639206e-15
7065.785378515085	   1.4891546e-15
7066.755215336242	   1.4749603e-15
 7067.7250521574	   1.4715553e-15
7068.694888978557	   1.4712893e-15
7069.664725799715	    1.465053e-15
7070.634562620872	   1.4688719e-15
7071.60439944203	    1.465288e-15
7072.574236263187	   1.4700927e-15
7073.544073084345	   1.4788036e-15
7074.513909905502	   1.4919042e-15
7075.48374672666	   1.4980428e-15
7076.453583547817	   1.5180214e-15
7077.423420368975	    1.489849e-15
7078.393257190131	   1.5141612e-15
7079.363094011289	   1.5241063e-15
7080.332930832446	   1.5184587e-15
7081.302767653604	   1.5343307e-15
7082.2726044747615	   1.5189659e-15
7083.242441295919	   1.5178343e-15
7084.2122781170765	   1.4876038e-15
7085.182114938234	   1.4736734e-15
7086.1519517593915	   1.4685703e-15
7087.121788580549	   1.4606392e-15
7088.091625401707	   1.4720594e-15
7089.061462222864	   1.4555223e-15
7090.031299044022	   1.4770802e-15
7091.001135865179	   1.5085834e-15
7091.970972686337	    1.505265e-15
7092.940809507494	   1.5089921e-15
7093.910646328652	   1.5269967e-15
7094.880483149809	   1.5342981e-15
7095.850319970967	   1.5426178e-15
7096.820156792124	   1.5572991e-15
7097.789993613282	   1.5278224e-15
7098.759830434438	   1.5044915e-15
7099.729667255596	   1.5076733e-15
7100.699504076753	   1.5177966e-15
7101.669340897911	   1.5056521e-15
7102.639177719068	   1.4993514e-15
7103.609014540226	   1.5091568e-15
7104.578851361383	   1.4999246e-15
7105.548688182541	   1.4960438e-15
7106.518525003698	   1.4996418e-15
7107.488361824856	   1.5138538e-15
7108.458198646013	   1.5288212e-15
7109.428035467171	   1.5472703e-15
7110.3978722883285	   1.5915105e-15
7111.367709109485	   1.5788199e-15
7112.337545930643	   1.5806864e-15
 7113.3073827518	   1.5854619e-15
7114.277219572958	   1.5515401e-15
7115.247056394115	   1.5647024e-15
7116.216893215273	   1.5449365e-15
7117.18673003643	   1.5273652e-15
7118.156566857588	   1.5576126e-15
7119.126403678745	   1.5771399e-15
7120.096240499903	   1.5660405e-15
7121.06607732106	   1.5888465e-15
7122.035914142218	   1.5872556e-15
7123.005750963375	    1.592858e-15
7123.975587784533	    1.622982e-15
7124.94542460569	    1.653058e-15
7125.915261426848	   1.6211065e-15
7126.885098248005	   1.6226591e-15
7127.854935069163	   1.6032581e-15
7128.82477189032	   1.6105435e-15
7129.794608711478	   1.6058839e-15
7130.764445532635	    1.602205e-15
7131.734282353792	   1.6512387e-15
7132.7041191749495	   1.6915757e-15
7133.673955996107	   1.6887329e-15
7134.6437928172645	   1.6847915e-15
7135.613629638422	    1.659815e-15
7136.5834664595795	   1.6457389e-15
7137.553303280737	   1.6579971e-15
7138.523140101895	    1.696426e-15
7139.492976923052	   1.6930903e-15
7140.46281374421	   1.6941208e-15
7141.432650565367	   1.6940798e-15
7142.402487386525	   1.6701671e-15
7143.372324207682	   1.6926627e-15
7144.342161028839	   1.7236458e-15
7145.311997849996	   1.7389001e-15
7146.281834671154	   1.7042212e-15
7147.251671492311	   1.6814776e-15
7148.221508313469	   1.7229231e-15
7149.191345134626	   1.7482163e-15
7150.161181955784	    1.717122e-15
7151.131018776941	   1.7539291e-15
7152.100855598099	   1.7450556e-15
7153.070692419256	   1.7347701e-15
7154.040529240414	   1.8063223e-15
7155.010366061571	   1.7793647e-15
7155.980202882729	   1.7720396e-15
7156.950039703886	   1.7785242e-15
7157.919876525044	   1.7665752e-15
7158.8897133462015	   1.8301754e-15
7159.859550167359	   1.7701819e-15
7160.8293869885165	   2.0371668e-15
7161.799223809674	   4.4654175e-15
