SN2021fxy 0.0094 198.256560801 -19.5125038193
filter Us
59290.85742999986 17.6328 0.0565
59290.86120999977 17.6279 0.0551
59291.06568 17.5258 0.054
59291.38933000015 17.2496 0.0611
59291.39195000008 17.1407 0.0552
59291.94828000013 16.6854 0.043
59291.95091000013 16.6661 0.0415
59292.88777999999 15.9399 0.0419
59293.08719999995 15.779 0.0355
59293.08986000018 15.8253 0.0371
59293.29155999981 15.7137 0.057
59294.09296000004 15.2293 0.053
59294.35118999984 15.0574 0.0375
59294.35380999977 15.0895 0.033
59294.831650000066 14.8239 0.0386
59294.83428000007 14.811 0.0378
59295.14975999994 14.8244 0.04
59295.15236999979 14.8392 0.0388
59295.22831000015 14.8047 0.0346
59295.22965000011 14.7717 0.0389
59295.89118999988 14.4512 0.0416
59295.89252999984 14.4185 0.041
59296.10472999979 14.3674 0.0387
59296.10607999982 14.387 0.0383
59297.1391400001 14.212 0.0383
59297.14048000006 14.245 0.0334
59299.10970999999 13.9437 0.034
59299.1110700001 13.9313 0.0353
59301.545959999785 13.7254 0.0423
59301.547319999896 13.7498 0.0406
59304.873610000126 13.6785 0.0404
59304.874950000085 13.7147 0.0445
59306.83721000003 13.7816 0.0388
59306.83856000006 13.7441 0.04
59307.73950000014 13.8659 0.0398
59307.74085000018 13.8217 0.0378
59310.34769999981 14.0098 0.0338
59310.349049999844 14.0339 0.0347
59312.26431 14.1746 0.0422
59312.265660000034 14.1249 0.0385
59313.49328000005 14.2233 0.0368
59316.80582999997 14.5965 0.05
59316.80718 14.5831 0.0483
59322.12877999991 15.4322 0.0445
59322.13011999987 15.4213 0.0494
59337.48830999993 16.8989 0.0426
59337.49000000022 16.9658 0.0528
59342.1439100001 17.1168 0.0686
filter Bs
59291.07340000011 17.1001 0.04
59291.07602000004 17.1172 0.0389
59291.3947399999 17.0504 0.0272
59291.39642000012 17.0463 0.0269
59291.95368999988 16.546 0.0283
59291.955380000174 16.5361 0.0292
59292.26475000009 16.1984 0.0256
59292.266449999996 16.2167 0.0274
59293.09267999977 15.7437 0.0226
59293.0944099999 15.748 0.0232
59294.09575999994 15.3967 0.0234
59294.09744999977 15.384 0.0227
59294.35662000021 15.1812 0.0229
59294.35831000004 15.1769 0.023
59294.837090000045 15.0744 0.0286
59294.838779999875 15.0627 0.0276
59295.231230000034 14.926 0.0252
59295.23229000019 14.9203 0.0221
59295.89404000016 14.7699 0.0282
59295.89503999986 14.773 0.0288
59296.10760000022 14.7566 0.0347
59296.10859999992 14.7092 0.0272
59297.14201000007 14.4789 0.023
59297.14301000023 14.4829 0.0243
59299.11257999996 14.2453 0.0233
59299.1135900002 14.2208 0.0251
59301.548849999905 14.1143 0.0245
59301.549860000145 14.1222 0.0244
59304.87647000002 14.0067 0.0309
59304.87747000018 14.0064 0.0307
59306.84011999983 14.0488 0.0263
59306.84113000007 14.0502 0.0265
59307.742380000185 14.0892 0.0231
59307.74338999996 14.0886 0.0245
59310.35056999978 14.154 0.0231
59310.35158000002 14.1578 0.023
59312.267179999966 14.2995 0.0237
59313.4961600001 14.3574 0.0234
59313.497159999795 14.3958 0.027
59316.808739999775 14.5828 0.0411
59322.13163000019 15.2631 0.0269
59322.13263999997 15.2684 0.0271
59326.21476999996 15.7381 0.0279
59326.215770000126 15.7359 0.0272
59332.169079999905 16.2767 0.0306
59332.17008000007 16.2582 0.0308
59337.4918800001 16.6953 0.0256
59337.49323000014 16.6891 0.0233
59342.14576000022 16.919 0.0253
59342.14710000018 16.9346 0.0255
filter Vs
59291.39827999985 16.399 0.0264
59291.39961999981 16.3753 0.0262
59291.95724999998 16.1019 0.0331
59291.95861000009 16.0937 0.0364
59292.26831000019 15.6113 0.0281
59292.269669999834 15.6323 0.0278
59293.09628999978 15.3977 0.0237
59293.097649999894 15.4471 0.0256
59294.09932000004 15.0997 0.0249
59294.10067000007 15.097 0.0248
59294.36017999984 15.0113 0.0243
59294.36152999988 15.0035 0.0243
59294.84062999999 14.797 0.0344
59294.8419900001 14.8676 0.031
59295.158710000105 14.8127 0.0268
59295.160050000064 14.8191 0.0259
59295.23347999994 14.7222 0.0277
59295.234240000136 14.704 0.0295
59295.89620999992 14.6328 0.0314
59295.896980000194 14.6347 0.0324
59296.10979000013 14.6475 0.0368
59296.11053999979 14.6627 0.0388
59297.144189999904 14.3561 0.0253
59297.1448400002 14.3688 0.0278
59299.114779999945 14.1033 0.0273
59299.11542000016 14.0979 0.032
59301.55104999989 13.9258 0.0266
59301.551700000186 13.9281 0.0262
59304.87863999978 13.8617 0.0325
59304.87929000007 13.8644 0.0328
59306.842300000135 13.8258 0.028
59306.84294999996 13.8322 0.0268
59307.7445700001 13.8389 0.0252
59307.74523 13.845 0.0257
59310.352760000154 13.8813 0.0253
59310.353399999905 13.8702 0.0248
59312.2693599998 14.0074 0.0278
59312.26998999994 14.0034 0.0273
59313.49832999986 14.042 0.0271
59313.49897000007 14.0509 0.0292
59316.81091 14.1824 0.0417
59316.81155999983 14.1871 0.0418
59322.13381000003 14.5711 0.0289
59322.13444999978 14.5835 0.0278
59326.2169499998 14.7752 0.0298
59326.21760000009 14.7334 0.0256
59332.17125000013 15.0837 0.0273
59337.49475000007 15.4389 0.0268
59337.495759999845 15.5137 0.0271
59342.148630000185 15.7203 0.0252
59342.14963999996 15.7597 0.0264
filter g_s
59290.87681999989 16.5034 0.0362
59291.082380000036 16.6967 0.0268
59291.08501000004 16.713 0.0263
59291.401140000205 16.6526 0.0155
59291.402830000035 16.6782 0.0161
59291.96181999985 16.2661 0.0332
59292.27289000014 15.8835 0.0187
59293.09916999983 15.4709 0.0137
59293.10086000012 15.4867 0.0132
59294.10220000008 15.2079 0.0118
59294.10388999991 15.207 0.0111
59294.36305999989 15.0271 0.0132
59294.36482999986 15.0331 0.0131
59294.84352000011 14.8823 0.0181
59294.84520999994 14.8446 0.0154
59295.16158000007 14.8829 0.0129
59295.16325999983 14.8831 0.0132
59295.23517000023 14.7508 0.0143
59295.23618000001 14.7482 0.0146
59295.8979199999 14.6411 0.0257
59296.11147999996 14.6042 0.0313
59296.1124900002 14.5946 0.0263
59297.14565999992 14.3066 0.014
59297.14672000008 14.3041 0.0136
59299.11624999996 14.0429 0.0143
59299.11724000005 14.0397 0.0148
59301.55251999991 13.9182 0.0147
59304.880109999795 13.8559 0.0277
59304.881120000035 13.8372 0.0275
59306.84377000015 13.8415 0.0178
59306.84477999993 13.8509 0.0175
59307.746040000115 13.9046 0.0161
59307.747059999965 13.8977 0.0163
59310.35423000017 13.8914 0.0123
59310.35522999987 13.9053 0.0129
59312.27082000021 14.1218 0.0144
59312.27180999983 14.118 0.014
59313.50080000004 14.1243 0.0202
59316.81236999994 14.272 0.0345
59316.81338000018 14.2787 0.0449
59322.135280000046 14.8423 0.018
59322.13628000021 14.8329 0.0193
59326.21842999989 15.2529 0.0156
59326.219430000056 15.2314 0.0136
59332.17271000007 15.806 0.0178
59332.173719999846 15.7919 0.019
59337.49693999998 16.2549 0.0154
59337.498300000094 16.2669 0.0135
59342.150799999945 16.4515 0.0246
59342.15214999998 16.4848 0.0146
filter r_s
59291.08949000016 16.4005 0.0339
59291.406049999874 16.4449 0.0159
59291.963680000044 16.1578 0.0348
59291.96503000008 16.1501 0.0339
59292.27610999998 15.6082 0.0264
59293.102729999926 15.5281 0.0165
59293.10407999996 15.4703 0.0174
59294.105750000104 15.154 0.0136
59294.10710000014 15.1908 0.0133
59294.36670000013 15.1179 0.0169
59294.368050000165 15.1178 0.016
59294.84708000021 14.9359 0.0295
59294.848439999856 14.9305 0.0192
59295.16514000017 14.8758 0.0155
59295.16648000013 14.8638 0.0166
59295.23735000007 14.8611 0.0191
59295.2381099998 14.8769 0.0163
59296.11369000003 14.7719 0.0379
59296.11445000023 14.7793 0.0316
59297.14794000005 14.4902 0.015
59299.11909999978 14.2272 0.0179
59301.55470000021 14.0601 0.0171
59301.555360000115 14.0359 0.0166
59304.88231999986 13.9986 0.031
59304.88297000015 13.9968 0.0298
59306.84597000014 13.9829 0.0244
59306.84661999997 13.9758 0.024
59307.74825000018 13.9653 0.0202
59307.748900000006 13.9622 0.0183
59310.35639999993 14.0123 0.0163
59310.357059999835 14.0225 0.0151
59312.27297999989 14.1287 0.0165
59312.273630000185 14.1471 0.0172
59313.501980000176 14.227 0.0257
59313.50264000008 14.2085 0.0223
59322.138110000174 14.7365 0.0205
59326.22060000012 14.8082 0.0178
59332.17488999991 14.921 0.0193
59332.1755400002 14.945 0.02
59337.49982000003 15.3383 0.0205
59337.5008299998 15.3189 0.0213
59342.15367999999 15.5776 0.0199
59342.15468000015 15.5857 0.0178
filter i_s
59291.40756999981 16.758 0.0241
59291.40891999984 16.7131 0.0261
59291.96655000001 16.405 0.0312
59291.96788999997 16.4136 0.0303
59293.106960000005 15.7432 0.0219
59294.10862000007 15.4283 0.0196
59294.10997000011 15.441 0.0202
59294.3695700001 15.338 0.0201
59294.37093000021 15.3377 0.0207
59294.84995000018 15.2292 0.0319
59294.85130000021 15.2423 0.0308
59295.16800000006 15.0823 0.0218
59295.16934000002 15.1081 0.0191
59295.239049999975 15.0994 0.0227
59295.239810000174 15.0783 0.0235
59296.11537999986 14.963 0.0327
59296.11614000006 14.9389 0.0317
59299.11990999989 14.5804 0.0246
59299.120560000185 14.5739 0.0256
59301.55621000007 14.4938 0.0213
59301.55686999997 14.4935 0.0214
59304.8837799998 14.5914 0.0326
59304.88444000017 14.5605 0.0327
59307.749720000196 14.6299 0.025
59307.7503800001 14.6231 0.0234
59310.35786999995 14.7328 0.023
59310.35852999985 14.7269 0.0215
59312.274439999834 14.7948 0.0224
59313.50345000019 14.8537 0.0268
59313.504110000096 14.8558 0.0267
59316.816010000184 15.3184 0.0613
59322.1389299999 15.1871 0.0197
59326.222070000134 15.1268 0.0219
59326.2227599998 15.1164 0.0251
59332.176359999925 14.987 0.0226
59332.17701000022 15.0016 0.0222
59337.502020000014 15.3226 0.0207
59337.50302000018 15.2839 0.0196
59342.155859999824 15.6253 0.0198
59342.15685999999 15.6181 0.0193
